sp_id	latitude	longitude
517668838	44.4042549	-104.3803694
517668573	44.2664960	-104.9560103
517661381	43.8555330	-104.2022715
517666493	44.2824530	-105.5464201
517661128	43.8511790	-104.2268905
517510920	43.4741541	-104.4868805
517661282	43.8488940	-104.1959995
517661380	43.8505370	-104.2379415
517661044	43.8541130	-104.2181095
517788457	44.6842499	-104.5990363
517661001	43.8532120	-104.2080865
517666808	44.2896430	-105.5034801
517661042	43.8452840	-104.2423095
517667252	44.2736330	-105.5159101
517498877	42.9610061	-104.3630896
517661337	43.8535630	-104.1505285
517661278	43.8292260	-104.1531625
517661064	43.8511420	-104.2311325
517668933	44.1184980	-104.4370974
517668713	44.3611300	-104.8108423
517661306	43.8556090	-104.2009325
517668942	44.0946810	-104.6191354
517503542	42.8121533	-106.3486402
517661213	43.8258300	-104.1596755
517661173	43.8522240	-104.2108265
517665654	44.3569861	-106.6983989
517661330	43.8487750	-104.1897345
517661343	43.8546250	-104.2041575
517661056	43.8404340	-104.1741015
517660992	43.8475310	-104.2104875
517661109	43.8469290	-104.2070655
517661176	43.6109660	-104.3411785
517661268	43.6036580	-104.1890456
517668952	44.1257760	-104.8775393
517668721	44.3580990	-104.8120193
517661417	43.8546250	-104.2041575
517661277	43.8547740	-104.2042695
517661050	43.8545920	-104.2046675
517661446	43.9471380	-104.8989333
517668525	44.2338130	-105.4889302
517666058	44.2563840	-105.5418831
517661257	43.8229010	-104.1629415
517503722	42.8078933	-106.3490102
517661246	43.8518440	-104.1975345
517661407	43.8534380	-104.2259775
517668959	44.1101240	-104.7591504
517661171	43.8481230	-104.1941785
517661382	43.8239460	-104.1491965
517668908	44.0515570	-104.7400024
517666654	44.2901770	-105.5040241
517661165	43.9043160	-104.1888635
517661262	43.8314320	-104.2215615
517660977	43.8558550	-104.1957945
517661184	43.8489050	-104.1960405
517669038	44.0249731	-105.3250502
517661039	43.8583220	-104.1973285
517661326	43.8476850	-104.1930515
517661159	43.8548750	-104.2122165
517660990	43.8493040	-104.1970425
517661117	43.8509120	-104.1986355
517661504	43.9586522	-104.1962203
517661249	43.8544940	-104.2042315
517661303	43.8460140	-104.2479075
517668688	44.0737619	-104.1023055
517661256	43.8237710	-104.1538705
517661405	43.8566650	-104.2027695
517661367	43.8552620	-104.2032995
517661149	43.9052960	-104.1892385
517668686	44.1721840	-104.3143774
517660986	43.8135670	-104.1659385
517668926	44.0844840	-104.6338564
517661059	43.8578270	-104.2080545
517661033	43.8481230	-104.1941785
517661402	43.8456580	-104.1819895
517661230	43.8461640	-104.1857985
517668934	44.0982950	-104.6273334
517661206	43.8525170	-104.2107945
517666627	44.2915410	-105.5194721
517661398	43.8584230	-104.1983035
517661145	43.8537660	-104.2003475
517661139	43.8457660	-104.2459495
517661387	43.8533230	-104.2047705
517661220	43.7616650	-104.0552796
517661008	43.8550150	-104.2030665
517661342	43.8182580	-104.1328895
517661074	43.8565640	-104.2027695
517661327	43.7611540	-104.0754736
517661340	43.8357140	-104.2184045
517661110	43.8229320	-104.1631875
517661010	43.7971620	-104.1701105
517661426	43.9840340	-104.4227675
517661248	43.8477930	-104.1933305
517498903	42.7574211	-104.4251466
517668921	44.0994640	-104.6279504
517661505	43.8450865	-104.2428252
517661215	43.8475310	-104.2104875
517661012	43.8547740	-104.2042695
517661253	43.8578700	-104.2059475
517661138	43.8510420	-104.2302095
517668941	44.0481350	-104.7303194
517667764	44.2890330	-105.4922801
517668891	44.1002270	-104.6259214
517660998	43.8447040	-104.2171145
517661198	43.8444350	-104.2078265
517501751	42.8335133	-106.3256602
517665220	44.3424464	-106.7061081
517788506	44.7403809	-104.8514562
517661196	43.8548980	-104.2587555
517661168	43.8562970	-104.2040275
517661240	43.8506330	-104.2380745
517661276	43.8355730	-104.2185235
517661036	43.8555220	-104.2023135
517661373	43.8551470	-104.2032725
517660993	43.8330380	-104.2248615
517668685	44.0389670	-104.0997405
517661224	43.9686230	-104.1994695
517661004	43.8501590	-104.1987455
517668955	44.1102370	-104.6172284
517664841	44.3401121	-106.7063069
517661286	43.8551080	-104.2031355
517661322	43.8577690	-104.2113055
517661377	43.5112421	-105.0485534
517661556	43.7826831	-105.2068303
517665902	44.3482611	-106.6991909
517666528	44.2826230	-105.5613101
517661406	43.8476350	-104.2460215
517661236	43.8857170	-104.1501045
517661167	43.8548510	-104.2088145
517668892	44.0994570	-104.6276494
517668946	44.0878450	-104.6080394
517661133	43.9451150	-104.1944185
517666352	44.2446531	-105.6038001
517666385	44.2888230	-105.5511301
517661205	43.8372020	-104.1683425
517661182	43.8449290	-104.2172625
517661375	43.8512000	-104.2245555
517498839	42.7626061	-104.4522306
517661091	43.8452810	-104.1840875
517661194	43.8530120	-104.2001675
517661311	43.8456750	-104.1821915
517668977	44.0895061	-104.3866057
517666408	44.2508830	-105.5340601
517669033	44.0995648	-104.6278968
517666848	44.2876530	-105.4955801
517661319	43.8551290	-104.2033185
517661360	43.8541360	-104.2053955
517668963	44.0971440	-104.6229184
517668961	44.0929060	-104.6161874
517668687	44.1346839	-104.1250345
517668815	44.4048349	-104.3819684
517660858	43.5615811	-105.6729562
517661189	43.8510300	-104.2312875
517668940	44.1095430	-104.6205464
517661034	43.8539940	-104.2061475
517669031	44.0629019	-104.7440202
517661391	43.8429370	-104.1671115
517668936	44.0988050	-104.6286184
517661287	43.8004860	-104.6448844
517661289	43.8562570	-104.2072125
517668945	44.0878450	-104.6080394
517668905	44.0994670	-104.6276714
517661370	43.8511420	-104.2311105
517661355	43.8555240	-104.2032735
517668935	44.0480330	-104.7295464
517661344	43.8546880	-104.2047405
517661363	43.9531590	-104.1966315
517661025	43.8413770	-104.1680865
517665721	44.3483161	-106.6929009
517661203	43.8487650	-104.1931135
517666356	44.1680031	-105.6518901
517661316	43.8556950	-104.2009585
517661302	43.8541010	-104.2106985
517668894	44.0997110	-104.6220424
517661115	43.8449870	-104.2427515
517666231	44.3022230	-105.5404601
517661396	43.6951890	-104.7400004
517503622	42.8148633	-106.3458802
517661076	43.8571160	-104.2046275
517788465	44.8379229	-104.8278562
517661307	43.8489220	-104.1960955
517660985	43.8510550	-104.2290195
517498875	42.7637151	-104.4509466
517666128	44.2936030	-105.5233701
517661288	43.8547260	-104.2046455
517661234	43.8919250	-104.0944215
517661323	43.8410560	-104.1679015
517668843	44.4043289	-104.3803424
517660997	43.5640160	-104.3407915
517661503	43.8450865	-104.2428252
517503094	42.8123833	-106.3412002
517661174	43.8502320	-104.2412995
517661237	43.8489110	-104.1960605
517666857	44.2803730	-105.5026901
517661207	43.8538930	-104.2063965
517661062	43.8549430	-104.2045695
517661411	43.8501090	-104.2494805
517788702	44.6887124	-104.1775705
517661279	43.8449110	-104.1827945
517661358	43.8511790	-104.2268905
517661250	43.6542880	-104.1241086
517661127	43.8461680	-104.2706035
517661274	43.8515820	-104.2244305
517661239	43.5244440	-104.1978396
517667032	44.2834530	-105.4958401
517661495	43.7568281	-105.4892972
517661067	43.8518720	-104.2123405
517661153	43.8528720	-104.2032755
517666643	44.2901770	-105.5040241
517666677	44.2921540	-105.5040711
517666544	44.2631230	-105.5265601
517661024	43.8551380	-104.2032955
517661313	43.8467530	-104.2069605
517661154	43.8525170	-104.2107945
517668913	44.0979470	-104.6244764
517661359	43.8503130	-104.2429825
517667060	44.2812130	-105.5064801
517661233	43.8946250	-104.1881765
517660983	43.8460500	-104.1888425
517668841	44.3976839	-104.3617974
517661362	43.8348320	-104.2318225
517661308	43.8536920	-104.1984975
517665637	44.3520111	-106.6990899
517668919	44.1094550	-104.6193274
517661162	43.8535040	-104.2034845
517661038	43.8514400	-104.2137745
517667953	44.2844630	-105.4857901
517661332	43.8564730	-104.2083435
517668653	44.3139160	-104.7375483
517502887	42.8174833	-106.3395002
517666962	44.2877430	-105.5179201
517661388	43.8552340	-104.2033685
517661299	43.8460500	-104.1856475
517661365	43.8445450	-104.1821455
517667144	44.2915530	-105.4943501
517664806	44.3390871	-106.7395738
517661283	43.6711170	-104.5587165
517668695	44.0931349	-104.1310495
517788413	44.5441789	-104.0800324
517661193	43.8562520	-104.1966585
517661151	43.8489150	-104.1960765
517661095	43.8575110	-104.2149745
517668062	44.2890330	-105.4935801
517668405	44.2284230	-105.4524502
517668932	44.1088640	-104.6222284
517661264	43.8353550	-104.2316115
517661119	43.8548750	-104.2122165
517661259	43.8511640	-104.2186705
517509981	43.4988651	-105.0533694
517668626	44.5171640	-104.9584632
517661312	43.8489010	-104.1883815
517661241	43.8552060	-104.2034375
517661031	43.7707730	-104.0625136
517661114	43.8529160	-104.1996895
517668927	44.0472460	-104.7781684
517661126	43.8210320	-104.1414175
517668923	44.1760920	-104.7389083
517788451	44.6825809	-104.5998973
517503903	42.8145833	-106.3499102
517661511	43.8450865	-104.2428252
517661037	43.8511640	-104.2186705
517661023	43.5537511	-104.8241354
517661003	43.8540460	-104.2063285
517661400	43.8524700	-104.2104245
517668904	44.0929640	-104.6192074
517661317	43.8444880	-104.1819915
517661369	43.8540990	-104.2053675
517661187	43.8551680	-104.2583145
517665905	44.3452741	-106.6913029
517661175	43.8442980	-104.2103685
517661304	43.8305680	-104.1610295
517661102	43.8455050	-104.1843715
517661339	43.8372020	-104.1683425
517669034	44.0995648	-104.6278968
517661345	43.9480240	-104.1928965
517498792	42.7636431	-104.4522636
517661243	43.8456670	-104.1844065
517661129	43.8552700	-104.2016925
517666507	44.2890930	-105.5590901
517661147	43.8474790	-104.1928445
517668951	44.1666040	-104.7385543
517660996	43.5383291	-104.8990074
517666442	44.2677630	-105.5304001
517668960	44.0878450	-104.6080394
517661216	43.8384430	-104.1501475
517661310	43.8568490	-104.1995015
517668594	44.4371260	-104.8622423
517661118	43.8529930	-104.2089615
517661408	43.8500940	-104.2490865
517661409	43.8465360	-104.2106815
517661361	43.8532340	-104.2047035
517661104	43.8466530	-104.1903965
517668920	44.0878450	-104.6080394
517667857	44.2857230	-105.4872201
517668333	44.2255830	-105.4546802
517661554	43.6539831	-105.4856502
517668953	44.0968830	-104.6177064
517660994	43.8453010	-104.2075575
517661229	43.8477760	-104.1934465
517498846	42.7534361	-104.4460046
517661093	43.8418740	-104.1686865
517661178	43.8551610	-104.2035525
517669026	44.0995648	-104.6278968
517661077	43.7714540	-104.0664266
517668045	44.2849130	-105.4796702
517661106	43.8487920	-104.1883545
517660982	43.8556570	-104.2021725
517509958	43.3196801	-104.6630865
517668632	44.2634040	-104.9516253
517669010	44.3507148	-104.3205051
517668605	44.2645270	-104.9517553
517661427	43.9840340	-104.4227675
517661392	43.8527640	-104.1997465
517666287	44.3001030	-105.5302501
517668956	44.1066830	-104.6269084
517667996	44.2920230	-105.4895801
517668924	44.0990980	-104.6266604
517669029	44.0995648	-104.6278968
517664633	44.3465071	-106.7057339
517669035	44.0995648	-104.6278968
517661054	43.8465180	-104.2104585
517661197	43.8464590	-104.1902185
517666760	44.2911022	-105.5089003
517661055	43.9174790	-104.1819875
517668901	44.0480330	-104.7295464
517661222	43.6958371	-104.8305464
517661030	43.8415610	-104.1767935
517661068	43.8485620	-104.1994185
517661271	43.8551470	-104.2032725
517668897	44.0899750	-104.6079684
517666525	44.2460431	-105.6353501
517661204	43.8488970	-104.1830435
517661137	43.8530710	-104.2224535
517661445	43.9143620	-104.9128443
517661016	43.8553710	-104.1984965
517661389	43.8527470	-104.2029155
517661507	43.8450865	-104.2428252
517661014	43.8580950	-104.1974005
517667456	44.2854030	-105.5203901
517661035	43.8236640	-104.1540075
517661005	43.6572491	-104.9460344
517661413	43.8541040	-104.2061865
517667328	44.2726230	-105.5191201
517661130	43.8465150	-104.2103405
517661085	43.6980460	-104.6658044
517661280	43.8489130	-104.1870925
517661295	43.9762340	-104.0908905
517661011	43.8568300	-104.1994935
517668834	44.1199460	-104.2152805
517661124	43.8270720	-104.1538275
517661263	43.8541300	-104.2002685
517503776	42.8089133	-106.3529202
517661221	43.8461640	-104.1857985
517661116	43.8511790	-104.2268905
517666883	44.2924530	-105.5058801
517661070	43.8311890	-104.1663525
517661325	43.5565171	-104.7672714
517503580	42.8121633	-106.3519002
517661066	43.8444090	-104.2104125
517666458	44.2475530	-105.5752901
517668698	44.1091900	-104.3665254
517668899	44.1078400	-104.6196474
517668584	44.2635910	-104.9517813
517661019	43.8473730	-104.2021665
517661158	43.7768520	-104.2591525
517661164	43.8348750	-104.1532515
517660976	43.8450280	-104.2071745
517668895	44.1076350	-104.6273384
517788475	44.9866599	-104.4199413
517661208	43.8562020	-104.2090405
517668939	44.1023220	-104.8596793
517668929	44.0964340	-104.6219254
517661088	43.8481820	-104.1827685
517498977	42.8290767	-104.3325280
517661297	43.8507020	-104.2365165
517661331	43.8452240	-104.1810925
517668588	44.2806780	-104.7243643
517661111	43.5240211	-104.8553274
517661353	43.8540700	-104.2236935
517661192	43.9659870	-104.0877475
517661401	43.8342790	-104.2357345
517661100	43.8813730	-104.1813925
517661416	43.8411050	-104.2174215
517661414	43.8503230	-104.2398935
517660995	43.8006420	-104.6877844
517668066	44.2906630	-105.4933301
517498883	42.7626301	-104.4505296
517668944	44.1040750	-104.6229184
517668958	44.0480330	-104.7295464
517666331	44.2798230	-105.5484001
517504053	42.8121633	-106.3515802
517661335	43.8528720	-104.2032755
517668609	44.2666080	-104.9501543
517668696	44.0491940	-104.4663694
517661020	43.8480170	-104.1942275
517661177	43.6824201	-104.8804734
517668943	44.0994470	-104.6276264
517668616	44.3642020	-104.7526043
517661006	43.8496050	-104.1862225
517661218	43.7995640	-104.7975884
517668781	44.4043149	-104.3800644
517661305	43.8466530	-104.1903965
517666205	44.2926230	-105.5265701
517661047	43.8545040	-104.2592995
517661048	43.9196000	-104.1854725
517661235	43.8511990	-104.2246885
517661202	43.8511420	-104.2311105
517661346	43.8465660	-104.1901715
517661333	43.8485780	-104.2100495
517668359	44.1098331	-105.4592102
517661290	43.8565430	-104.2257775
517668950	44.1076350	-104.6273384
517668829	44.4153989	-104.3466774
517666285	44.2964730	-105.5328201
517668938	44.0994570	-104.6276494
517661052	43.8180540	-104.1325795
517668916	44.0991910	-104.6267614
517788699	44.6887127	-104.1775674
517660980	43.8317100	-104.2313085
517661378	43.8550650	-104.2034795
517661341	43.8511770	-104.2279665
517668859	44.4070089	-104.3791774
517661415	43.8515580	-104.2267135
517668902	44.1049510	-104.6218964
517661510	43.8450865	-104.2428252
517661080	43.8438380	-104.2409995
517661096	43.8523850	-104.2103125
517669024	44.3507148	-104.3205051
517667750	44.2812730	-105.4921501
517661181	43.8493510	-104.2091555
517666886	44.2903730	-105.5020401
517788484	44.6839839	-104.5990423
517668962	44.0878450	-104.6080394
517661152	43.8532670	-104.2020185
517667734	44.2870630	-105.4924901
517661015	43.5631161	-104.8501384
517661051	43.8409170	-104.1750675
517664780	44.3870521	-106.7515398
517668906	44.1742650	-104.5778854
517661242	43.8446740	-104.2084125
517668925	44.0929640	-104.6192074
517502447	42.8087833	-106.3451502
517661125	43.8450150	-104.2070855
517661210	43.8451140	-104.1807775
517661199	43.8488840	-104.1897895
517661350	43.6144351	-104.9079354
517668931	44.0981060	-104.6245274
517661384	43.6057500	-104.5732745
517661258	43.8460170	-104.2470815
517667429	44.2775830	-105.5209201
517661083	43.8559390	-104.1982435
517666384	44.2444331	-105.6242801
517661376	43.8475760	-104.1930925
517661134	43.8571210	-104.2046615
517668634	44.2621900	-104.9448193
517661318	43.8256390	-104.1632885
517661163	43.7668620	-104.0660616
517668900	44.0994600	-104.6265434
517668890	44.1023020	-104.6340604
517668930	44.1009260	-104.6235824
517661160	43.8502120	-104.2433235
517661098	43.8497870	-104.1974505
517661275	43.8563730	-104.2106585
517668976	44.0895061	-104.3866057
517661069	43.8505440	-104.2388665
517661073	43.8271050	-104.1536665
517661087	43.8319040	-104.2318645
517661291	43.8547410	-104.2086475
517669027	44.0995648	-104.6278968
517788488	44.8576159	-104.5536543
517661347	43.8549000	-104.2581215
517498857	42.7476871	-104.4893786
517661097	43.8489220	-104.1960955
517661186	43.8506330	-104.2380745
517661428	43.9840340	-104.4227675
517661046	43.8512870	-104.2169105
517661090	43.8351280	-104.2205595
517661315	43.9100580	-104.1030425
517668629	44.3093820	-104.9368813
517788545	44.6508760	-105.0058932
517661285	44.0089190	-104.0986135
517661161	43.8528500	-104.2028185
517661180	43.8454720	-104.1826325
517668907	44.0480330	-104.7295464
517669030	44.0995648	-104.6278968
517661292	43.8506330	-104.2380745
517661155	43.8547920	-104.2044795
517668909	44.1053540	-104.6255924
517660981	43.8504740	-104.2394925
517661321	43.8570320	-104.2048455
517669028	44.0995648	-104.6278968
517502576	42.8092633	-106.3449502
517667499	44.2676130	-105.5134201
517503785	42.8107333	-106.3551702
517661423	43.9726170	-104.4203765
517661190	43.8317100	-104.2313085
517660988	43.8457540	-104.2103255
517661144	43.8505220	-104.1931225
517502794	42.8200733	-106.3395202
517661301	43.8958470	-104.1771745
517661060	43.8311750	-104.1584015
517661099	43.8511600	-104.2191915
517661017	43.8458160	-104.2050095
517661334	43.8007420	-104.4662365
517661028	43.8556090	-104.2009325
517661309	43.7384120	-104.2413145
517661393	43.8219130	-104.1434955
517669004	44.3507148	-104.3205051
517668668	44.3039850	-105.0127483
517668761	44.4059809	-104.3761224
517661269	43.8512390	-104.2213905
517661002	43.8971920	-104.1578385
517668948	44.1095320	-104.6217934
517666325	44.2845730	-105.5487601
517669032	44.0995648	-104.6278968
517661336	43.8512150	-104.2235705
517788534	44.6768819	-104.5978183
517661372	43.8514400	-104.2137745
517661383	43.8446830	-104.2081245
517661506	43.8566741	-104.2041398
517661368	43.8510430	-104.2301645
517661084	43.8510790	-104.2337335
517661227	43.8554570	-104.2033965
517661136	43.8583140	-104.1982875
517668922	44.0878450	-104.6080394
517661007	43.8511790	-104.2264585
517661157	43.8551250	-104.2029755
517661238	43.8185440	-104.1326195
517661390	43.8555740	-104.2009265
517788366	44.7967759	-104.4385433
517661063	43.8489010	-104.1883815
517661191	43.8404340	-104.1741015
517661284	43.8550760	-104.2581625
517661247	43.5749260	-104.1926736
517661049	43.8540170	-104.2023185
517661132	43.8527140	-104.2027185
517661539	43.7584559	-105.4884554
517661228	43.8546580	-104.2045015
517669025	44.0995648	-104.6278968
517668693	44.1342549	-104.1253805
517498872	42.7597261	-104.4585636
517661328	43.8568370	-104.2082955
517661272	43.8547740	-104.2042695
517668914	44.1016410	-104.6261174
517661324	43.8672440	-104.1528375
517661075	43.8577900	-104.2113065
517661092	43.6380301	-105.0035984
517661592	43.7511731	-105.5066102
517668782	44.3198050	-104.5185764
517661403	43.8489150	-104.1960765
517788489	44.7919679	-104.6232243
517668918	44.0878450	-104.6080394
517661255	43.8503690	-104.2394385
517498914	42.7626321	-104.4520836
517661338	43.8477610	-104.1933705
517661320	43.8511790	-104.2268905
517661146	43.8482180	-104.1781335
517498844	42.7517951	-104.4469376
517661200	43.8540250	-104.2126595
517660999	43.8539400	-104.2007225
517660861	43.7761631	-105.3623803
517660979	43.8550270	-104.2044595
517661364	43.8548750	-104.2122505
517668928	44.0988050	-104.6286184
517661071	43.7796510	-104.4588205
517668911	44.0899750	-104.6079684
517660987	43.8182790	-104.1329885
517668792	44.4084759	-104.3747284
517668680	44.2635250	-104.9517063
517661219	43.8517720	-104.2122805
517661254	43.7707730	-104.0625136
517661131	43.8562570	-104.2072125
517502626	42.8111533	-106.3327302
517661021	43.8787810	-104.1517425
517661026	43.8006770	-104.4384085
517660991	43.8540830	-104.2003245
517666472	44.2662230	-105.5286101
517668725	44.3634560	-104.8076473
517661593	43.7519631	-105.5067302
517666342	44.1474031	-105.6515301
517661273	43.8551880	-104.2034835
517661395	43.8567660	-104.2113605
517666635	44.2833420	-105.4941531
517661179	43.8453700	-104.2420895
517661094	43.8512150	-104.2235485
517661045	43.8510910	-104.2245095
517661424	43.9995630	-104.3746575
517667474	44.2694730	-105.5199801
517667897	44.2813530	-105.4934801
517661072	43.8550650	-104.2034795
517498830	42.7650831	-104.4446056
517661121	43.8518760	-104.2267275
517668689	44.0585300	-104.1461385
517661032	43.8566490	-104.2084015
517661188	43.8493510	-104.2092745
517661170	43.8508150	-104.1980755
517661260	43.8511790	-104.2264585
517788524	44.9838029	-104.4212903
517502982	42.8151433	-106.3410902
517664707	44.3352501	-106.7094369
517668700	44.1193360	-104.3439364
517660989	43.8556070	-104.2024255
517661267	43.8528720	-104.2032755
517668697	44.1342880	-104.3893064
517661366	43.7717500	-104.6591464
517666693	44.2915410	-105.5194721
517661142	43.8267970	-104.1533045
517667944	44.2861130	-105.4875701
