sp_id	stcotrbg	hh_race	hh_income	latitude	longitude
56611318	560279572001	1	69900	42.7811904	-104.6160825
56611319	560279572001	1	77200	42.7824461	-104.6164133
56611320	560279572001	1	57300	42.7802634	-104.6166473
56611321	560279572001	1	74000	42.7183687	-104.4889070
56611322	560279572001	1	20000	43.0329924	-104.6479038
56611323	560279572001	1	225600	43.0327157	-104.6481014
56611324	560279572001	1	56000	42.7761454	-104.6131953
56611325	560279572001	1	95930	43.0327359	-104.6479888
56611326	560279572001	1	247500	43.0327512	-104.6485730
56611327	560279572001	1	8000	42.7762964	-104.6145001
56611328	560279572001	1	95000	42.7763878	-104.6128786
56611329	560279572001	1	81200	42.7761218	-104.6128317
56611330	560279572001	1	27000	42.7765353	-104.6140099
56611331	560279572001	1	82600	42.7761325	-104.6128637
56611332	560279572001	1	57510	42.7759539	-104.6135352
56611333	560279572001	1	41000	42.7764967	-104.6136528
56611334	560279572001	1	268000	42.7763874	-104.6134576
56611335	560279572001	1	15600	43.0313287	-104.6485226
56611336	560279572001	1	30000	43.0313122	-104.6493426
56611337	560279572001	1	101000	43.0306034	-104.6494189
56611338	560279572001	1	30550	43.0305743	-104.6495107
56611339	560279572001	1	23000	43.0309468	-104.6488048
56611340	560279572001	1	85000	43.0313318	-104.6495146
56611341	560279572001	1	27500	43.0309955	-104.6493911
56611342	560279572001	1	37000	42.6629995	-104.0894648
56611343	560279572001	1	26360	43.0320237	-104.6488074
56611344	560279572001	1	102600	42.7760464	-104.6141589
56611345	560279572001	1	17900	42.7763002	-104.6151022
56611346	560279572001	1	67110	42.7766751	-104.6148740
56611347	560279572001	1	20400	43.0317264	-104.6488402
56611348	560279572001	1	71500	42.7758972	-104.6148978
56611349	560279572001	1	59000	42.7764313	-104.6140693
56611350	560279572001	1	28800	42.6626241	-104.0894136
56611351	560279572001	1	30000	43.0323323	-104.6486338
56611352	560279572001	1	26800	43.0322665	-104.6487722
56611353	560279572001	1	6000	43.0322350	-104.6489214
56611354	560279572001	1	88500	42.6626533	-104.0891122
56611355	560279572001	1	33200	42.6622731	-104.0888749
56611356	560279572001	1	25000	42.6630401	-104.0888149
56611357	560279572001	1	50100	42.7806742	-104.6227686
56611358	560279572001	1	73000	42.7183218	-104.4899896
56611359	560279572001	1	126900	42.7804931	-104.6140543
56611360	560279572001	1	23600	42.7795195	-104.6142075
56611361	560279572001	1	172700	42.7782063	-104.6161624
56611362	560279572001	1	100000	42.7778159	-104.6185487
56611363	560279572001	1	31500	42.7789216	-104.6144112
56611364	560279572001	1	16700	42.7790597	-104.6146147
56611365	560279572001	1	28600	42.7774691	-104.6187194
56611366	560279572001	1	122000	42.7774082	-104.6180557
56611367	560279572001	1	12000	42.7790685	-104.6188998
56611368	560279572001	1	100000	42.7786405	-104.6156391
56611369	560279572001	1	67000	42.7792361	-104.6149930
56611370	560279572001	1	19400	42.7785646	-104.6162443
56611371	560279572001	1	23700	42.7782949	-104.6180240
56611372	560279572001	1	54400	42.7787712	-104.6166494
56611373	560279572001	1	83600	42.7786132	-104.6183208
56611374	560279572001	1	24100	42.7784943	-104.6120266
56611375	560279572001	1	148300	42.7774378	-104.6130608
56611376	560279572001	1	24000	42.6626555	-104.0904717
56611377	560279572001	1	27000	42.7782289	-104.6163313
56611378	560279572001	1	0	42.6628988	-104.0909076
56611379	560279572001	1	36000	42.7772604	-104.6131399
56611380	560279572001	1	30300	42.7783199	-104.6137241
56611381	560279572001	1	115300	42.7778984	-104.6132699
56611382	560279572001	1	81490	42.7780542	-104.6125098
56611383	560279572001	1	285000	43.0329309	-104.6466998
56611384	560279572001	1	174000	42.7770472	-104.6141085
56611385	560279572001	1	23100	42.7770403	-104.6146205
56611386	560279572001	1	29200	42.7781513	-104.6178589
56611387	560279572001	1	87400	43.0330988	-104.6466342
56611388	560279572001	1	69160	42.7777668	-104.6167360
56611389	560279572001	1	87100	43.0451759	-104.6981454
56611390	560279572001	1	70000	42.9139576	-104.6403136
56611391	560279572001	1	23000	42.7749064	-104.6158737
56611392	560279572001	1	110020	42.7789569	-104.6132650
56611393	560279572001	1	38000	42.7771106	-104.6120653
56611394	560279572001	1	32000	42.7792498	-104.6180665
56611395	560279572001	1	93200	42.7753465	-104.6149569
56611396	560279572001	1	84000	42.7762853	-104.6154246
56611397	560279572001	1	94004	42.7762081	-104.6168740
56611398	560279572001	1	61100	42.9141529	-104.6417674
56611399	560279572001	1	8600	42.9143557	-104.6407049
56611400	560279572001	1	49000	42.7780102	-104.6205292
56611401	560279572001	1	97200	42.7751286	-104.6169506
56611402	560279572001	1	15600	42.9122280	-104.6419447
56611403	560279572001	1	14800	42.9126305	-104.6420820
56611404	560279572001	1	125000	42.9126005	-104.6403745
56611405	560279572001	1	51000	43.0474319	-104.6940449
56611406	560279572001	1	39000	42.7767757	-104.6157061
56611407	560279572001	1	29000	42.9150241	-104.6395356
56611408	560279572001	1	116500	42.7773138	-104.6226720
56611409	560279572001	1	16000	42.9135543	-104.6386961
56611410	560279572001	1	60000	42.7769907	-104.6167486
56611411	560279572001	1	95000	42.9143801	-104.6417986
56611412	560279572001	1	129649	42.7773706	-104.6198464
56611413	560279572001	1	28100	43.0478135	-104.6957836
56611414	560279572001	1	52300	42.9154218	-104.6425732
56611415	560279572001	1	23900	42.9149184	-104.6380275
56611416	560279572001	1	27500	42.7783395	-104.6178668
56611417	560279572001	1	30400	43.0478992	-104.6973944
56611418	560279572001	1	67100	42.9150879	-104.6422689
56611419	560279572001	1	97000	43.0487079	-104.6955718
56611420	560279572001	1	18700	42.7783347	-104.6220397
56611421	560279572001	1	77500	42.7817244	-104.6157372
56611422	560279572001	1	141400	42.7810298	-104.6148419
56611423	560279572001	1	27500	43.0488315	-104.8378032
56611424	560279572001	1	26200	42.7838395	-104.6211706
56611425	560279572001	1	32400	43.0450263	-104.6985316
56611426	560279572001	1	29100	42.7818607	-104.6211106
56611427	560279572001	1	66900	42.7829216	-104.6198030
56611428	560279572001	1	74600	42.7832420	-104.6215631
56611429	560279572001	1	101700	42.7834526	-104.6191285
56611430	560279572001	1	58500	43.0510358	-104.8349949
56611431	560279572001	1	78800	43.0463169	-104.6964547
56611432	560279572001	1	99100	43.0451227	-104.6966906
56611433	560279572001	1	24450	42.7810037	-104.6133015
56611434	560279572001	1	158800	43.0517212	-104.8322382
56611435	560279572001	1	239000	43.0513656	-104.8340647
56611436	560279572001	1	27500	42.7817488	-104.6205750
56611437	560279572001	1	40000	42.8041454	-104.8861766
56611438	560279572001	1	184000	42.7583096	-104.4159760
56611439	560279572001	1	121780	43.0516250	-104.8334860
56611440	560279572001	1	78000	42.7643172	-104.4188763
56611441	560279572001	1	29100	43.0520044	-104.8354576
56611442	560279572001	1	18600	42.7574711	-104.4160577
56611443	560279572001	1	27500	42.7653112	-104.4245534
56611444	560279572001	1	365700	42.8010776	-104.8882279
56611445	560279572001	1	127600	42.8026718	-104.8852638
56611446	560279572001	1	53600	42.8037922	-104.8844119
56611447	560279572001	1	71500	42.8026450	-104.8871310
56611448	560279572001	1	26000	42.8021098	-104.8857639
56611449	560279572001	1	35000	42.8029033	-104.8851008
56611450	560279572001	1	70000	42.8021055	-104.8873332
56611451	560279572001	1	79900	42.7826425	-104.6185563
56611452	560279572001	1	59200	42.7822684	-104.6154141
56611453	560279572001	1	32000	42.7789893	-104.6212326
56611454	560279572001	1	109000	43.0458675	-104.6971376
56611455	560279572001	1	112800	43.0500339	-104.8354632
56611456	560279572001	1	15600	42.7196625	-104.4942776
56611457	560279572001	1	57000	42.7188806	-104.4910862
56611458	560279572001	1	112000	42.7184059	-104.4904741
56611459	560279572001	1	85000	43.0491270	-104.8374467
56611460	560279572001	1	93001	42.7814001	-104.6203819
56611461	560279572001	1	37880	42.7793801	-104.6223741
56611462	560279572001	1	26100	42.7798777	-104.6203270
56611463	560279572001	1	125000	43.0510967	-104.8361326
56611464	560279572001	1	16500	42.7562546	-104.4220303
56611465	560279572001	1	26360	42.7816585	-104.6228212
56611466	560279572001	1	42800	42.7808519	-104.6216850
56611467	560279572001	1	5750	42.7186681	-104.4943095
56611468	560279572001	1	65000	42.7554944	-104.4178852
56611469	560279572001	1	80000	42.7788945	-104.6208292
56611470	560279572001	1	42000	42.7803327	-104.6217542
56611471	560279572001	1	88400	42.7799743	-104.6195569
56611472	560279572001	1	67100	43.0410576	-104.6522425
56611473	560279572001	1	80650	43.0402842	-104.6595761
56611474	560279572001	1	74000	43.0270026	-104.7028910
56611475	560279572001	1	51300	43.0309669	-104.7098688
56611476	560279572001	1	103120	42.7805134	-104.6188646
56611477	560279572001	1	24800	43.0283303	-104.7020826
56611478	560279572001	1	106400	42.7592500	-104.5084118
56611479	560279572001	1	55100	42.7811006	-104.6192475
56611480	560279572001	1	152004	42.7815680	-104.6174609
56611481	560279572001	1	30480	42.7812726	-104.6136354
56611482	560279572001	1	29200	42.7177439	-104.4950593
56611483	560279572001	1	67500	42.7805846	-104.6230463
56611484	560279572001	1	116500	42.7795814	-104.6146765
56611485	560279572001	1	47700	42.7170505	-104.4894282
56611486	560279572001	1	86900	42.7819284	-104.6177520
56611487	560279572001	1	83000	42.7187757	-104.4926938
56611488	560279572001	1	16000	42.6628430	-104.1004519
56611489	560279572001	1	27880	42.7176533	-104.4943686
56611490	560279572001	1	105530	43.0496475	-104.8368052
56611491	560279572001	1	370	42.7783548	-104.6192259
56611492	560279572001	1	32000	43.0284884	-104.7037183
56611493	560279572001	1	8000	43.0299776	-104.7090620
56611494	560279572001	1	116200	43.0304619	-104.7066900
56611495	560279572001	1	27400	42.7586314	-104.5071638
56611496	560279572001	1	21000	43.0508279	-104.8374713
56611497	560279572001	1	64700	42.7802892	-104.6175637
56611498	560279572001	1	94900	42.7169432	-104.4935923
56611499	560279572001	1	43200	42.7164844	-104.4920278
56611500	560279572001	1	19000	42.7473296	-104.5064096
56611501	560279572001	1	45700	43.0311878	-104.7012897
56611502	560279572001	1	97600	42.7584209	-104.5045108
56611503	560279572001	1	70000	42.6637526	-104.1038537
56611504	560279572001	1	100000	43.0309540	-104.7061523
56611505	560279572001	1	76800	43.0307359	-104.7019661
56611506	560279572001	1	71000	43.0313165	-104.7051643
56611507	560279572001	1	47000	43.0312695	-104.7040545
56611508	560279572001	1	31900	43.0278173	-104.7042024
56611509	560279572001	1	29100	43.0304397	-104.7008768
56611510	560279572001	1	150200	43.0296274	-104.7057289
56611511	560279572001	1	25640	43.0296065	-104.7087612
56611512	560279572001	1	16440	43.0299529	-104.7072643
56611513	560279572001	1	19200	43.0304690	-104.7018114
56611514	560279572001	2	157500	43.0299573	-104.7044228
56611515	560279572001	1	83900	43.0304502	-104.7038524
56611516	560279572001	1	20200	43.0304370	-104.7088774
56611517	560279572001	1	254800	43.0288570	-104.7064337
56611518	560279572001	1	31200	43.0286192	-104.7088461
56611519	560279572001	1	118300	43.0287043	-104.7082631
56611520	560279572001	1	32100	43.0288481	-104.7026505
56611521	560279572001	1	139000	43.0287349	-104.7051872
56611522	560279572001	1	47500	43.0286667	-104.7046557
56611523	560279572001	1	28800	43.0401474	-104.6540926
56611524	560279572001	1	2400	43.0454630	-104.6515180
56611525	560279572001	1	30100	43.0336957	-104.7009918
56611526	560279572001	1	131900	43.0389128	-104.7022646
56611527	560279572001	1	26500	43.0425996	-104.7013710
56611528	560279572001	1	27880	43.0277241	-104.7020156
56611529	560279572001	1	104200	43.0265521	-104.7001206
56611530	560279572001	1	29100	43.0266507	-104.7012431
56611531	560279572001	1	60000	43.0273449	-104.7000117
56611532	560279572001	1	28800	43.0265519	-104.7028755
56611533	560279572001	1	17000	43.0424683	-104.7020145
56611534	560279572001	1	116000	43.0244921	-104.6998086
56611535	560279572001	1	135000	43.0259281	-104.7012306
56611536	560279572001	1	68000	43.0260272	-104.7002009
56611537	560279572001	1	37000	43.0427800	-104.7042773
56611538	560279572001	1	62500	43.0442441	-104.6974521
56611539	560279572001	1	79000	43.0427726	-104.7067871
56611540	560279572001	1	118200	43.0405741	-104.6983734
56611541	560279572001	1	1004	43.0415733	-104.7004881
56611542	560279572001	1	18000	43.0431638	-104.6972450
56611543	560279572001	1	112000	43.0431582	-104.6999690
56611544	560279572001	1	78600	43.0426869	-104.6991552
56611545	560279572001	1	25500	43.0420512	-104.7014772
56611546	560279572001	1	52000	43.0420263	-104.7031070
56611547	560279572001	1	33200	43.0418798	-104.7020741
56611548	560279572001	1	57000	43.0408766	-104.6974846
56611549	560279572001	1	85000	43.0406250	-104.7083474
56611550	560279572001	1	38000	43.0424372	-104.6981768
56611551	560279572001	1	486300	43.0423183	-104.6971912
56611552	560279572001	1	8300	43.0411428	-104.6990011
56611553	560279572001	1	28400	43.0408096	-104.7021032
56611554	560279572001	1	23700	43.0412858	-104.7000072
56611555	560279572001	1	42000	43.0341005	-104.7025220
56611556	560279572001	1	57300	43.0361508	-104.7027578
56611557	560279572001	1	119500	43.0384453	-104.6995801
56611558	560279572001	1	26600	43.0378874	-104.7061120
56611559	560279572001	1	6200	43.0393629	-104.6995375
56611560	560279572001	1	24701	43.0392877	-104.6984677
56611561	560279572001	1	80900	43.0387227	-104.7007310
56611562	560279572001	1	80700	43.0385030	-104.7037042
56611563	560279572001	1	78000	43.0382068	-104.7014743
56611564	560279572001	1	79600	43.0361299	-104.7036961
56611565	560279572001	1	27500	43.0375809	-104.7027712
56611566	560279572001	1	30400	43.0368878	-104.7051960
56611567	560279572001	1	57900	43.0370386	-104.7047184
56611568	560279572001	1	43200	43.0365744	-104.7053182
56611569	560279572001	1	23600	43.0370883	-104.7016250
56611570	560279572001	1	58100	43.0377557	-104.7006768
56611571	560279572001	1	92700	43.0337566	-104.7039452
56611572	560279572001	1	108200	43.0356321	-104.7009690
56611573	560279572001	1	26600	43.0356486	-104.7052700
56611574	560279572001	1	124000	43.0362240	-104.7017442
56611575	560279572001	1	24700	43.0369338	-104.7002823
56611576	560279572001	1	20100	43.0353246	-104.7021425
56611577	560279572001	1	370	43.0355708	-104.7044049
56611578	560279572001	1	105000	43.0352075	-104.7025670
56611579	560279572001	1	95001	43.0335526	-104.7044788
56611580	560279572001	1	153800	43.0344632	-104.7044599
56611581	560279572001	1	104000	43.0346449	-104.7061658
56611582	560279572001	1	33070	43.0348160	-104.7050242
56611583	560279572001	1	107300	43.0345314	-104.7001770
56611584	560279572001	1	14410	43.0348535	-104.7025708
56611585	560279572001	1	81200	43.0343932	-104.7013567
56611586	560279572001	1	33000	43.0445697	-104.6578717
56611587	560279572001	1	113000	43.0538013	-104.6566908
56611588	560279572001	1	178000	42.7181069	-104.4923374
56611589	560279572001	1	103000	43.0328034	-104.6994913
56611590	560279572001	1	19400	43.0329475	-104.7055795
56611591	560279572001	1	32000	43.0338070	-104.6998185
56611592	560279572001	1	106970	43.0318960	-104.7102613
56611593	560279572001	1	50400	43.0331948	-104.7012429
56611594	560279572001	1	28700	43.0323615	-104.7041323
56611595	560279572001	1	25700	43.0325143	-104.7030102
56611596	560279572001	1	27600	43.0291056	-104.7026075
56611597	560279572001	1	7100	43.0316721	-104.7032885
56611598	560279572001	1	38001	43.0310505	-104.7095135
56611599	560279572001	1	21000	43.0316424	-104.7046319
56611600	560279572001	1	128000	42.7182097	-104.4911639
56611601	560279572001	1	28300	43.0317767	-104.7024414
56611602	560279572001	1	25900	43.0319677	-104.7012270
56611603	560279572001	1	80000	43.0535784	-104.6621133
56611604	560279572001	1	45000	43.0355215	-104.7065706
56611605	560279572001	1	80050	43.0408077	-104.7009817
56611606	560279572001	1	8000	43.0426170	-104.7047739
56611607	560279572001	1	56000	43.0411277	-104.7039158
56611608	560279572001	1	118800	43.0384741	-104.7040321
56611609	560279572001	1	0	43.0404017	-104.6995644
56611610	560279572001	1	19000	43.0394221	-104.7010917
56611611	560279572001	1	28000	43.0546574	-104.6527162
56611612	560279572001	1	50200	42.7597884	-104.5101734
56611613	560279572001	1	46500	43.0320989	-104.7091130
56611614	560279572001	1	15100	43.0319622	-104.7057541
56611615	560279572001	1	26170	43.0547852	-104.6547014
56611616	560279572001	1	35560	43.0575918	-104.6604033
56611617	560279572001	1	161000	43.0354289	-104.6510053
56611618	560279572001	1	14800	43.0458647	-104.6515241
56611619	560279572001	1	25900	43.0514236	-104.6613110
56611620	560279572001	1	53600	43.0528895	-104.6543861
56611621	560279572001	1	33400	43.0545541	-104.6527904
56611622	560279572001	1	77800	43.0536264	-104.6557116
56611623	560279572001	1	27000	43.0536184	-104.6541309
56611624	560279572001	1	40270	43.0533497	-104.6568346
56611625	560279572001	1	27400	43.0528228	-104.6613737
56611626	560279572001	1	177000	43.0528354	-104.6550482
56611627	560279572001	1	30400	43.0546507	-104.6606427
56611628	560279572001	1	48270	43.0519523	-104.6600018
56611629	560279572001	1	26500	43.0535365	-104.6528534
56611630	560279572001	1	20000	43.0546097	-104.6615496
56611631	560279572001	1	75000	43.0518564	-104.6541705
56611632	560279572001	1	108000	43.0519198	-104.6533469
56611633	560279572001	1	20200	43.0520731	-104.6557811
56611634	560279572001	1	28000	43.0574164	-104.6602088
56611635	560279572001	1	33000	43.0503443	-104.6539655
56611636	560279572001	1	30500	43.0504683	-104.6619268
56611637	560279572001	1	18000	43.0508899	-104.6545102
56611638	560279572001	1	105000	43.0516185	-104.6531237
56611639	560279572001	1	29700	43.0503320	-104.6520550
56611640	560279572001	1	27500	43.0503155	-104.6598623
56611641	560279572001	1	21960	43.0500226	-104.6609700
56611642	560279572001	1	27000	43.0466907	-104.6614309
56611643	560279572001	1	1100	43.0486263	-104.6607474
56611644	560279572001	1	139000	43.0488330	-104.6599778
56611645	560279572001	1	18000	43.0488094	-104.6615100
56611646	560279572001	1	36000	43.0477605	-104.6537689
56611647	560279572001	1	45000	43.0486766	-104.6594938
56611648	560279572001	1	73000	43.0477001	-104.6615849
56611649	560279572001	1	31900	43.0401548	-104.6562361
56611650	560279572001	1	30000	43.0431471	-104.6505499
56611651	560279572001	1	29000	43.0444053	-104.6521324
56611652	560279572001	1	60600	43.0402231	-104.6580529
56611653	560279572001	1	107300	43.0400873	-104.6554326
56611654	560279572001	1	28390	43.0433332	-104.6572724
56611655	560279572001	1	27000	43.0399896	-104.7048720
56611656	560279572001	1	32000	43.0440335	-104.6505947
56611657	560279572001	1	12100	43.0396558	-104.7087456
56611658	560279572001	1	85000	43.0390195	-104.7051570
56611659	560279572001	1	39000	43.0442516	-104.6563621
56611660	560279572001	1	71100	43.0398239	-104.7006021
56611661	560279572001	1	35000	43.0398240	-104.6588773
56611662	560279572001	1	82360	43.0424354	-104.6574903
56611663	560279572001	1	16000	43.0409831	-104.6583808
56611664	560279572001	1	8000	43.0412086	-104.6601130
56611665	560279572001	1	56000	43.0425306	-104.6565252
56611666	560279572001	1	30800	43.0380142	-104.7091184
56611667	560279572001	1	71500	43.0396348	-104.6615066
56611668	560279572001	1	92530	43.0414321	-104.6508752
56611669	560279572001	1	74500	43.0415899	-104.6572724
56611670	560279572001	1	31000	43.0564818	-104.6601226
56611671	560279572001	1	88500	43.0371348	-104.7067574
56611672	560279572001	1	84500	43.0564306	-104.6610812
56611673	560279572001	1	31200	43.0396606	-104.6553463
56611674	560279572001	1	76800	43.0388294	-104.6588191
56611675	560279572001	1	174000	43.0395074	-104.6560818
56611676	560279572001	2	152000	43.0393609	-104.6585523
56611677	560279572001	1	26000	43.0398661	-104.6539794
56611678	560279572001	1	60550	43.0398499	-104.6576902
56611679	560279572001	1	100000	43.0401107	-104.6514266
56611680	560279572001	1	40100	43.0394766	-104.6522260
56611681	560279572001	1	56300	43.0552621	-104.6612593
56611682	560279572001	1	135000	43.0387209	-104.6552903
56611683	560279572001	1	59000	43.0388079	-104.6574079
56611684	560279572001	1	27400	43.0387853	-104.6556146
56611685	560279572001	1	42700	43.0389626	-104.6512719
56611686	560279572001	1	66300	43.0387617	-104.6532725
56611687	560279572001	1	112000	43.0385751	-104.6522947
56611688	560279572001	1	107300	43.0375730	-104.6599781
56611689	560279572001	1	41400	43.0558919	-104.6563367
56611690	560279572001	1	34000	43.0373171	-104.6605082
56611691	560279572002	1	65340	42.7587940	-104.4583393
56611692	560279572002	1	57300	42.7574119	-104.4534312
56611693	560279572002	1	54180	42.7594935	-104.4548981
56611694	560279572002	1	18400	42.7578436	-104.4548175
56611695	560279572002	1	72500	42.7569592	-104.4532404
56611696	560279572002	1	7800	42.7576301	-104.4539467
56611697	560279572002	1	58000	42.7602968	-104.4559766
56611698	560279572002	1	165010	42.7576591	-104.4536519
56611699	560279572002	1	62000	42.7633614	-104.4571920
56611700	560279572002	1	188000	42.7609019	-104.4560819
56611701	560279572002	2	0	42.7628293	-104.4572178
56611702	560279572002	1	279500	42.7630852	-104.4531721
56611703	560279572002	1	41280	42.7649995	-104.4565238
56611704	560279572002	1	18800	42.7628184	-104.4579154
56611705	560279572002	1	13000	42.7653678	-104.4564481
56611706	560279572002	1	55050	42.7633156	-104.4538116
56611707	560279572002	1	5050	42.7653479	-104.4568911
56611708	560279572002	1	77500	42.7630729	-104.4542573
56611709	560279572002	1	19300	42.7580398	-104.4530738
56611710	560279572002	9	17250	42.7634327	-104.4589659
56611711	560279572002	1	13200	42.7653407	-104.4579569
56611712	560279572002	1	115500	42.7628002	-104.4583626
56611713	560279572002	2	0	42.7607912	-104.4553803
56611714	560279572002	1	24400	42.7632432	-104.4588955
56611715	560279572002	1	61800	42.7653026	-104.4580645
56611716	560279572002	1	47700	42.7651789	-104.4574580
56611717	560279572002	1	15100	42.7538803	-104.4757101
56611718	560279572002	1	9200	42.7505992	-104.4760472
56611719	560279572002	1	55000	42.7631444	-104.4595790
56611720	560279572002	1	193000	42.7516532	-104.4758350
56611721	560279572002	1	85000	42.7629070	-104.4622375
56611722	560279572002	1	42300	42.7629584	-104.4629096
56611723	560279572002	1	104800	42.7515552	-104.4750397
56611724	560279572002	1	1000	42.7629193	-104.4558006
56611725	560279572002	1	125210	42.7630390	-104.4544615
56611726	560279572002	1	58200	42.7675990	-104.4595506
56611727	560279572002	1	260100	42.7571755	-104.4545320
56611728	560279572002	1	63840	42.7627160	-104.4602653
56611729	560279572002	1	78600	42.7575027	-104.4546229
56611730	560279572002	1	19200	42.7645344	-104.4551986
56611731	560279572002	1	8400	42.7635646	-104.4526222
56611732	560279572002	1	54800	42.7645082	-104.4554820
56611733	560279572002	1	50000	42.7636027	-104.4595088
56611734	560279572002	1	117530	42.7652011	-104.4602710
56611735	560279572002	1	55000	42.7672350	-104.4587326
56611736	560279572002	1	136600	42.7644071	-104.4599716
56611737	560279572002	1	52020	42.7637647	-104.4602768
56611738	560279572002	1	94610	42.7650245	-104.4592085
56611739	560279572002	1	13100	42.7648017	-104.4586591
56611740	560279572002	1	68000	42.7557624	-104.4531504
56611741	560279572002	9	17250	42.7645972	-104.4617105
56611742	560279572002	1	100500	42.7600970	-104.4555165
56611743	560279572002	1	55000	42.7630665	-104.4552831
56611744	560279572002	1	34300	42.7597426	-104.4563605
56611745	560279572002	1	60000	42.7651232	-104.4619232
56611746	560279572002	1	80800	42.7681523	-104.4610252
56611747	560279572002	1	55000	42.7682796	-104.4606095
56611748	560279572002	2	157500	42.7552230	-104.4523918
56611749	560279572002	1	43000	42.7687979	-104.4598424
56611750	560279572002	1	22700	42.7635047	-104.4611968
56611751	560279572002	1	17100	42.7635198	-104.4612792
56611752	560279572002	1	29300	42.7559611	-104.4523077
56611753	560279572002	1	81000	42.7683754	-104.4598793
56611754	560279572002	1	85000	42.7564743	-104.4534162
56611755	560279572002	1	25900	42.7547792	-104.4754160
56611756	560279572002	1	45500	42.7512034	-104.4520386
56611757	560279572002	1	52800	42.7555239	-104.4559906
56611758	560279572002	1	134400	42.7675975	-104.4581989
56611759	560279572002	1	75000	42.7637190	-104.4559125
56611760	560279572002	1	268000	42.7674682	-104.4581950
56611761	560279572002	1	13200	42.7627830	-104.4608907
56611762	560279572002	1	0	42.7698076	-104.4536324
56611763	560279572002	1	14800	42.7700539	-104.4529922
56611764	560279572002	1	65100	42.7646366	-104.4525880
56611765	560279572002	1	20000	42.7645927	-104.4562296
56611766	560279572002	1	92000	42.7662395	-104.4594642
56611767	560279572002	1	276000	42.7676449	-104.4619835
56611768	560279572002	1	8600	42.7517236	-104.4518795
56611769	560279572002	1	37800	42.7667560	-104.4599575
56611770	560279572002	1	48000	42.7520633	-104.4517509
56611771	560279572002	1	30000	42.7545390	-104.4740564
56611772	560279572002	9	38700	42.7523495	-104.4748770
56611773	560279572002	1	112000	42.7660503	-104.4625528
56611774	560279572002	1	0	42.7636627	-104.4584574
56611775	560279572002	1	55000	42.7636586	-104.4578944
56611776	560279572002	1	10000	42.7523448	-104.4729921
56611777	560279572002	1	116200	42.7664465	-104.4611422
56611778	560279572002	1	103000	42.7541561	-104.4727355
56611779	560279572002	1	38000	42.7545996	-104.4727193
56611780	560279572002	1	135000	42.7532830	-104.4746081
56611781	560279572002	1	115000	42.7525669	-104.4757116
56611782	560279572002	1	17600	42.7532054	-104.4733403
56611783	560279572002	2	157500	42.7539153	-104.4750963
56611784	560279572002	1	39400	42.7530299	-104.4763152
56611785	560279572002	1	34000	42.7543316	-104.4742427
56611786	560279572002	1	89000	42.7825350	-104.4528870
56611787	560279572002	1	153800	42.7482244	-104.4818976
56611788	560279572002	1	52200	42.7548157	-104.4579408
56611789	560279572002	1	37800	42.7572901	-104.4725567
56611790	560279572002	1	81200	42.7595333	-104.4613538
56611791	560279572002	1	42300	42.7569605	-104.4729400
56611792	560279572002	1	16400	42.7614491	-104.4604858
56611793	560279572002	1	42400	42.7557572	-104.4729680
56611794	560279572002	9	48500	42.7620361	-104.4607621
56611795	560279572002	1	33900	42.7813161	-104.4536084
56611796	560279572002	1	6350	42.7798858	-104.4504372
56611797	560279572002	1	22600	42.7812185	-104.4468902
56611798	560279572002	1	7200	42.7602088	-104.4611348
56611799	560279572002	2	157500	42.7807557	-104.4483162
56611800	560279572002	1	37000	42.7797730	-104.4524950
56611801	560279572002	1	34000	42.7803018	-104.4550126
56611802	560279572002	1	2300	42.7795813	-104.4529758
56611803	560279572002	1	35000	42.7813461	-104.4551954
56611804	560279572002	1	74000	42.7804685	-104.4471861
56611805	560279572002	1	24000	42.7801920	-104.4499931
56611806	560279572002	1	24400	42.7800444	-104.4487188
56611807	560279572002	1	38000	42.7830995	-104.4516171
56611808	560279572002	1	58900	42.7834630	-104.4536217
56611809	560279572002	1	8400	42.7831609	-104.4527394
56611810	560279572002	1	63440	42.7594673	-104.4542556
56611811	560279572002	1	106970	42.7621145	-104.4589905
56611812	560279572002	1	63810	42.7598758	-104.4547373
56611813	560279572002	1	125000	42.7589445	-104.4561960
56611814	560279572002	1	51000	42.7587275	-104.4538716
56611815	560279572002	1	8400	42.7590756	-104.4558117
56611816	560279572002	1	127500	42.7630319	-104.4528091
56611817	560279572002	1	43000	42.7619516	-104.4523095
56611818	560279572002	1	6550	42.7625202	-104.4523314
56611819	560279572002	1	248000	42.7628931	-104.4522208
56611820	560279572002	2	157500	42.7628595	-104.4524967
56611821	560279572002	1	65200	42.7629659	-104.4526429
56611822	560279572002	1	89700	42.7613340	-104.4523620
56611823	560279572002	1	112000	42.7626149	-104.4526339
56611824	560279572002	1	58000	42.7625213	-104.4525747
56611825	560279572002	1	65900	42.7628557	-104.4527612
56611826	560279572002	1	48400	42.7630413	-104.4526369
56611827	560279572002	1	41500	42.7622585	-104.4528097
56611828	560279572002	1	42000	42.7629603	-104.4526333
56611829	560279572002	1	36400	42.7621693	-104.4527126
56611830	560279572002	1	38400	42.7613339	-104.4527606
56611831	560279572002	1	853500	42.7623507	-104.4525719
56611832	560279572002	1	71100	42.7629891	-104.4522455
56611833	560279572002	1	21400	42.7622792	-104.4527172
56611834	560279572002	1	66800	42.7618113	-104.4521707
56611835	560279572002	9	400	42.7627926	-104.4526323
56611836	560279572002	1	49000	42.7628129	-104.4529292
56611837	560279572002	1	23000	42.7587913	-104.4566544
56611838	560279572002	1	38000	42.7617625	-104.4522724
56611839	560279572002	1	21500	42.7618433	-104.4528253
56611840	560279572002	1	8200	42.7617764	-104.4525568
56611841	560279572002	1	122000	42.7619424	-104.4529203
56611842	560279572002	1	12000	42.7618019	-104.4526467
56611843	560279572002	1	8400	42.7620825	-104.4521691
56611844	560279572002	1	66100	42.7618895	-104.4522830
56611845	560279572002	1	94900	42.7621749	-104.4523445
56611846	560279572002	1	36000	42.7618928	-104.4528009
56611847	560279572002	1	73000	42.7615709	-104.4528916
56611848	560279572002	1	4900	42.7615403	-104.4526024
56611849	560279572002	1	84390	42.7621428	-104.4525347
56611850	560279572002	1	9700	42.7621512	-104.4525198
56611851	560279572002	1	21100	42.7618659	-104.4522361
56611852	560279572002	1	2500	42.7618824	-104.4528754
56611853	560279572002	1	39000	42.7590215	-104.4565514
56611854	560279572002	1	60000	42.7592299	-104.4526298
56611855	560279572002	2	12000	42.7591045	-104.4523840
56611856	560279572002	1	19600	42.7615615	-104.4526206
56611857	560279572002	1	51000	42.7588015	-104.4526227
56611858	560279572002	1	40000	42.7586951	-104.4523437
56611859	560279572002	1	80000	42.7586569	-104.4523142
56611860	560279572002	1	23000	42.7590925	-104.4526028
56611861	560279572002	1	60000	42.7588816	-104.4569091
56611862	560279572002	1	88400	42.7591865	-104.4564188
56611863	560279572002	1	29000	42.7588888	-104.4564528
56611864	560279572002	1	103120	42.7584505	-104.4571899
56611865	560279572002	9	400	42.7587322	-104.4564752
56611866	560279572002	1	135000	42.7591317	-104.4575097
56611867	560279572002	9	15900	42.7591234	-104.4573279
56611868	560279572002	9	400	42.7585266	-104.4549632
56611869	560279572002	1	136700	42.7613427	-104.4601567
56611870	560279572002	1	100000	42.7564697	-104.4568756
56611871	560279572002	1	116500	42.7606418	-104.4600516
56611872	560279572002	1	9000	42.7584998	-104.4552769
56611873	560279572002	1	20700	42.7589896	-104.4556987
56611874	560279572002	9	70140	42.7584727	-104.4551580
56611875	560279572002	1	166000	42.7591159	-104.4553345
56611876	560279572002	1	72000	42.7584314	-104.4561145
56611877	560279572002	1	14800	42.7585702	-104.4552072
56611878	560279572002	1	197400	42.7599693	-104.4596952
56611879	560279572002	1	114100	42.7602153	-104.4592413
56611880	560279572002	1	35100	42.7590441	-104.4563527
56611881	560279572002	1	48300	42.7599634	-104.4600760
56611882	560279572002	1	10700	42.7604588	-104.4598331
56611883	560279572002	1	2100	42.7604726	-104.4601734
56611884	560279572002	1	27000	42.7604706	-104.4592811
56611885	560279572002	1	75900	42.7559777	-104.4562332
56611886	560279572002	1	17400	42.7605447	-104.4526839
56611887	560279572002	1	42800	42.7604385	-104.4523645
56611888	560279572002	1	14400	42.7602104	-104.4591342
56611889	560279572002	1	54600	42.7611015	-104.4522647
56611890	560279572002	1	54200	42.7608548	-104.4526467
56611891	560279572002	1	7000	42.7608580	-104.4522808
56611892	560279572002	1	73000	42.7607064	-104.4526595
56611893	560279572002	1	53000	42.7563621	-104.4561767
56611894	560279572002	1	11710	42.7598217	-104.4520999
56611895	560279572002	1	6200	42.7605733	-104.4524173
56611896	560279572002	1	8000	42.7596071	-104.4523607
56611897	560279572002	1	166000	42.7601483	-104.4522812
56611898	560279572002	1	46820	42.7595808	-104.4524642
56611899	560279572002	1	55010	42.7595548	-104.4524726
56611900	560279572002	1	40000	42.7612485	-104.4601074
56611901	560279572002	1	85500	42.7626783	-104.4560353
56611902	560279572002	2	157500	42.7618785	-104.4556830
56611903	560279572002	1	117200	42.7557339	-104.4564509
56611904	560279572002	1	12000	42.7556824	-104.4562426
56611905	560279572002	1	298800	42.7565114	-104.4560690
56611906	560279572002	1	47000	42.7617960	-104.4565830
56611907	560279572002	1	53000	42.7564411	-104.4570710
56611908	560279572002	1	60500	42.7614525	-104.4562356
56611909	560279572002	1	22000	42.7627426	-104.4562133
56611910	560279572002	1	116000	42.7612541	-104.4564420
56611911	560279572002	1	0	42.7617306	-104.4564506
56611912	560279572002	1	24600	42.7611356	-104.4565597
56611913	560279572002	1	70000	42.7621230	-104.4566154
56611914	560279572002	1	92000	42.7613498	-104.4563227
56611915	560279572002	9	8000	42.7625339	-104.4563507
56611916	560279572002	1	94610	42.7619559	-104.4600590
56611917	560279572002	1	6350	42.7616138	-104.4588657
56611918	560279572002	1	65000	42.7623514	-104.4563269
56611919	560279572002	1	51200	42.7623178	-104.4556770
56611920	560279572002	1	46500	42.7627431	-104.4557370
56611921	560279572002	1	81200	42.7613234	-104.4591042
56611922	560279572002	1	17100	42.7613176	-104.4591123
56611923	560279572002	9	70140	42.7611873	-104.4585549
56611924	560279572002	1	22000	42.7622565	-104.4600884
56611925	560279572002	1	137500	42.7617858	-104.4593596
56611926	560279572002	9	4120	42.7612616	-104.4585536
56611927	560279572002	1	95700	42.7613400	-104.4583202
56611928	560279572002	1	94200	42.7625170	-104.4602375
56611929	560279572002	1	7900	42.7623336	-104.4599682
56611930	560279572002	1	30000	42.7624160	-104.4593127
56611931	560279572002	1	370	42.7587271	-104.4545102
56611932	560279572002	1	8400	42.7595589	-104.4580815
56611933	560279572002	1	85600	42.7602378	-104.4582732
56611934	560279572002	1	51000	42.7560318	-104.4559271
56611935	560279572002	1	20000	42.7612508	-104.4601698
56611936	560279572002	1	79700	42.7615547	-104.4591940
56611937	560279572002	1	52500	42.7564652	-104.4560035
56611938	560279572002	1	28390	42.7616205	-104.4596347
56611939	560279572002	1	60000	42.7614884	-104.4599029
56611940	560279572002	1	133000	42.7607833	-104.4587630
56611941	560279572002	1	20000	42.7564262	-104.4556552
56611942	560279572002	1	101000	42.7559460	-104.4548416
56611943	560279572002	1	70000	42.7563801	-104.4555111
56611944	560279572002	1	29000	42.7607009	-104.4583776
56611945	560279572002	1	57100	42.7559304	-104.4553657
56611946	560279572002	1	37900	42.7602538	-104.4587549
56611947	560279572002	1	97000	42.7596851	-104.4580743
56611948	560279572002	1	16400	42.7580188	-104.4565608
56611949	560279572002	1	98000	42.7575332	-104.4563336
56611950	560279572002	1	55000	42.7605798	-104.4580112
56611951	560279572002	1	30200	42.7606742	-104.4581838
56611952	560279572002	1	21000	42.7578991	-104.4568922
56611953	560279572002	1	18000	42.7575726	-104.4567712
56611954	560279572002	1	14600	42.7574595	-104.4562248
56611955	560279572002	1	1000	42.7568195	-104.4572467
56611956	560279572002	1	8400	42.7567232	-104.4565139
56611957	560279572002	9	50000	42.7574860	-104.4568181
56611958	560279572002	1	41800	42.7571089	-104.4571302
56611959	560279572002	1	91700	42.7571618	-104.4571736
56611960	560279572002	1	366400	42.7572179	-104.4572698
56611961	560279572002	1	52400	42.7567270	-104.4570320
56611962	560279572002	1	173000	42.7590151	-104.4541040
56611963	560279572002	1	83200	42.7606074	-104.4569397
56611964	560279572002	1	9200	42.7590559	-104.4526697
56611965	560279572002	1	122500	42.7592143	-104.4585464
56611966	560279572002	1	62400	42.7593953	-104.4585411
56611967	560279572002	1	5204	42.7592708	-104.4529309
56611968	560279572002	1	65880	42.7597907	-104.4583442
56611969	560279572002	1	42300	42.7594712	-104.4584600
56611970	560279572002	1	105400	42.7606475	-104.4566815
56611971	560279572002	9	17250	42.7587716	-104.4536397
56611972	560279572002	9	87400	42.7589517	-104.4532907
56611973	560279572002	9	4120	42.7591397	-104.4531071
56611974	560279572002	1	6200	42.7603414	-104.4570884
56611975	560279572002	1	112600	42.7603447	-104.4566429
56611976	560279572002	1	102600	42.7601644	-104.4575659
56611977	560279572002	1	58700	42.7592791	-104.4544107
56611978	560279572002	1	51600	42.7594748	-104.4573428
56611979	560279572002	1	110000	42.7591697	-104.4574739
56611980	560279572002	1	135450	42.7593522	-104.4568038
56611981	560279572002	1	41000	42.7596149	-104.4575646
56611982	560279572002	1	12900	42.7594965	-104.4567855
56611983	560279572002	1	66000	42.7618225	-104.4579527
56611984	560279572002	1	46100	42.7621501	-104.4591919
56611985	560279572002	1	33100	42.7620660	-104.4584750
56611986	560279572002	1	34000	42.7599278	-104.4531331
56611987	560279572002	2	38100	42.7618548	-104.4587748
56611988	560279572002	1	19410	42.7604572	-104.4533636
56611989	560279572002	1	60000	42.7580935	-104.4550633
56611990	560279572002	1	85000	42.7615670	-104.4578784
56611991	560279572002	1	100000	42.7644474	-104.4536759
56611992	560279572002	1	16000	42.7595594	-104.4535581
56611993	560279572002	1	64000	42.7618631	-104.4574806
56611994	560279572002	1	8200	42.7624599	-104.4577795
56611995	560279572002	1	25300	42.7622270	-104.4579807
56611996	560279572002	1	25000	42.7626514	-104.4577744
56611997	560279572002	1	45800	42.7620867	-104.4572430
56611998	560279572002	1	9300	42.7583694	-104.4552473
56611999	560279572002	1	14730	42.7568157	-104.4521407
56612000	560279572002	1	38000	42.7612217	-104.4571702
56612001	560279572002	1	6550	42.7618147	-104.4571264
56612002	560279572002	1	84500	42.7610717	-104.4574369
56612003	560279572002	1	1100	42.7570468	-104.4522579
56612004	560279572002	1	102000	42.7612729	-104.4575124
56612005	560279572002	1	2760	42.7581242	-104.4521180
56612006	560279572002	1	100500	42.7576210	-104.4555917
56612007	560279572002	1	95000	42.7565327	-104.4542700
56612008	560279572002	2	157500	42.7562591	-104.4536551
56612009	560279572002	1	23100	42.7562937	-104.4541529
56612010	560279572002	1	131000	42.7579091	-104.4557540
56612011	560279572002	9	22004	42.7558054	-104.4538479
56612012	560279572002	1	53000	42.7557574	-104.4545548
56612013	560279572002	1	34200	42.7640844	-104.4534042
56612014	560279572002	1	8200	42.7615191	-104.4551018
56612015	560279572002	1	45000	42.7624658	-104.4547201
56612016	560279572002	2	12000	42.7569844	-104.4559273
56612017	560279572002	1	22200	42.7573814	-104.4551957
56612018	560279572002	1	56004	42.7573672	-104.4560952
56612019	560279572002	1	58700	42.7628906	-104.4549003
56612020	560279572002	1	60400	42.7568848	-104.4557712
56612021	560279572002	1	57500	42.7627912	-104.4549790
56612022	560279572002	1	46010	42.7615982	-104.4548245
56612023	560279572002	1	157000	42.7627665	-104.4542889
56612024	560279572002	1	8000	42.7621869	-104.4549174
56612025	560279572002	1	73000	42.7628943	-104.4542778
56612026	560279572002	1	8000	42.7614031	-104.4545665
56612027	560279572002	1	6000	42.7623038	-104.4531204
56612028	560279572002	1	2400	42.7624196	-104.4533119
56612029	560279572002	1	259000	42.7685928	-104.4535580
56612030	560279572002	2	12000	42.7677251	-104.4608883
56612031	560279572002	1	61000	42.7616734	-104.4530197
56612032	560279572002	1	8000	42.7611463	-104.4551606
56612033	560279572002	1	188000	42.7614024	-104.4537744
56612034	560279572002	1	1000	42.7673835	-104.4609453
56612035	560279572002	1	8400	42.7614350	-104.4533031
56612036	560279572002	1	64000	42.7614229	-104.4531476
56612037	560279572002	1	125800	42.7690303	-104.4527873
56612038	560279572002	9	400	42.7663602	-104.4577270
56612039	560279572002	1	38000	42.7676861	-104.4600041
56612040	560279572002	1	72000	42.7672288	-104.4573816
56612041	560279572002	1	79790	42.7685582	-104.4532476
56612042	560279572002	1	146000	42.7668497	-104.4575897
56612043	560279572002	1	79000	42.7546607	-104.4518291
56612044	560279572002	1	115000	42.7609112	-104.4529766
56612045	560279572002	1	115000	42.7643727	-104.4540051
56612046	560279572002	1	191800	42.7608146	-104.4548653
56612047	560279572002	1	16800	42.7610523	-104.4538215
56612048	560279572002	1	8200	42.7605744	-104.4542341
56612049	560279572002	1	141000	42.7647613	-104.4546225
56612050	560279572002	1	40100	42.7652145	-104.4548499
56612051	560279572002	9	8000	42.7605573	-104.4544211
56612052	560279572002	1	94250	42.7654709	-104.4554817
56612053	560279572002	1	37700	42.7594435	-104.4536022
56612054	560279572003	1	38300	42.7581328	-104.4434484
56612055	560279572003	1	83200	42.7541714	-104.4424939
56612056	560279572003	1	58300	42.7630735	-104.4438124
56612057	560279572003	1	10600	42.7541141	-104.4392584
56612058	560279572003	1	30100	42.7622983	-104.4451603
56612059	560279572003	1	83000	42.7643505	-104.4428854
56612060	560279572003	1	56000	42.7540294	-104.4420019
56612061	560279572003	1	64000	42.7549392	-104.4419910
56612062	560279572003	1	58000	42.7548058	-104.4402352
56612063	560279572003	1	18300	42.7531187	-104.4437491
56612064	560279572003	1	30000	42.7550696	-104.4424901
56612065	560279572003	1	56400	42.7562432	-104.4436235
56612066	560279572003	1	11800	42.7643749	-104.4414963
56612067	560279572003	1	24100	42.7545841	-104.4376139
56612068	560279572003	1	78000	42.7576998	-104.4280920
56612069	560279572003	1	15300	42.7616980	-104.4390813
56612070	560279572003	1	43600	42.7517614	-104.4441236
56612071	560279572003	1	33200	42.7553459	-104.4402182
56612072	560279572003	1	32000	42.7633412	-104.4432485
56612073	560279572003	1	30000	42.7570636	-104.4436126
56612074	560279572003	1	17400	42.7600193	-104.4440415
56612075	560279572003	1	55000	42.7590422	-104.4428882
56612076	560279572003	1	26300	42.7564438	-104.4438368
56612077	560279572003	1	43200	42.7597497	-104.4420419
56612078	560279572003	1	12800	42.7652669	-104.4441189
56612079	560279572003	1	82400	42.7607667	-104.4433292
56612080	560279572003	1	24000	42.7588723	-104.4449893
56612081	560279572003	1	62000	42.7637528	-104.4337414
56612082	560279572003	1	71100	42.7589291	-104.4293963
56612083	560279572003	1	12000	42.7554370	-104.4396743
56612084	560279572003	1	11500	42.7597726	-104.4334232
56612085	560279572003	1	55700	42.7635895	-104.4328490
56612086	560279572003	1	30550	42.7605295	-104.4360719
56612087	560279572003	1	10500	42.7610454	-104.4326687
56612088	560279572003	1	52800	42.7642134	-104.4307014
56612089	560279572003	1	71200	42.7631163	-104.4307467
56612090	560279572003	1	75400	42.7642162	-104.4360678
56612091	560279572003	1	20000	42.7632813	-104.4286633
56612092	560279572003	1	128000	42.7632406	-104.4278920
56612093	560279572003	1	86000	42.7532651	-104.4488170
56612094	560279572003	1	31400	42.7625931	-104.4449021
56612095	560279572003	1	50060	42.7624343	-104.4454487
56612096	560279572003	1	19200	42.7614587	-104.4495538
56612097	560279572003	1	16000	42.7572893	-104.4495816
56612098	560279572003	1	29200	42.7571286	-104.4491010
56612099	560279572003	1	21000	42.7594329	-104.4517605
56612100	560279572003	1	37280	42.7613949	-104.4520883
56612101	560279572003	1	60000	42.7615619	-104.4519138
56612102	560279572003	1	84250	42.7620492	-104.4519976
56612103	560279572003	1	56900	42.7615517	-104.4520900
56612104	560279572003	1	59000	42.7613729	-104.4517837
56612105	560279572003	1	10500	42.7613489	-104.4518247
56612106	560279572003	1	38840	42.7617207	-104.4519741
56612107	560279572003	1	78700	42.7587924	-104.4519386
56612108	560279572003	1	42000	42.7628719	-104.4519628
56612109	560279572003	1	45000	42.7616165	-104.4519337
56612110	560279572003	1	27500	42.7622224	-104.4518772
56612111	560279572003	1	73000	42.7586607	-104.4515288
56612112	560279572003	1	58400	42.7630864	-104.4520560
56612113	560279572003	1	79000	42.7622093	-104.4519795
56612114	560279572003	1	39000	42.7576810	-104.4497123
56612115	560279572003	1	51000	42.7570221	-104.4491002
56612116	560279572003	1	216900	42.7587226	-104.4514668
56612117	560279572003	1	8400	42.7591002	-104.4515783
56612118	560279572003	1	13800	42.7587984	-104.4518215
56612119	560279572003	1	40000	42.7578702	-104.4488949
56612120	560279572003	1	11700	42.7588446	-104.4514526
56612121	560279572003	1	60000	42.7588838	-104.4519288
56612122	560279572003	1	20200	42.7574061	-104.4490728
56612123	560279572003	1	26100	42.7571578	-104.4489205
56612124	560279572003	1	70000	42.7576968	-104.4496849
56612125	560279572003	1	42300	42.7571388	-104.4492239
56612126	560279572003	1	80000	42.7572886	-104.4498874
56612127	560279572003	1	67500	42.7575260	-104.4495556
56612128	560279572003	1	10600	42.7573835	-104.4499090
56612129	560279572003	1	259000	42.7613848	-104.4497981
56612130	560279572003	1	47000	42.7669102	-104.4480209
56612131	560279572003	1	27800	42.7615694	-104.4504001
56612132	560279572003	1	50000	42.7668928	-104.4497667
56612133	560279572003	1	25000	42.7668960	-104.4493175
56612134	560279572003	1	122000	42.7670915	-104.4495200
56612135	560279572003	1	20200	42.7671410	-104.4493982
56612136	560279572003	1	63400	42.7671077	-104.4493822
56612137	560279572003	1	15500	42.7672620	-104.4492090
56612138	560279572003	1	5000	42.7671791	-104.4487374
56612139	560279572003	1	28300	42.7622084	-104.4495284
56612140	560279572003	1	23000	42.7617137	-104.4497852
56612141	560279572003	1	38400	42.7677331	-104.4494840
56612142	560279572003	1	42000	42.7675685	-104.4497254
56612143	560279572003	1	58470	42.7622478	-104.4504282
56612144	560279572003	1	103300	42.7620274	-104.4501923
56612145	560279572003	1	27400	42.7614989	-104.4496585
56612146	560279572003	1	13970	42.7615903	-104.4490616
56612147	560279572003	1	30000	42.7598743	-104.4516535
56612148	560279572003	1	8400	42.7603581	-104.4519030
56612149	560279572003	1	19200	42.7618029	-104.4502994
56612150	560279572003	1	1100	42.7620093	-104.4500062
56612151	560279572003	1	14800	42.7602488	-104.4516472
56612152	560279572003	1	63440	42.7598383	-104.4519257
56612153	560279572003	1	82300	42.7602596	-104.4519829
56612154	560279572003	1	56400	42.7616357	-104.4490273
56612155	560279572003	1	19000	42.7618397	-104.4482436
56612156	560279572003	1	15400	42.7596380	-104.4517743
56612157	560279572003	1	20200	42.7615641	-104.4485588
56612158	560279572003	1	26000	42.7618253	-104.4490434
56612159	560279572003	1	37500	42.7620394	-104.4481119
56612160	560279572003	1	50100	42.7618603	-104.4484515
56612161	560279572003	1	49700	42.7608027	-104.4503730
56612162	560279572003	1	108000	42.7623907	-104.4511982
56612163	560279572003	1	174000	42.7549849	-104.4497147
56612164	560279572003	1	28000	42.7663902	-104.4483258
56612165	560279572003	1	33940	42.7666982	-104.4483680
56612166	560279572003	1	38000	42.7666441	-104.4482435
56612167	560279572003	1	61000	42.7665817	-104.4483941
56612168	560279572003	1	64800	42.7667903	-104.4477034
56612169	560279572003	1	82600	42.7668159	-104.4479512
56612170	560279572003	1	28800	42.7623826	-104.4510892
56612171	560279572003	1	77800	42.7550074	-104.4498308
56612172	560279572003	1	81000	42.7547624	-104.4498780
56612173	560279572003	1	52320	42.7548780	-104.4498743
56612174	560279572003	1	80600	42.7626544	-104.4506852
56612175	560279572003	1	87000	42.7547369	-104.4506105
56612176	560279572003	1	12600	42.7546075	-104.4506364
56612177	560279572003	1	30200	42.7612314	-104.4501792
56612178	560279572003	1	76000	42.7631675	-104.4518824
56612179	560279572003	1	17000	42.7623779	-104.4512955
56612180	560279572003	1	20000	42.7629006	-104.4517875
56612181	560279572003	1	29600	42.7626692	-104.4507647
56612182	560279572003	1	22000	42.7632501	-104.4518492
56612183	560279572003	1	103000	42.7633761	-104.4509341
56612184	560279572003	1	18600	42.7635578	-104.4508152
56612185	560279572003	1	110000	42.7604200	-104.4500351
56612186	560279572003	1	8500	42.7601402	-104.4496206
56612187	560279572003	1	12790	42.7639629	-104.4508455
56612188	560279572003	1	54500	42.7638780	-104.4512366
56612189	560279572003	1	85500	42.7597215	-104.4499512
56612190	560279572003	1	80000	42.7603957	-104.4495597
56612191	560279572003	1	121500	42.7603906	-104.4502032
56612192	560279572003	1	32300	42.7532765	-104.4485187
56612193	560279572003	1	24400	42.7545529	-104.4468132
56612194	560279572003	1	9600	42.7665780	-104.4494347
56612195	560279572003	1	12200	42.7614324	-104.4513016
56612196	560279572003	1	51000	42.7552535	-104.4485648
56612197	560279572003	1	14000	42.7552061	-104.4494421
56612198	560279572003	1	61100	42.7610458	-104.4503416
56612199	560279572003	1	104000	42.7553278	-104.4492725
56612200	560279572003	1	28000	42.7554400	-104.4497286
56612201	560279572003	1	56004	42.7552356	-104.4494975
56612202	560279572003	1	12600	42.7618273	-104.4511084
56612203	560279572003	1	71100	42.7566910	-104.4494883
56612204	560279572003	1	75600	42.7565966	-104.4487043
56612205	560279572003	1	100400	42.7566485	-104.4492179
56612206	560279572003	1	28000	42.7613715	-104.4511151
56612207	560279572003	1	8300	42.7566331	-104.4493138
56612208	560279572003	1	15600	42.7567793	-104.4489569
56612209	560279572003	1	16000	42.7663359	-104.4495711
56612210	560279572003	1	15000	42.7593803	-104.4503432
56612211	560279572003	1	21000	42.7589937	-104.4505598
56612212	560279572003	1	131500	42.7614499	-104.4511640
56612213	560279572003	1	20400	42.7618078	-104.4516532
56612214	560279572003	1	27800	42.7587289	-104.4504139
56612215	560279572003	1	22000	42.7593379	-104.4507642
56612216	560279572003	1	41280	42.7593751	-104.4506826
56612217	560279572003	1	28800	42.7661829	-104.4497331
56612218	560279572003	1	17000	42.7583392	-104.4507223
56612219	560279572003	1	25640	42.7585463	-104.4513177
56612220	560279572003	1	27000	42.7583113	-104.4510112
56612221	560279572003	1	26000	42.7666262	-104.4489907
56612222	560279572003	1	26000	42.7586541	-104.4510285
56612223	560279572003	1	61000	42.7578349	-104.4510107
56612224	560279572003	1	180000	42.7548539	-104.4481965
56612225	560279572003	1	32100	42.7618329	-104.4468699
56612226	560279572003	1	37000	42.7673897	-104.4481347
56612227	560279572003	1	8000	42.7552820	-104.4450615
56612228	560279572003	1	93200	42.7663897	-104.4492042
56612229	560279572003	1	44490	42.7547365	-104.4456886
56612230	560279572003	1	2100	42.7549684	-104.4454379
56612231	560279572003	1	9900	42.7549679	-104.4448098
56612232	560279572003	1	45000	42.7552269	-104.4453381
56612233	560279572003	1	23000	42.7621126	-104.4470522
56612234	560279572003	1	95000	42.7672824	-104.4482691
56612235	560279572003	1	63440	42.7676207	-104.4483338
56612236	560279572003	1	53600	42.7676876	-104.4486663
56612237	560279572003	1	23100	42.7620689	-104.4477141
56612238	560279572003	1	11200	42.7675112	-104.4477159
56612239	560279572003	1	15120	42.7621148	-104.4475401
56612240	560279572003	1	22730	42.7548938	-104.4481043
56612241	560279572003	1	141000	42.7585893	-104.4516967
56612242	560279572003	1	65200	42.7572664	-104.4515263
56612243	560279572003	1	26500	42.7620310	-104.4478065
56612244	560279572003	1	43000	42.7572512	-104.4516024
56612245	560279572003	1	15600	42.7583358	-104.4515182
56612246	560279572003	1	14000	42.7575905	-104.4513692
56612247	560279572003	1	48000	42.7571431	-104.4518542
56612248	560279572003	1	84500	42.7550667	-104.4474427
56612249	560279572003	1	100040	42.7633736	-104.4482978
56612250	560279572003	1	86000	42.7578261	-104.4518589
56612251	560279572003	1	18000	42.7640394	-104.4486809
56612252	560279572003	1	68800	42.7550841	-104.4484221
56612253	560279572003	1	92000	42.7640246	-104.4491376
56612254	560279572003	1	37900	42.7636010	-104.4487993
56612255	560279572003	1	30100	42.7529137	-104.4490010
56612256	560279572003	1	69900	42.7602286	-104.4485923
56612257	560279572003	1	25100	42.7617213	-104.4461278
56612258	560279572003	1	22800	42.7584573	-104.4493836
56612259	560279572003	1	32000	42.7550682	-104.4466571
56612260	560279572003	1	37200	42.7551418	-104.4467920
56612261	560279572003	1	16000	42.7586375	-104.4497826
56612262	560279572003	1	96000	42.7547861	-104.4462982
56612263	560279572003	1	0	42.7582887	-104.4496846
56612264	560279572003	1	124000	42.7617599	-104.4457974
56612265	560279572003	1	15510	42.7594755	-104.4497968
56612266	560279572003	1	27000	42.7581472	-104.4497660
56612267	560279572003	1	31400	42.7589681	-104.4496283
56612268	560279572003	1	0	42.7625706	-104.4459702
56612269	560279572003	1	31400	42.7595808	-104.4501934
56612270	560279572003	1	148300	42.7588295	-104.4500016
56612271	560279572003	1	25600	42.7605388	-104.4479787
56612272	560279572003	1	117600	42.7647862	-104.4461128
56612273	560279572003	1	25000	42.7629858	-104.4486674
56612274	560279572003	1	24000	42.7624558	-104.4461591
56612275	560279572003	1	62600	42.7632619	-104.4492858
56612276	560279572003	1	54300	42.7646184	-104.4461287
56612277	560279572003	1	16200	42.7627535	-104.4486002
56612278	560279572003	1	56400	42.7624519	-104.4481833
56612279	560279572003	1	85000	42.7600538	-104.4487233
56612280	560279572003	1	35600	42.7607522	-104.4487106
56612281	560279572003	1	52800	42.7645115	-104.4460376
56612282	560279572003	1	27000	42.7647031	-104.4462238
56612283	560279572003	1	17800	42.7614181	-104.4485912
56612284	560279572003	1	94250	42.7609876	-104.4489817
56612285	560279572003	1	20000	42.7608789	-104.4490575
56612286	560279572003	1	52700	42.7536602	-104.4480216
56612287	560279572003	1	55000	42.7562865	-104.4449687
56612288	560279572003	1	84000	42.7572251	-104.4469483
56612289	560279572003	1	19200	42.7565723	-104.4467532
56612290	560279572003	1	15900	42.7602687	-104.4482199
56612291	560279572003	1	64200	42.7576367	-104.4472911
56612292	560279572003	1	89000	42.7564152	-104.4471463
56612293	560279572003	1	76000	42.7564329	-104.4465116
56612294	560279572003	1	77400	42.7604858	-104.4442520
56612295	560279572003	1	65340	42.7576311	-104.4478798
56612296	560279572003	1	146000	42.7574332	-104.4474896
56612297	560279572003	1	85000	42.7577711	-104.4485107
56612298	560279572003	1	98000	42.7604787	-104.4451468
56612299	560279572003	1	41280	42.7579179	-104.4476289
56612300	560279572003	1	15000	42.7600080	-104.4453183
56612301	560279572003	1	23200	42.7536525	-104.4477150
56612302	560279572003	1	100400	42.7557728	-104.4456101
56612303	560279572003	1	37000	42.7535500	-104.4471035
56612304	560279572003	1	69060	42.7555427	-104.4454874
56612305	560279572003	1	33400	42.7531130	-104.4481653
56612306	560279572003	1	21000	42.7634640	-104.4475094
56612307	560279572003	1	27480	42.7528993	-104.4480515
56612308	560279572003	1	92000	42.7541773	-104.4515778
56612309	560279572003	1	30200	42.7541707	-104.4513103
56612310	560279572003	1	13000	42.7541639	-104.4513667
56612311	560279572003	1	116500	42.7539674	-104.4495179
56612312	560279572003	1	24000	42.7535054	-104.4486634
56612313	560279572003	1	121000	42.7538524	-104.4485209
56612314	560279572003	1	44490	42.7528670	-104.4475421
56612315	560279572003	1	64800	42.7560186	-104.4464190
56612316	560279572003	1	36000	42.7616952	-104.4445796
56612317	560279572003	1	74600	42.7574848	-104.4449934
56612318	560279572003	1	30000	42.7515512	-104.4482279
56612319	560279572003	1	57300	42.7558314	-104.4465268
56612320	560279572003	1	17000	42.7689962	-104.4497075
56612321	560279572003	1	63450	42.7691588	-104.4502025
56612322	560279572003	1	31500	42.7614250	-104.4446440
56612323	560279572003	1	34000	42.7689472	-104.4501186
56612324	560279572003	1	42500	42.7561790	-104.4476770
56612325	560279572003	1	27200	42.7562058	-104.4485265
56612326	560279572003	1	23000	42.7611365	-104.4446312
56612327	560279572003	1	31200	42.7569729	-104.4481775
56612328	560279572003	1	10100	42.7556609	-104.4473930
56612329	560279572003	1	21700	42.7566248	-104.4476417
56612330	560279572003	1	65640	42.7558982	-104.4477231
56612331	560279572003	1	133100	42.7646790	-104.4452885
56612332	560279572003	1	27500	42.7596110	-104.4469119
56612333	560279572003	1	191400	42.7551100	-104.4497074
56612334	560279572003	1	85000	42.7682078	-104.4489607
56612335	560279572003	1	25000	42.7617095	-104.4432044
56612336	560279572003	1	43000	42.7545494	-104.4494930
56612337	560279572003	1	29100	42.7645461	-104.4509613
56612338	560279572003	1	47000	42.7537621	-104.4433448
56612339	560279572003	1	17100	42.7685540	-104.4491287
56612340	560279572003	1	82200	42.7569678	-104.4509981
56612341	560279572003	1	66900	42.7530431	-104.4422663
56612342	560279572003	1	29000	42.7573579	-104.4508006
56612343	560279572003	1	34000	42.7599141	-104.4468951
56612344	560279572003	1	21030	42.7687228	-104.4476974
56612345	560279572003	1	45000	42.7625412	-104.4494171
56612346	560279572003	1	27000	42.7638147	-104.4503104
56612347	560279572003	1	30000	42.7636501	-104.4505331
56612348	560279572003	1	20250	42.7695643	-104.4488759
56612349	560279572003	1	21000	42.7624939	-104.4500623
56612350	560279572003	1	143000	42.7687664	-104.4477606
56612351	560279572003	1	14400	42.7614895	-104.4455978
56612352	560279572003	1	74000	42.7659473	-104.4468165
56612353	560279572003	1	53000	42.7678473	-104.4487126
56612354	560279572003	1	10600	42.7653479	-104.4467575
56612355	560279572003	1	60000	42.7678061	-104.4453404
56612356	560279572003	1	27000	42.7522042	-104.4483712
56612357	560279572003	1	55000	42.7522376	-104.4502204
56612358	560279572003	1	70000	42.7520892	-104.4455277
56612359	560279572003	1	83300	42.7609916	-104.4426166
56612360	560279572003	1	21710	42.7585707	-104.4484719
56612361	560279572003	1	18000	42.7613154	-104.4470205
56612362	560279572003	1	74120	42.7605693	-104.4466365
56612363	560279572003	1	30000	42.7594619	-104.4483254
56612364	560279572003	1	60600	42.7585707	-104.4471024
56612365	560279572003	1	27500	42.7578109	-104.4455819
56612366	560279572003	1	15600	42.7553446	-104.4503430
56612367	560279572003	1	28000	42.7536714	-104.4462194
56612368	560279572003	1	54300	42.7594866	-104.4462602
56612369	560279572003	1	51030	42.7616170	-104.4422917
56612370	560279572003	1	42000	42.7564481	-104.4507707
56612371	560279572003	1	40430	42.7540925	-104.4453380
56612372	560279572003	1	28000	42.7533741	-104.4461701
56612373	560279572003	1	74000	42.7527038	-104.4417186
56612374	560279572003	1	56000	42.7514247	-104.4414422
56612375	560279572003	1	24700	42.7598472	-104.4444036
56612376	560279572003	1	22800	42.7566282	-104.4461624
56612377	560279572003	1	24000	42.7518252	-104.4457477
56612378	560279572003	1	20200	42.7508400	-104.4503859
56612379	560279572003	1	30000	42.7641967	-104.4441161
56612380	560279572003	1	70000	42.7540013	-104.4435224
56612381	560279572003	1	29000	42.7516620	-104.4505302
56612382	560279572003	1	18000	42.7532958	-104.4449211
56612383	560279572003	1	65000	42.7584676	-104.4454266
56612384	560279572003	1	28600	42.7553774	-104.4445306
56612385	560279572003	1	122000	42.7508263	-104.4511245
56612386	560279572003	1	30000	42.7525475	-104.4475178
