sp_id	sp_hh_id	age	sex	race	relate	school_id	work_id
164389860	56612370	48	F	1	0	X	517498830
164848512	56611497	61	M	1	0	X	517498790
164848513	56611497	43	F	1	1	X	517499228
165192052	56611612	46	M	1	10	X	517505032
165192053	56611612	42	F	1	0	X	517504789
165221509	56612017	75	F	1	1	X	X
165221510	56612017	82	M	1	0	X	X
166204794	56612223	13	F	1	2	450098787	X
166204796	56612223	40	M	1	0	X	517498916
166308193	56612004	45	F	1	0	X	X
166902562	56611483	57	F	1	1	X	517498846
166902609	56612127	57	M	1	0	X	517498846
166974705	56612197	30	F	1	0	X	517509955
167530530	56611374	62	F	1	0	X	517498781
167530531	56611374	20	F	9	5	X	517498879
168275823	56612031	0	M	1	2	X	X
168275825	56612031	37	F	1	0	X	517498895
168719060	56612026	55	M	1	0	X	517661028
168719092	56612227	55	M	1	0	X	517498867
168926872	56611742	20	F	1	10	X	517498872
168926946	56612006	20	F	1	10	X	517509965
170831888	56612142	57	F	1	0	X	517498872
171328586	56611980	38	M	1	0	X	517498857
171328588	56611980	12	F	1	2	450098787	X
172239959	56612285	57	F	1	0	X	517661387
172239965	56611765	57	F	1	0	X	517498849
173430305	56612376	13	M	1	2	450098787	X
173430307	56612376	4	M	2	2	450093640	X
173430308	56612376	0	M	1	5	X	X
173430311	56612376	41	F	1	0	X	X
173430312	56612376	7	M	2	2	450098787	X
173494816	56611720	45	F	1	1	X	517498849
174142557	56611744	81	F	1	1	X	X
174758663	56611340	52	M	1	1	X	517498872
174758664	56611340	46	F	1	0	X	517661330
174969184	56611752	6	F	1	2	450098787	X
174969187	56611752	13	F	1	2	450098787	X
175087324	56611561	49	F	1	1	X	517661506
176362212	56612190	28	M	1	0	X	517509964
176868042	56611760	40	F	1	10	X	517498848
176868043	56611760	50	M	1	0	X	517498879
176868111	56611334	40	F	1	10	X	517498795
177553398	56611699	56	M	1	0	X	517498830
178724604	56611345	87	F	1	0	X	X
179436370	56611414	69	F	1	1	X	517498934
179524717	56611482	18	F	1	2	450100945	X
179524719	56611482	50	M	1	1	X	517498986
179524731	56612098	50	M	1	1	X	517498846
179524735	56611386	18	F	1	2	450100945	X
179524736	56611386	50	F	1	0	X	X
179827491	56611729	42	F	1	0	X	X
179827492	56611544	8	F	1	2	450098787	X
179827493	56611544	49	M	1	1	X	517498872
179827494	56611544	42	F	1	0	X	X
180047401	56612240	70	F	1	0	X	517498894
183304257	56612003	78	M	1	0	X	X
183304258	56611643	78	M	1	0	X	X
183493260	56611381	49	F	1	1	X	517661188
183493261	56611381	51	M	1	0	X	517498872
183493263	56611381	24	F	1	2	X	517498862
184759378	56612220	40	F	1	0	X	517498872
184759424	56611884	7	M	1	2	450098787	X
184759425	56611884	13	M	1	2	450098787	X
185375773	56611401	64	F	1	0	X	517498840
186400480	56611915	48	F	9	0	X	517498794
187490972	56611361	61	M	1	1	X	X
187490973	56611361	60	F	1	0	X	X
187504145	56612344	80	F	1	1	X	X
187677872	56612110	51	M	1	0	X	517498879
187677874	56611423	51	M	1	0	X	517498828
187677878	56611640	51	M	1	0	X	517498872
187842666	56611598	61	M	1	0	X	517498840
188363649	56612063	65	M	1	0	X	X
188467272	56611867	47	M	1	1	X	X
188536225	56611951	46	M	1	1	X	517498830
188536250	56612309	38	F	1	0	X	517498831
188536252	56612309	46	M	1	1	X	517498872
189103265	56612172	0	M	1	5	X	X
189103267	56612172	24	F	1	2	X	517498874
189124560	56612256	57	F	1	0	X	X
189690465	56611430	59	F	1	0	X	517498873
189718444	56612350	15	F	1	2	450100945	X
189718446	56612350	19	M	1	2	X	517498909
189719138	56612179	76	F	1	0	X	517504724
190135252	56611390	50	M	1	1	X	517661188
190135253	56611390	48	F	1	0	X	X
190158411	56612204	49	M	1	0	X	517498823
190158413	56612204	46	F	1	1	X	517498976
190204182	56611510	17	F	1	2	450100945	517509961
190204183	56611510	12	M	1	2	450098030	X
190204184	56611510	12	F	1	2	450098030	X
190204185	56611510	49	F	1	1	X	517498901
190270441	56611984	4	F	1	2	450093640	X
190568906	56612371	83	F	1	0	X	X
191752499	56612140	57	F	1	0	X	517498879
191752514	56612326	57	F	1	0	X	517498886
192761278	56611354	57	M	1	0	X	517498914
192761279	56611354	56	F	1	1	X	511928843
193200172	56612078	50	M	1	2	X	517498799
193982770	56611802	18	F	1	0	X	X
195223524	56611661	41	F	1	10	X	517498894
195944191	56612231	79	M	1	0	X	X
196023888	56611513	54	M	1	0	X	508055616
197534828	56611878	78	M	1	0	X	X
197709546	56612254	17	F	1	2	X	517510909
197709547	56612254	19	F	1	2	X	517498823
197709549	56612254	44	M	1	1	X	X
197709601	56611946	17	F	1	2	X	517498872
197709604	56611946	44	M	1	1	X	X
197744167	56611412	21	M	1	7	X	X
197744168	56611412	0	M	1	2	X	X
197744169	56611412	36	F	1	0	X	517498857
197744170	56611412	43	M	1	1	X	517498872
197761381	56612117	57	F	1	0	X	517661408
197780657	56611549	60	M	1	1	X	517498857
198455788	56611858	26	F	1	0	X	517510912
198487974	56611441	80	F	1	3	X	X
198487975	56611441	93	M	1	0	X	X
198487987	56611530	93	M	1	0	X	X
198488002	56612337	80	F	1	3	X	X
198488003	56612337	93	M	1	0	X	X
199976614	56611669	64	F	1	0	X	517499396
200164228	56612249	50	M	1	1	X	517498864
200164229	56612249	49	F	1	0	X	517498876
200964169	56611581	20	M	1	2	X	517498909
201087518	56611766	1	M	1	2	X	X
201149874	56611411	51	F	1	1	X	X
201149877	56612234	63	M	1	0	X	517498787
201367177	56611961	28	M	1	0	X	517498872
201367178	56611961	29	F	1	10	X	517498909
201569787	56611979	33	M	1	1	X	517498872
201653507	56612217	56	F	1	0	X	517498986
202359554	56611985	3	M	1	2	X	X
202359555	56611985	2	F	1	2	X	X
202359556	56611985	19	F	1	10	X	X
202359557	56611985	24	M	1	0	X	X
202997296	56612298	52	F	1	10	X	X
204577330	56611467	60	F	1	1	X	517498793
204900349	56612139	65	F	1	1	X	517498905
204900350	56612139	71	M	1	0	X	X
205523718	56611908	46	F	1	1	X	X
206320544	56611454	5	F	1	2	450093640	X
206320546	56611454	36	F	1	1	X	517498914
206320547	56611454	41	M	1	0	X	517500243
207072487	56611726	65	M	1	0	X	517661330
207072488	56611726	63	F	1	1	X	517498922
207870983	56611995	78	F	1	0	X	X
208267071	56612259	13	F	1	2	450098787	X
208267073	56612259	11	F	1	2	450098787	X
208267074	56612259	35	M	1	1	X	517498914
208466268	56611862	63	F	1	0	X	517661206
208466269	56611862	67	M	1	1	X	517660999
208837096	56612317	43	M	1	1	X	517498872
209039975	56612225	59	M	1	0	X	517510919
209039986	56611520	60	F	1	1	X	517498907
210247363	56611474	43	F	1	0	X	517498905
210247364	56611474	34	M	1	1	X	517498927
210247365	56611474	15	M	1	2	450100945	X
210247366	56611474	15	M	1	2	450100945	X
210308751	56611923	46	M	9	0	X	517510905
210308752	56611923	46	F	1	1	X	X
210321979	56612141	50	F	1	0	X	517498793
210359815	56611320	9	F	1	2	450098787	X
210359835	56612319	9	F	1	2	450098787	X
210359836	56612319	52	M	1	1	X	517498913
210359837	56612319	36	F	1	0	X	517498986
210359853	56611692	36	F	1	0	X	517498793
210359854	56611692	12	F	1	2	450098787	X
211767844	56611974	76	M	1	0	X	X
211996662	56612283	74	F	1	0	X	X
212360796	56611825	55	F	1	0	X	517498862
212360798	56611825	80	F	1	4	X	X
213518739	56611887	41	F	1	1	X	517510917
213518744	56611466	46	M	1	0	X	517498872
213712331	56612242	39	F	1	0	X	517498972
213712333	56612242	39	M	1	1	X	517498872
213959076	56611929	43	F	1	0	X	X
213959077	56611929	11	F	1	2	450098787	X
214982048	56611338	84	M	1	1	X	X
214982050	56612086	84	M	1	1	X	X
215160539	56611398	76	M	1	0	X	X
215160540	56611398	71	F	1	1	X	517498982
215324254	56612116	64	M	1	1	X	517498872
215324255	56612116	63	F	1	0	X	X
215361732	56611958	74	F	1	0	X	X
216043111	56612167	46	F	1	0	X	517498992
217731668	56612253	52	M	1	0	X	517510902
218642190	56611885	19	F	1	12	X	517510915
218642192	56611885	55	M	1	0	X	517498793
218880970	56612076	87	F	1	0	X	X
219053790	56611413	77	F	1	0	X	X
219402735	56611782	65	M	1	0	X	X
220028173	56612104	27	F	1	9	X	517510925
220809033	56611721	11	M	1	2	450098787	X
220809034	56611721	3	F	1	2	X	X
220809035	56611721	36	F	1	1	X	517498879
220809046	56611754	7	M	1	7	450098787	X
222308094	56611976	38	F	9	1	X	517498846
222744216	56611738	53	M	1	1	X	517498839
222744227	56611916	52	F	1	0	X	517498846
222744228	56611916	53	M	1	1	X	517498900
222747843	56612201	56	M	1	1	X	517499253
222747844	56612201	19	F	1	2	X	517498864
223907933	56611743	85	M	1	0	X	X
223914851	56612380	56	F	1	0	X	X
223914853	56612380	45	M	1	1	X	517498846
223914854	56612380	7	F	1	2	450098787	X
224129833	56612000	20	F	1	0	X	517498872
225266033	56612314	26	F	1	1	X	517498887
225266034	56612314	42	M	1	0	X	517661047
225266043	56612229	26	F	1	1	X	517504830
225266044	56612229	42	M	1	0	X	517498817
225319838	56612108	46	M	1	0	X	517504361
225338839	56611970	12	M	1	2	450098787	X
226501872	56611439	55	F	1	1	X	517498787
226501874	56611439	53	M	1	0	X	517498901
226928864	56612061	44	F	1	0	X	517498879
226928866	56612061	17	F	1	2	450100945	517510904
227167543	56611512	74	M	1	0	X	X
227945488	56611559	93	F	1	0	X	X
227956211	56611987	81	M	2	1	X	X
227956212	56611987	72	F	2	0	X	X
228007900	56612324	48	M	1	0	X	517498935
228007901	56612324	12	M	1	2	450098787	X
228627570	56611903	67	M	1	0	X	517498793
228894863	56612199	67	M	1	0	X	517498914
228894864	56612199	61	F	1	1	X	X
229149309	56611779	54	F	1	1	X	517660999
229264544	56612015	11	M	1	2	X	X
229264545	56612015	36	F	1	0	X	X
229264547	56612015	46	M	1	1	X	517498846
229264644	56611647	11	M	1	2	X	X
229264645	56611647	36	F	1	0	X	X
229264647	56611647	46	M	1	1	X	517510915
229505648	56612181	38	F	1	0	X	517498895
229991164	56611960	66	M	1	0	X	517498918
231211374	56612196	55	F	1	0	X	517504376
231500501	56612340	39	F	1	0	X	517498830
231518120	56611465	15	F	1	2	450100945	X
231518123	56611465	50	F	1	1	X	X
231518236	56611343	15	F	1	2	450100945	X
231518238	56611343	14	M	1	2	450100945	X
231518239	56611343	50	F	1	1	X	X
232237598	56612043	73	M	1	0	X	517498808
233195904	56611396	53	M	1	0	X	517661044
233195905	56611396	9	F	1	2	450098787	X
233848477	56611378	14	M	1	2	450100945	X
233853775	56611914	46	M	1	1	X	517498928
233853778	56611914	8	F	1	2	450098787	X
233926832	56612037	61	F	1	1	X	517498831
233926833	56612037	53	M	1	0	X	517510906
233936590	56612034	37	M	1	0	X	517498986
234078558	56612168	16	M	1	2	X	X
234078560	56612168	39	F	1	0	X	517498795
235769524	56611895	0	M	1	2	X	X
236100712	56611812	55	F	1	1	X	X
237079202	56612175	46	M	1	0	X	517498830
237079203	56612175	47	F	1	1	X	517498838
237306919	56611810	63	M	1	0	X	X
237306920	56611810	60	F	1	1	X	517498858
237326022	56612224	3	F	1	2	X	X
237326025	56612224	26	M	1	0	X	X
237851114	56612303	53	F	1	0	X	517498846
238098621	56611400	54	M	1	0	X	X
238142867	56611515	55	F	1	1	X	517498879
239097108	56611956	70	M	1	0	X	X
239579110	56611329	50	F	1	0	X	X
240120517	56611933	55	M	1	0	X	517498834
240429059	56611768	64	F	1	0	X	X
240790008	56611538	54	F	1	1	X	517498872
240790010	56611538	23	M	1	2	X	517509955
240934049	56612250	15	F	1	2	450100945	X
240934050	56612250	57	M	1	0	X	517509955
241455027	56611712	63	M	1	0	X	517498825
241455028	56611712	58	F	1	1	X	517499265
241620200	56612341	14	M	1	2	450100945	X
241620202	56612341	41	F	1	1	X	X
241620203	56612341	19	F	1	2	X	X
241620204	56612341	17	F	1	2	450100945	X
241783262	56611330	53	F	1	1	X	X
241783263	56611330	57	M	1	0	X	X
242071022	56611763	60	F	1	0	X	X
242071023	56611763	63	M	1	10	X	X
242199092	56611866	48	M	1	0	X	517498844
242604347	56611944	88	F	1	0	X	X
242919935	56611524	48	F	1	0	X	X
244283511	56611807	39	M	1	0	X	517498846
244283534	56612039	39	M	1	0	X	517498846
244283539	56611550	39	M	1	0	X	517498887
244578710	56612315	57	F	1	1	X	517661330
244971572	56612202	6	F	1	2	450098787	X
245069082	56612269	21	F	1	3	X	X
245069085	56612269	8	M	1	2	450098787	X
245069086	56612269	10	M	1	2	450098787	X
245402575	56611886	78	F	1	0	X	X
245402584	56612074	78	F	1	0	X	X
245420569	56612293	37	M	1	1	X	517498872
245524184	56611629	65	F	1	1	X	X
245607383	56611325	23	F	1	2	X	517502340
245607384	56611325	48	M	1	0	X	517498830
245754763	56611969	21	M	1	0	X	517498914
247533323	56611422	54	M	1	0	X	517498879
247562810	56611968	63	M	1	0	X	517504361
247924535	56611420	9	M	1	5	450098787	X
247924536	56611420	48	F	1	0	X	517498935
247987184	56612080	54	F	1	1	X	517510923
247987235	56612312	58	M	1	0	X	517498879
249384512	56611791	72	F	1	0	X	X
249384534	56612125	72	F	1	0	X	X
249866148	56611547	71	F	1	0	X	X
249866149	56611547	80	M	1	1	X	X
250505792	56611461	67	F	1	1	X	X
250529765	56612302	37	F	1	0	X	X
250529864	56612205	37	F	1	0	X	X
250529865	56612205	7	M	1	2	450098787	X
250529866	56612205	50	M	1	10	X	517498830
250638860	56611548	48	F	1	0	X	517498846
250779381	56611727	28	F	1	2	X	517498866
250779383	56611727	55	M	1	0	X	517498846
251193715	56612164	10	F	1	2	450098787	X
251193728	56612200	44	M	1	0	X	517498872
251193730	56612200	43	F	1	1	X	X
251193731	56612200	10	F	1	2	450098787	X
251278694	56611546	56	F	1	0	X	517498849
251727562	56611613	54	F	1	1	X	517498846
251889081	56611406	16	M	1	2	450100945	X
252166907	56611624	60	M	1	0	X	517510909
252683203	56612276	12	M	1	2	450098787	X
252720631	56611359	86	F	1	6	X	X
252754536	56611487	35	F	1	1	X	517498846
252754537	56611487	11	M	1	2	450098787	X
252754539	56611487	35	M	1	0	X	517660989
254222029	56611769	56	F	1	1	X	X
254222032	56611769	85	M	1	6	X	X
254566292	56611677	77	F	1	0	X	X
255156297	56612331	42	F	1	0	X	517498926
255156298	56612331	43	M	1	1	X	517498872
256967904	56611725	14	F	1	2	450098787	X
256967905	56611725	37	M	1	1	X	508056682
256967906	56611725	17	F	1	2	450100945	517498872
257098852	56611431	25	F	1	2	X	517509964
257098853	56611431	34	F	1	2	X	517498834
257098854	56611431	57	F	1	1	X	X
257889010	56612219	75	M	1	0	X	X
258390821	56612367	54	F	1	1	X	X
258612246	56612351	75	F	1	0	X	X
259119866	56611841	58	F	1	0	X	517498862
259119867	56611841	27	F	1	2	X	X
259119886	56612385	56	M	1	1	X	X
259119887	56612385	58	F	1	0	X	517498872
259806295	56612134	48	M	1	0	X	517498846
259806296	56612134	48	F	1	1	X	517498879
259806299	56611366	48	M	1	0	X	517661253
259806300	56611366	48	F	1	1	X	517509954
259960363	56611604	54	M	1	1	X	517498879
259960364	56611604	25	M	1	2	X	X
260189051	56611746	58	F	1	1	X	517498926
260500588	56611635	18	F	1	2	450100945	517498900
260500589	56611635	2	M	1	5	X	X
260544647	56611847	1	F	1	2	X	X
260544648	56611847	23	M	1	10	X	517509964
260544650	56611847	1	F	1	2	X	X
260698752	56612045	54	F	1	1	X	517498872
261211353	56611444	77	F	1	0	X	X
261250905	56612334	5	F	1	2	450066968	X
261388489	56611346	81	M	1	1	X	517498875
262178634	56612343	15	F	1	2	450100945	X
263355905	56612273	46	M	1	0	X	517510922
263597326	56612352	61	M	1	1	X	517498822
263597327	56612352	60	F	1	0	X	517498981
263875226	56612275	66	F	1	0	X	X
263875227	56612275	68	M	1	1	X	X
264107438	56611419	55	M	1	1	X	517498823
264107439	56611419	50	F	1	0	X	X
264592113	56611473	20	F	1	7	X	517498846
264592115	56611473	46	F	1	0	X	517498872
264592116	56611473	45	M	1	1	X	517498830
265343210	56612081	28	F	1	1	X	517498846
265343212	56612081	29	M	1	0	X	517498836
267126974	56611564	69	F	1	1	X	517498857
267126975	56611564	70	M	1	0	X	517498872
267311525	56612022	82	F	1	4	X	X
267311526	56612022	55	F	1	0	X	517661330
267375637	56612295	71	F	1	1	X	X
267375644	56611691	75	M	1	0	X	X
269000607	56612153	43	M	1	2	X	517498872
269000608	56612153	76	M	1	0	X	X
269474688	56612059	59	M	1	1	X	517498846
269474689	56612059	58	F	1	0	X	517498830
269989069	56611882	78	F	1	0	X	X
270539074	56611962	6	F	1	2	450098787	X
270539075	56611962	36	F	1	0	X	517498872
270539077	56611962	14	M	1	2	450100945	X
270576839	56611913	60	M	1	0	X	517498812
270800240	56612089	7	F	1	2	450098787	X
270800242	56612089	5	M	1	2	450093640	X
271256686	56612301	53	M	1	1	X	517498894
271256687	56612301	46	F	1	0	X	X
271735207	56611997	72	F	1	0	X	X
272561548	56611789	57	M	1	0	X	517498846
272859558	56611603	48	F	1	1	X	X
272859600	56611469	48	F	1	1	X	X
272943896	56611358	33	M	1	0	X	517498879
272943897	56611358	8	M	1	2	450098787	X
272943898	56611358	5	M	1	2	450098787	X
272943899	56611358	27	F	1	1	X	X
274092391	56611811	28	M	1	10	X	517661144
274092413	56611592	10	F	1	2	450098787	X
274092414	56611592	38	F	1	0	X	517498852
274140638	56611521	30	F	1	1	X	517505032
274140639	56611521	6	F	1	2	450098787	X
274736973	56612355	33	F	1	0	X	X
274736975	56612355	13	M	1	2	450098788	X
274736976	56612355	15	M	1	2	450100945	X
275220893	56611930	65	M	1	1	X	X
276123679	56612299	16	F	1	2	450100945	X
276123680	56612299	45	M	1	0	X	517498872
276123745	56612216	16	F	1	2	450100945	X
276123746	56612216	45	M	1	0	X	517661020
276216317	56612243	37	F	1	1	X	517498819
276216318	56612243	6	F	1	2	450098787	X
276422894	56611939	21	F	1	1	X	517498862
276422895	56611939	22	M	1	0	X	517498823
277015678	56611331	89	M	1	1	X	X
277015679	56611331	83	F	1	0	X	X
277015691	56612169	83	F	1	0	X	X
278191761	56611993	63	M	1	0	X	517498929
278191782	56612036	63	M	1	0	X	517510912
278191784	56612036	64	F	1	1	X	517498986
278763123	56611838	34	F	1	1	X	517510900
278763126	56611838	6	F	1	2	450098787	X
279256539	56611983	44	M	1	0	X	517498793
279781384	56611733	41	M	1	0	X	517498902
279928722	56612185	30	M	1	0	X	517498914
279928724	56612185	30	F	1	1	X	517498872
279928725	56612185	6	F	1	2	X	X
280884595	56611936	74	M	1	0	X	X
281526663	56611705	55	F	1	0	X	517498842
281530062	56612099	78	F	1	0	X	X
281530063	56612099	11	M	1	5	450098788	X
281530064	56612099	15	F	1	5	450100945	X
282314751	56611375	48	F	1	1	X	X
282314752	56611375	51	M	1	0	X	517498907
283942286	56612266	15	F	1	2	450100945	X
283942287	56612266	46	M	1	1	X	517498872
284448212	56611869	66	F	1	1	X	517498843
284700724	56611940	41	M	1	0	X	517498843
284700725	56611940	6	F	1	2	450098787	X
284700726	56611940	2	F	1	2	X	X
284836408	56611332	65	M	1	1	X	X
284836409	56611332	65	F	1	0	X	517498893
285726387	56611998	24	M	1	1	X	517498872
285726389	56611998	0	M	1	2	X	X
286800172	56612333	58	M	1	0	X	517498819
286847658	56611796	80	F	1	0	X	X
286847659	56611796	85	M	1	1	X	X
286847660	56611917	80	F	1	0	X	X
286847661	56611917	85	M	1	1	X	X
286975204	56611978	61	M	1	0	X	517505032
286975205	56611978	67	F	1	1	X	X
287179842	56611434	68	F	1	0	X	X
287179843	56611434	62	M	1	1	X	X
287449059	56612154	42	M	1	0	X	517661186
287477076	56611323	42	F	1	1	X	X
287560981	56612307	17	M	1	2	450100945	X
287560982	56612307	36	F	1	0	X	517498872
288135784	56611655	9	F	1	2	450098787	X
288135786	56611655	16	F	1	2	450100945	X
288135808	56612282	9	F	1	2	450098787	X
288135809	56612282	35	F	1	0	X	517498834
288135829	56612346	9	F	1	2	450098787	X
288135830	56612346	35	F	1	0	X	517498872
288135841	56612356	9	F	1	2	450098787	X
288135842	56612356	35	F	1	0	X	517661093
288786733	56611653	60	F	1	1	X	517498872
288786734	56611653	58	M	1	0	X	517661511
288786743	56611688	60	F	1	1	X	517661330
288786744	56611688	58	M	1	0	X	517498802
289439571	56612138	52	M	1	0	X	X
289782581	56611327	41	F	1	0	X	517498830
289968142	56611651	60	F	1	0	X	517510901
290495109	56612012	2	M	1	2	X	X
290495110	56612012	5	F	1	2	X	X
290736987	56612093	48	M	1	1	X	517510908
291773175	56611686	75	F	1	1	X	X
291773176	56611686	78	M	1	0	X	X
292039721	56611470	52	M	1	0	X	517498878
292516143	56611982	44	F	1	9	X	X
293196731	56612182	61	F	1	1	X	X
293196732	56612182	63	M	1	0	X	X
294085312	56611457	13	F	1	2	450098788	X
294085314	56611457	40	M	1	0	X	517500042
294812560	56611531	0	F	1	2	X	X
294812561	56611531	29	F	1	1	X	X
294812562	56611531	1	F	1	2	X	X
295274294	56611637	64	F	1	0	X	517498774
295994244	56611842	51	F	1	0	X	X
296379280	56611949	55	F	1	0	X	517498879
296906730	56611464	64	F	1	2	X	X
297101628	56612192	3	F	1	12	450093640	X
297101629	56612192	26	M	1	0	X	517498914
297101630	56612192	23	F	1	10	X	X
297338497	56611367	86	F	1	0	X	X
297338501	56612083	86	F	1	0	X	X
297962528	56611362	34	F	1	1	X	X
297962529	56611362	13	M	1	2	450100945	X
297962530	56611362	8	F	1	2	450098787	X
297962531	56611362	7	M	1	2	450098787	X
297962533	56611362	35	M	1	0	X	517498879
298229645	56611851	23	F	1	0	X	517498887
299288843	56612013	60	M	1	0	X	517661297
299858697	56611682	13	M	1	2	450098030	X
299858698	56611682	16	F	1	2	450100945	X
299863398	56612384	65	F	1	0	X	X
300001978	56612166	3	M	1	2	X	X
300729603	56611425	82	M	1	0	X	517498896
300729604	56611425	81	F	1	1	X	X
300962068	56611435	62	F	1	0	X	X
302179269	56611780	25	F	1	9	X	517498846
302179270	56611780	25	F	1	0	X	517510911
302298251	56611609	57	M	1	1	X	X
302354536	56611567	2	M	1	2	X	X
302354538	56611567	29	M	1	1	X	517498846
302354539	56611567	4	M	1	2	450066968	X
302360983	56611600	26	F	1	1	X	X
302361010	56612092	30	M	1	0	X	517498879
302494583	56611756	52	M	1	0	X	517661093
303082225	56612033	53	F	1	1	X	517498896
303082252	56611700	54	M	1	0	X	517509964
303082253	56611700	53	F	1	1	X	517498879
304300448	56611909	61	F	1	0	X	517498821
304345605	56612366	58	F	1	1	X	X
305052100	56611715	64	M	1	0	X	X
305052101	56611715	62	F	1	1	X	X
305820492	56611586	29	M	1	0	X	517510911
306306103	56611792	80	F	1	0	X	X
307653388	56612207	64	F	1	0	X	517498795
307712339	56611664	79	F	1	0	X	517498872
308064908	56611519	46	M	1	0	X	517501257
308064909	56611519	42	F	1	1	X	517498806
308064910	56611519	19	M	1	2	X	X
308558570	56612062	29	F	1	0	X	517498846
308558571	56612062	6	M	1	2	450098787	X
308636753	56612228	59	F	1	0	X	517498909
308636755	56612228	5	F	9	5	450098787	X
308636756	56612228	3	F	9	5	X	X
309036613	56612115	5	F	1	2	X	X
309036614	56612115	28	F	1	0	X	517498872
309036615	56612115	3	F	1	2	X	X
309181529	56611504	59	M	1	0	X	517498879
309284805	56612047	73	F	1	0	X	517498872
309785731	56612044	28	F	1	0	X	517498986
309813708	56611437	34	M	1	0	X	517498867
309862703	56611959	52	M	1	0	X	517661064
309862704	56611959	51	F	1	1	X	517498810
309862705	56611959	19	F	1	2	X	517498872
309988244	56611501	59	M	1	0	X	517498872
309988245	56611501	70	F	1	1	X	X
310878048	56611382	57	M	1	0	X	517509956
310878049	56611382	51	F	1	1	X	X
311194265	56611626	56	F	1	0	X	517498900
312208276	56611333	48	M	1	0	X	517498872
312208278	56611333	15	M	1	2	450100945	X
312353952	56611955	46	F	1	4	X	X
312353985	56611724	20	M	1	0	X	X
312353986	56611724	46	F	1	4	X	X
313692752	56611824	30	F	1	1	X	517498867
313692753	56611824	0	F	1	2	X	X
313692754	56611824	4	F	1	2	450066968	X
313692755	56611824	30	M	1	0	X	517498932
313692902	56611697	30	F	1	1	X	517498810
313692904	56611697	4	F	1	2	450066968	X
313692905	56611697	30	M	1	0	X	517498799
313692906	56611697	6	F	1	2	450098787	X
314049729	56611788	64	F	1	0	X	517498793
314268814	56611758	44	M	1	1	X	517509964
314268815	56611758	12	F	1	2	450098788	X
314763183	56612130	56	F	1	0	X	517498872
314763209	56611906	56	F	1	0	X	517498830
314968754	56612321	44	F	1	1	X	517498801
314968755	56612321	52	M	1	0	X	X
315094012	56611735	35	F	1	0	X	517498831
315094014	56611735	36	M	1	1	X	517498986
315094017	56611950	10	F	1	2	450098787	X
315094057	56612287	10	F	1	2	450098787	X
315094058	56612287	36	M	1	1	X	517498806
315094059	56612287	16	M	1	2	450100945	X
315094128	56611719	35	F	1	0	X	517661175
315798709	56611634	52	M	1	0	X	X
315832321	56611891	22	F	1	0	X	517661259
315870083	56611678	58	M	1	0	X	517498872
315870084	56611678	57	F	1	1	X	X
316438926	56611563	13	F	1	2	450098030	X
316438927	56611563	32	M	1	0	X	517498849
316438929	56611563	8	M	1	2	450098787	X
317464764	56611534	59	F	1	0	X	517498910
318337025	56611922	40	F	1	0	X	517504250
318370106	56612160	63	F	1	4	X	517498872
318370107	56612160	35	F	1	0	X	517661146
318370114	56611357	63	F	1	4	X	517498933
318370115	56611357	35	F	1	0	X	517498872
319438491	56612046	56	M	1	0	X	517498991
319438492	56612046	57	F	1	1	X	517498857
319608857	56612087	74	F	1	0	X	X
319742024	56611601	78	M	1	0	X	X
319969703	56612161	65	F	1	1	X	X
320765943	56611477	55	F	1	0	X	X
320778988	56611809	84	F	1	0	X	X
320803347	56612251	72	F	1	0	X	X
321286658	56612070	72	M	1	0	X	517498830
321530656	56611844	15	M	1	2	450100945	X
321530659	56611844	12	F	1	2	450098788	X
322087137	56611458	49	F	1	0	X	517498986
322087139	56611458	18	M	1	2	450100945	517661297
322155004	56611864	64	F	1	1	X	X
322155016	56611476	64	F	1	1	X	X
322408098	56611403	39	F	1	0	X	X
322408129	56611877	17	F	9	2	450100945	517510899
322408130	56611877	39	F	1	0	X	X
322408135	56611618	17	F	9	2	450100945	517498823
322408136	56611618	39	F	1	0	X	X
322425759	56611591	41	F	1	0	X	517510923
322425794	56612072	41	F	1	0	X	517498879
322838880	56611734	51	M	1	0	X	517661117
322838881	56611734	52	F	1	1	X	517498914
324262266	56612057	16	F	1	2	450100945	X
324262270	56612128	16	F	1	2	450100945	X
324328722	56612218	80	F	1	0	X	X
326401351	56611750	18	F	1	0	450100945	X
326401352	56611750	22	M	8	10	X	517498935
326601497	56612124	45	M	1	1	X	517498872
326601498	56612124	42	F	1	0	X	X
327636685	56612144	44	F	1	1	X	517498986
327636687	56612144	17	M	1	2	450100945	517498974
327690857	56611522	53	F	1	0	X	X
327791720	56612100	5	F	1	2	450098787	X
327791721	56612100	31	M	1	1	X	517498881
327791722	56612100	29	F	1	0	X	X
327827783	56612132	48	F	1	0	X	508055347
328292535	56612265	78	F	1	0	X	X
328381129	56612291	39	F	1	1	X	517498872
328381130	56612291	20	M	1	2	X	517498819
328381131	56612291	1	F	1	2	X	X
328381132	56612291	43	M	1	0	X	517498879
328381133	56612291	11	M	1	2	450098788	X
328718089	56612040	8	F	1	2	450098787	X
328718090	56612040	37	M	1	0	X	517498823
329075004	56611405	77	M	1	0	X	X
329075005	56611405	63	F	1	1	X	517498872
329136454	56611445	4	F	1	5	X	X
329136455	56611445	49	M	1	0	X	517504420
329136456	56611445	24	F	1	2	X	517661310
329290301	56611319	14	F	9	2	450063600	X
329560381	56611803	42	F	1	1	X	517498986
330386588	56612359	29	M	1	0	X	517498849
330504157	56612236	67	F	1	1	X	X
331420370	56611777	55	F	1	1	X	517661188
331420371	56611777	52	M	1	0	X	517498919
332867824	56612328	66	F	1	1	X	X
332992173	56611418	70	M	1	0	X	X
332992174	56611418	66	F	1	1	X	X
333093630	56612272	20	F	1	2	X	X
333093633	56612272	22	M	1	2	X	X
333093634	56612272	21	M	1	12	X	X
333654182	56612362	50	F	1	0	X	517498813
334207145	56611817	36	M	1	0	X	517498836
334207146	56611817	49	F	3	10	X	X
334313847	56611551	62	F	1	0	X	517498872
334313848	56611551	62	M	1	1	X	517498793
334907081	56611865	43	F	9	0	X	X
334907092	56611835	43	F	9	0	X	X
334907096	56611868	43	F	9	0	X	X
334911375	56611870	43	F	1	1	X	517498846
335134205	56612286	49	F	8	10	X	517498846
336160375	56611369	80	F	1	4	X	X
336160376	56611369	87	M	1	4	X	X
336160377	56611369	57	F	1	0	X	517498922
336334766	56612345	70	M	1	0	X	X
336344238	56611517	50	F	1	1	X	517498906
336344239	56611517	17	F	1	2	450100945	X
337172085	56611657	7	F	1	2	450098787	X
338211195	56611337	7	F	1	2	450098787	X
338211197	56611337	13	F	1	2	450098030	X
338211198	56611337	37	M	1	1	X	517498821
338211306	56611942	6	M	1	2	450098787	X
338544509	56611580	49	M	1	0	X	517498850
338544510	56611580	49	F	1	1	X	517498872
338544616	56611787	49	F	1	1	X	517661372
338855220	56611616	55	F	1	1	X	517661188
338855221	56611616	71	M	1	0	X	X
339815137	56611468	49	F	1	1	X	508055623
339951138	56611773	41	M	1	0	X	517498808
340416804	56611893	20	F	1	0	X	517498872
340416818	56611907	20	F	1	0	X	517498976
340416819	56611907	21	M	1	1	X	517498823
340672318	56611389	22	M	1	2	X	517661188
340672319	56611389	52	M	1	1	X	517498909
341129722	56611605	16	M	1	2	450100945	X
341129723	56611605	20	F	1	12	X	517498830
341129724	56611605	20	F	1	2	X	517510913
341129725	56611605	23	F	1	2	X	517498909
341129726	56611605	48	F	1	1	X	517510907
341129727	56611605	49	M	1	0	X	517498830
341188017	56611642	43	M	1	0	X	X
341188019	56611642	11	M	1	2	450098030	X
341252492	56612096	83	F	1	0	X	X
341252501	56612289	83	F	1	0	X	X
342097546	56611606	72	F	1	0	X	X
342492130	56611863	20	M	1	0	X	517498928
342517417	56611819	32	M	1	2	X	517498986
342517418	56611819	56	F	1	1	X	X
344281979	56612322	69	F	1	1	X	X
344281980	56612322	65	M	1	0	X	X
344281983	56611363	69	F	1	1	X	X
344281984	56611363	65	M	1	0	X	X
344549628	56611770	40	F	1	1	X	517498806
344549629	56611770	9	M	1	2	450098787	X
344549630	56611770	11	M	1	2	450098788	X
345195985	56611757	57	M	1	0	X	517498872
345195986	56611757	57	F	1	1	X	517510911
345195989	56612281	57	M	1	0	X	517498857
345195991	56612281	9	F	1	5	450098787	X
345195992	56612281	6	F	1	5	450098787	X
345195994	56612088	57	F	1	1	X	517498872
345195995	56612088	9	F	1	5	450098787	X
345212366	56611793	69	F	1	0	X	X
345908668	56611901	10	M	1	2	450098787	X
345908682	56612189	35	M	1	0	X	X
346199069	56611451	52	F	1	2	X	517498846
346664180	56611875	50	F	1	1	X	X
347041234	56612191	30	M	1	0	X	517509964
347255883	56612131	27	F	1	0	X	517661188
347534046	56611585	44	F	1	0	X	X
347668724	56611427	35	M	1	0	X	517509964
347848423	56611432	46	F	1	1	X	517498872
347848424	56611432	21	F	1	2	X	X
347848425	56611432	50	M	1	0	X	517661297
347848426	56611432	1	F	1	5	X	X
347912995	56612316	60	F	1	0	X	X
348521813	56612364	18	F	1	2	450100945	X
348521814	56612364	61	M	1	0	X	517498849
348521841	56611652	61	M	1	0	X	517498928
348521842	56611652	56	F	1	1	X	517510912
348531100	56612347	26	F	1	0	X	517661069
348602651	56611856	44	F	1	0	X	517498976
348950644	56612237	79	F	1	1	X	X
348950645	56612237	73	M	1	0	X	X
348950680	56612009	79	F	1	1	X	X
348950681	56612009	73	M	1	0	X	X
350409062	56611912	61	M	1	3	X	X
350651606	56611828	63	F	1	0	X	517498872
350844406	56612264	50	M	1	1	X	517498831
350844407	56612264	15	F	1	2	450100945	X
350844408	56612264	11	M	1	2	450098788	X
350844409	56612264	41	F	1	0	X	517498872
351594671	56611826	54	M	1	0	X	517498840
351600242	56611745	36	M	1	0	X	517498830
351760015	56612262	47	M	1	0	X	517498896
352142639	56611344	63	M	1	0	X	517498774
352792939	56611943	8	M	1	2	X	X
353658261	56611795	71	F	1	1	X	X
353658262	56611795	74	M	1	0	X	X
353978275	56611492	41	M	1	0	X	517661093
354256157	56611632	54	M	1	1	X	517498872
356741474	56612090	57	M	1	1	X	517498790
356741475	56612090	68	F	1	0	X	517498879
357080260	56612020	78	F	1	0	X	X
358223196	56611857	6	M	1	2	X	X
358250096	56612084	86	F	1	0	X	X
359107841	56612279	58	M	1	0	X	517498887
359208532	56611839	71	F	1	1	X	X
359255766	56612010	55	F	1	0	X	517498901
359257794	56611670	64	F	1	0	X	517498929
359380554	56612019	37	M	1	2	X	517498831
359380618	56611977	59	F	1	1	X	X
359380619	56611977	61	M	1	0	X	517498879
359562237	56611392	44	M	1	0	X	517498876
359656804	56611675	49	F	1	0	X	X
359656812	56612163	49	F	1	0	X	X
359656813	56612163	49	M	1	1	X	517498828
360190633	56611388	16	M	1	2	450100945	X
360190635	56611388	14	M	1	2	450098788	X
360324211	56612097	54	F	1	0	X	517498935
360340565	56611736	55	F	1	1	X	517498903
360539203	56612135	67	F	1	1	X	X
360539204	56612135	69	M	1	0	X	X
360539227	56612157	67	F	1	1	X	X
360539228	56612157	69	M	1	0	X	X
360539307	56611633	67	F	1	1	X	X
360539308	56611633	69	M	1	0	X	X
360539326	56612122	69	M	1	0	X	X
360626396	56612187	75	F	1	0	X	X
360705766	56611508	50	F	1	1	X	X
360705767	56611508	64	M	1	0	X	X
361096629	56612260	75	M	1	0	X	X
361096630	56612260	70	F	1	1	X	X
361341678	56611379	57	M	1	0	X	517498927
361357247	56611662	25	M	1	2	X	517498854
362643154	56612137	30	F	1	1	X	X
362643156	56612137	6	F	1	2	450098787	X
362949410	56611667	63	M	1	0	X	517498780
362949411	56611667	64	F	1	1	X	X
363449868	56612383	30	M	1	0	X	517661145
364161785	56612064	28	M	1	0	X	517498879
364289753	56611555	63	F	1	0	X	517509964
364669448	56612056	50	F	1	0	X	X
364797711	56611615	26	F	1	5	X	X
365768507	56611799	42	M	2	0	X	517498978
365768508	56611799	16	F	1	2	450100945	517661376
365768523	56611902	16	F	1	2	450100945	517498846
365768524	56611902	39	F	1	1	X	517510923
365768552	56611748	42	M	2	0	X	517498873
365768595	56611514	16	F	1	2	450100945	517498893
365768596	56611514	39	F	1	1	X	517510906
365768613	56612008	16	F	1	2	450100945	517498935
365768614	56612008	39	F	1	1	X	517498818
365768618	56611783	42	M	2	0	X	517510919
365768620	56611783	39	F	1	1	X	517498910
366285687	56612330	67	M	1	0	X	517661093
366407146	56611830	7	M	1	2	450098787	X
366813177	56612156	84	F	1	0	X	X
367197643	56611541	39	F	1	1	X	X
367307180	56611503	55	M	1	0	X	517498825
367567467	56611981	51	F	1	0	X	517498872
368277290	56611596	92	M	1	0	X	X
368277291	56611596	92	F	1	1	X	X
368955825	56612183	41	M	1	0	X	517661200
369265656	56611607	79	F	1	1	X	X
369265657	56611607	86	M	1	0	X	X
369451190	56611654	5	M	1	2	450093640	X
369451308	56611938	11	F	1	2	450098788	X
370333489	56611568	51	M	1	0	X	X
370631742	56611449	47	F	1	0	X	517498872
371462818	56611459	61	F	1	1	X	517498872
371462819	56611459	61	M	1	0	X	517661313
371462836	56611990	61	F	1	1	X	517510912
371643384	56612357	46	M	1	0	X	517498849
371681695	56612258	80	F	1	0	X	X
371828217	56612222	12	M	1	2	450098788	X
371828262	56612221	12	M	1	2	450098788	X
371828264	56612221	9	M	1	2	450098787	X
371923738	56611975	28	F	1	2	X	X
371923739	56611975	59	M	1	1	X	517498832
372002289	56611666	45	M	1	0	X	517510909
372002290	56611666	44	F	1	1	X	517498872
372231533	56611881	83	F	1	1	X	X
372231534	56611881	84	M	1	0	X	X
372263632	56611370	53	F	1	0	X	517498951
372569211	56611656	15	M	1	2	450100945	X
372569294	56611394	51	M	1	0	X	517498779
372569295	56611394	15	M	1	2	450100945	X
372569335	56611453	15	M	1	2	450100945	X
372722510	56612069	81	F	1	0	X	X
372884451	56611718	53	M	1	0	X	X
372896035	56611631	46	M	1	0	X	517498879
373079323	56611484	43	F	1	0	X	517498827
373079324	56611484	26	M	1	10	X	517509955
373079387	56612311	43	F	1	0	X	517498857
373079468	56611871	26	M	1	10	X	517498872
373134475	56612297	9	M	1	2	450098787	X
373134476	56612297	41	F	1	0	X	517498846
373134477	56612297	53	M	1	1	X	517498837
373134481	56611658	9	M	1	2	450098787	X
373134483	56611658	53	M	1	1	X	517498823
373654627	56611963	61	F	9	1	X	517498793
373654628	56611963	68	M	1	0	X	517498909
373847066	56611966	83	M	1	0	X	X
373847067	56611966	82	F	1	1	X	X
373884584	56611421	59	M	1	10	X	X
373884585	56611421	53	F	1	0	X	517498879
374689425	56611996	3	M	1	2	X	X
376654539	56611644	55	F	1	1	X	517498879
376654541	56611644	31	F	1	2	X	517498975
376935042	56611965	33	F	1	1	X	517498913
377387781	56611529	62	F	1	1	X	X
377387782	56611529	64	M	1	0	X	517498794
377810012	56611764	66	M	1	0	X	X
378101051	56611690	48	F	1	0	X	517498892
378101054	56611690	4	F	1	5	X	X
378213518	56611935	92	F	1	0	X	X
378691783	56611372	37	F	1	0	X	517498879
378782346	56611506	13	M	1	2	450098030	X
378782347	56611506	11	M	1	2	450098030	X
378782348	56611506	45	M	1	0	X	517498892
378782349	56611506	9	M	1	2	450098787	X
378782350	56611506	51	F	1	1	X	517498879
378788365	56611710	23	M	9	0	X	X
379226549	56611747	64	F	1	1	X	X
379277022	56611328	43	F	1	0	X	517498894
379316540	56612304	68	M	1	1	X	X
380364347	56611928	14	F	1	2	450098788	X
380673265	56612007	36	F	1	1	X	517498879
381018025	56612284	44	M	1	0	X	517498892
381969009	56611462	82	F	1	1	X	X
381969010	56611462	82	M	1	0	X	X
381990197	56612233	30	F	1	1	X	X
381990227	56611339	30	F	1	1	X	X
381990306	56611837	11	F	1	2	450098788	X
381990432	56611860	11	F	1	2	450098788	X
381990433	56611860	37	M	1	0	X	X
382004355	56611739	56	F	1	0	X	517498879
382143128	56611708	26	M	1	1	X	517498984
382143129	56611708	3	F	1	2	450093640	X
382143131	56611708	26	F	1	0	X	517498872
382866381	56611471	18	M	1	2	X	517498894
383122953	56611424	55	M	1	2	X	517498872
383164394	56611911	51	M	1	0	X	X
383193025	56612241	37	F	1	0	X	517498909
383193026	56612241	36	M	1	1	X	517498900
383193027	56612241	14	F	1	2	450098788	X
383193028	56612241	11	M	1	2	450098788	X
383497736	56612184	69	F	1	0	X	517661051
383781577	56611992	87	M	1	0	X	X
384462096	56612274	39	F	1	0	X	X
384462098	56612274	44	M	1	1	X	517498976
384462099	56612274	13	M	1	2	450098788	X
384462100	56612274	9	M	1	2	450098787	X
384672865	56612294	9	M	1	2	450098787	X
385123944	56611597	47	F	1	0	X	517498872
385780843	56611671	64	M	1	0	X	X
385780844	56611671	62	F	1	1	X	X
386499921	56612288	2	F	1	2	X	X
386499923	56612288	30	F	1	0	X	517661249
388125208	56611570	31	M	1	0	X	X
388682362	56611573	78	M	1	1	X	X
388682363	56611573	76	F	1	0	X	X
389622683	56611972	18	F	9	2	450100945	517498857
389622684	56611972	11	F	1	2	450098788	X
389622686	56611972	39	M	9	0	X	517498973
389622688	56611972	12	M	1	2	450098788	X
389889251	56611808	46	M	1	0	X	517509964
389889252	56611808	47	F	8	1	X	517498951
390319469	56611829	72	F	1	1	X	X
390625958	56611805	83	M	1	0	X	X
391365088	56611341	69	F	1	0	X	517661068
391861305	56611589	14	F	9	2	450100945	X
391861308	56611589	40	F	6	1	X	517498932
393252576	56611493	11	F	1	2	450098030	X
393252577	56611493	36	F	1	0	X	517660989
393472458	56611921	45	F	1	0	X	517498846
393472460	56611921	14	M	1	2	450100945	X
393560903	56612068	54	F	1	1	X	517498879
393560904	56612068	55	F	1	12	X	517498793
393770816	56611872	0	M	1	2	X	X
394220605	56611806	56	F	1	0	X	517498799
394220606	56611806	51	M	1	3	X	X
394220649	56611714	56	F	1	0	X	517498824
394534122	56612257	58	F	1	1	X	517498872
394534123	56612257	60	M	1	0	X	X
396919182	56611395	9	F	1	2	450098787	X
396919185	56611395	35	F	1	1	X	517498823
397093706	56611694	92	F	1	0	X	X
397662856	56611680	10	M	1	2	450098787	X
397662857	56611680	19	M	1	2	X	517498793
397662860	56611680	7	M	1	2	450098787	X
398593744	56612290	72	F	1	0	X	X
398595328	56612339	32	F	1	0	X	517498794
399289439	56611904	42	F	1	0	X	517498834
400549520	56611698	53	M	1	0	X	517498879
400733556	56612107	59	F	1	1	X	X
400733557	56612107	67	M	1	0	X	X
401200687	56611582	82	F	1	0	X	X
401219814	56611704	87	M	1	0	X	X
401417621	56612195	63	M	1	1	X	X
401417622	56612195	58	F	1	0	X	X
402248641	56612155	55	F	1	1	X	517498845
402248651	56611610	55	F	1	1	X	517510920
402248652	56611610	60	M	1	0	X	517499744
402811901	56611672	65	F	1	1	X	517661066
402833445	56611711	84	F	1	0	X	X
403498440	56612365	57	M	1	1	X	517498872
403498441	56612365	52	F	1	0	X	517498881
403498442	56612365	4	M	1	12	X	X
403598842	56611924	55	F	1	0	X	517498848
403982824	56612149	55	M	1	2	X	X
403982825	56612149	79	F	1	1	X	X
404062634	56612050	20	M	1	0	X	517498879
404062635	56612050	19	F	1	10	X	517498872
405096238	56611505	56	M	1	0	X	517498866
405096240	56611505	83	F	1	4	X	X
405096253	56611674	56	M	1	0	X	508055627
405096255	56611674	83	F	1	4	X	X
405778352	56612248	17	M	1	2	450100945	X
405778353	56612248	39	F	1	0	X	517510912
405778355	56612248	37	M	1	10	X	517661392
405778378	56612002	39	F	1	0	X	517661271
405871050	56611713	20	M	2	0	X	X
405871051	56611713	20	M	1	9	X	X
405871059	56611701	20	M	1	9	X	X
406279923	56611947	11	M	1	2	450098788	X
406279925	56611947	44	M	1	1	X	517498928
406279926	56611947	16	F	1	2	450100945	517510899
406279928	56611947	9	M	1	2	450098787	X
406288029	56611804	14	M	1	2	450100945	X
406288030	56611804	3	F	1	2	X	X
406288033	56611804	13	M	1	2	450098788	X
406288034	56611804	8	M	1	2	450098787	X
406288035	56611804	36	M	1	1	X	517661188
406288036	56611804	7	F	1	2	450098787	X
406796048	56611798	67	F	1	0	X	X
407256882	56611988	76	M	1	0	X	X
407256883	56611988	83	F	1	1	X	X
408675833	56611781	44	M	1	1	X	517498820
409149258	56612255	51	F	1	0	X	517498800
410290587	56611380	77	F	1	0	X	X
410687160	56611676	51	M	1	1	X	517498850
410687161	56611676	47	F	2	0	X	517498986
411357189	56612085	57	F	1	0	X	517498879
411961300	56612214	5	M	1	2	450093640	X
411961303	56612214	32	M	1	1	X	517510900
412165757	56612353	87	F	1	0	X	X
412594079	56612027	84	F	1	0	X	X
413063434	56611495	82	F	1	1	X	X
413063445	56611625	78	M	1	0	X	X
413063457	56611684	78	M	1	0	X	X
413063476	56612145	82	F	1	1	X	X
413552716	56611823	48	F	1	0	X	517498872
414828247	56611925	65	M	1	0	X	517498872
414828248	56611925	15	F	1	5	450063600	X
414870742	56611417	49	F	1	0	X	517498875
414870758	56611566	49	F	1	0	X	517498986
414870796	56611627	49	F	1	0	X	517498935
415559259	56612016	25	F	2	0	X	X
415559285	56611855	25	F	2	0	X	X
415878106	56611496	4	M	1	2	X	X
415878108	56611496	10	M	1	7	450098787	X
415878110	56611496	28	F	1	1	X	X
415878125	56611599	3	F	1	2	X	X
415878127	56611599	52	M	1	0	X	517498889
415878146	56612306	28	F	1	1	X	X
416436182	56612368	69	F	1	0	X	X
416436183	56612368	67	M	1	1	X	X
417076700	56612335	58	M	1	1	X	X
417171421	56611814	58	F	1	1	X	517498879
417171422	56611814	61	M	1	0	X	517661074
417171452	56611934	61	M	1	0	X	517498879
417927320	56611355	11	M	1	2	450067304	X
417927322	56611355	15	M	1	2	450067304	X
417989199	56611409	59	F	1	1	X	517498848
417989200	56611409	60	M	1	0	X	517498872
418370926	56611728	4	M	1	2	450066968	X
418747692	56611919	66	F	1	0	X	517498879
124737014	56611636	62	M	1	0	X	517661330
125087311	56612102	7	F	1	2	450098787	X
125087313	56612102	14	M	1	2	450100945	X
125087314	56612102	6	M	1	2	450098787	X
126059456	56611498	32	F	1	0	X	X
126059457	56611498	7	F	1	2	450098787	X
126059459	56611498	9	F	1	2	450098787	X
126059460	56611845	32	F	1	0	X	X
126059461	56611845	7	F	1	2	450098787	X
126059462	56611845	32	M	1	1	X	517498872
126179861	56611648	58	M	1	0	X	517498879
126564791	56611740	3	M	1	2	X	X
126564793	56611740	31	F	1	10	X	517498776
126676302	56611991	50	M	1	0	X	517498892
126676303	56611991	56	F	1	1	X	X
127263127	56611818	2	F	1	2	X	X
127263140	56612001	22	F	1	0	X	X
127263141	56612001	2	F	1	2	X	X
128133348	56612358	49	M	1	0	X	517660989
128133349	56612358	49	F	1	1	X	517498846
128133388	56611450	49	M	1	0	X	517498878
128425487	56611918	50	F	9	1	X	517498872
129117550	56611485	83	F	1	1	X	517498846
129117551	56611485	92	M	1	0	X	517498879
130020476	56612188	37	M	1	1	X	517510906
130020477	56612188	13	M	1	2	X	X
130020479	56612188	10	M	1	2	X	X
130437477	56611827	22	F	1	1	X	517498814
130437478	56611827	22	M	1	0	X	517498872
130489824	56611416	84	M	1	0	X	X
130489825	56611416	81	F	1	1	X	X
130489831	56611436	81	F	1	1	X	X
130489832	56612332	84	M	1	0	X	X
130489840	56611443	84	M	1	0	X	X
130489841	56611443	81	F	1	1	X	X
130794972	56611967	1	F	1	2	X	X
130794973	56611967	15	F	1	2	450100945	X
130794974	56611967	4	F	1	2	X	X
130894225	56611577	53	M	1	1	X	X
130894234	56611491	53	F	1	0	X	X
130894235	56611491	53	M	1	1	X	X
130914071	56612296	43	M	1	7	X	517498935
130914138	56612042	13	M	1	2	450098787	X
131059768	56611749	40	M	1	12	X	517498875
131059769	56611749	64	M	1	0	X	517510909
131059783	56612336	64	M	1	0	X	517498887
131380796	56611816	36	F	1	0	X	X
131380797	56611816	1	F	1	2	X	X
131380798	56611816	6	M	1	2	450098787	X
131380799	56611816	36	M	1	1	X	517498879
131509867	56612170	49	M	1	0	X	517498818
131509882	56611350	49	M	1	0	X	517498886
131820270	56612360	52	F	1	0	X	517510923
133038827	56611447	47	F	1	1	X	517498872
133038836	56611348	50	M	1	0	X	517498911
133361759	56612174	54	F	1	10	X	517498827
133363534	56611937	5	F	1	2	450093640	X
133363536	56611937	32	F	1	0	X	517498846
133464903	56611794	43	F	1	1	X	517498823
133464904	56611794	44	M	9	0	X	517498864
134492667	56611927	57	M	1	1	X	517661358
135209378	56611608	55	M	1	1	X	517661188
135209379	56611608	47	F	1	0	X	517498879
135343979	56611553	72	F	1	0	X	517510920
135626711	56611628	9	M	1	2	450066968	X
135626712	56611628	4	F	1	2	X	X
135626715	56611628	1	F	1	2	X	X
136474017	56611584	92	M	1	0	X	X
136649744	56611452	47	F	1	1	X	X
136946619	56611732	52	M	1	0	X	517498909
137073055	56611426	65	F	1	1	X	X
137291302	56611898	54	M	1	0	X	517498879
137688623	56611775	61	M	1	0	X	517498902
137874404	56611813	21	F	1	2	X	517504602
137930893	56612113	53	M	1	0	X	517498855
137930894	56612113	44	F	1	1	X	517498846
137930896	56611539	44	F	1	1	X	517504289
138355466	56611831	0	M	1	2	X	X
138355468	56611831	32	M	1	1	X	517660989
138645862	56611663	75	F	1	0	X	X
139109495	56611321	18	M	1	2	450100945	517498830
139185731	56612106	60	M	1	1	X	X
140089829	56612095	67	M	1	0	X	517498819
140222643	56611665	63	F	1	1	X	517510912
140222644	56611665	62	M	1	0	X	517498821
140273478	56612268	39	M	1	0	X	X
140548173	56611446	60	M	1	1	X	X
140626942	56611526	60	M	1	0	X	517498808
140626943	56611526	60	F	1	1	X	517498879
140873595	56611848	69	F	1	0	X	X
140954514	56612278	9	M	9	2	450098787	X
140954515	56612278	14	F	1	2	450100945	X
140954516	56612278	12	F	9	2	450098787	X
140954518	56612278	34	F	1	0	X	517498872
140954519	56612278	16	F	1	2	450100945	517498915
141675196	56611621	48	F	1	1	X	X
141753121	56611594	66	F	1	1	X	X
142105433	56612105	3	F	1	2	X	X
142105435	56612105	28	F	1	0	X	X
142565192	56611822	69	M	1	1	X	517498920
142910466	56611945	76	M	1	0	X	517498872
142910467	56611945	72	F	1	1	X	X
143247362	56611579	55	M	1	0	X	517498991
143247363	56611579	45	F	1	10	X	517498909
144232411	56612180	63	F	1	4	X	X
144232438	56612091	37	M	1	0	X	X
144232439	56612091	63	F	1	4	X	X
144380009	56611889	78	F	1	1	X	X
144716818	56612146	8	M	1	5	450098787	X
144716819	56612146	12	F	1	5	450098787	X
144716821	56612146	58	M	1	0	X	517498872
144716822	56612146	54	F	1	1	X	517498898
144882061	56612215	45	M	1	0	X	511930857
145071532	56611846	31	M	1	0	X	517498848
145242914	56611590	92	F	1	0	X	X
145638458	56611834	23	M	1	1	X	517498794
145638459	56611834	21	F	1	0	X	X
146280206	56611593	26	F	1	1	X	X
146280207	56611593	4	F	1	2	X	X
146700553	56611455	60	M	1	0	X	517498849
146700554	56611455	4	M	1	5	X	X
146700556	56611455	2	M	1	5	X	X
146700557	56611455	31	M	1	2	X	517498909
146711546	56611702	74	M	1	9	X	X
147696037	56611472	55	F	1	1	X	517498849
147944740	56612305	63	F	1	1	X	X
148618744	56611569	63	F	1	0	X	X
148618747	56611360	42	M	1	2	X	X
148998594	56612114	6	F	1	2	450098787	X
148998597	56612114	30	M	1	0	X	517498872
149172130	56611776	51	F	1	0	X	517498857
149966264	56611448	59	F	1	0	X	517498934
149994792	56612252	51	F	1	1	X	517509954
150027018	56611478	54	F	1	0	X	517661069
150422313	56611542	50	F	1	0	X	517661330
150707503	56612011	55	F	1	1	X	517510906
150971334	56612147	60	F	1	1	X	X
150971336	56612147	63	M	1	0	X	X
150971380	56612379	88	F	1	4	X	X
150971381	56612379	63	M	1	0	X	X
150971427	56611650	60	F	1	1	X	X
150971428	56611650	88	F	1	4	X	X
150971429	56611650	63	M	1	0	X	X
150982055	56612077	7	M	1	2	450098787	X
151586540	56612025	47	M	1	0	X	517498896
151586541	56612025	34	F	6	1	X	517498846
151799103	56611614	17	F	1	2	450100945	517498986
151936572	56611595	48	F	1	0	X	517498879
152174155	56611660	64	M	1	0	X	517498898
152334185	56611707	46	F	1	0	X	517498875
152661755	56612066	84	F	1	0	X	X
154548542	56611557	56	M	1	10	X	517498935
155154321	56611617	45	F	1	0	X	517498894
155154322	56611617	50	M	1	1	X	517498775
155154323	56611617	19	M	1	2	X	X
156091270	56612054	4	M	1	2	X	X
156091272	56612054	12	F	1	2	450098787	X
156091273	56612054	6	M	1	2	450098787	X
156130001	56611393	10	M	1	2	450098787	X
156130002	56611393	7	M	1	2	450098787	X
156130005	56611393	2	M	1	2	X	X
156197962	56611502	47	M	1	1	X	517498926
156197963	56611502	24	M	1	2	X	517498949
156197965	56611502	50	F	1	0	X	517498844
157111627	56611558	75	M	1	0	X	X
157813571	56611373	50	F	1	1	X	517498823
157813572	56611373	51	M	1	0	X	517498872
157839981	56611784	69	F	1	0	X	517498982
157970088	56612159	63	F	1	1	X	517498922
157970089	56612159	68	M	1	0	X	X
158602336	56612079	52	F	1	1	X	517498906
158602337	56612079	57	M	1	0	X	517498905
159011197	56611571	61	M	1	0	X	517498975
159442778	56611578	50	M	1	8	X	517498872
159442806	56611638	50	M	1	8	X	517498895
159442807	56611638	46	F	1	0	X	X
159552089	56611587	41	F	1	0	X	517498779
159552090	56611587	47	M	1	1	X	517498864
160153114	56612041	50	M	1	1	X	517498872
160444194	56611574	56	M	1	1	X	517510922
160444195	56611574	56	F	1	0	X	517498914
160450373	56611347	44	F	1	0	X	X
160450374	56611347	65	M	1	10	X	X
160783541	56611833	78	F	1	0	X	X
162213086	56611463	55	M	1	0	X	517498986
162213087	56611463	54	F	1	1	X	517498872
162883528	56612363	44	F	1	0	X	X
162912876	56611840	18	F	1	10	X	X
162912877	56611840	19	M	1	0	X	517498872
163049041	56612173	35	M	1	0	X	X
163049043	56612173	13	M	1	2	450098787	X
163316564	56612267	76	F	1	0	X	X
163510533	56612178	61	M	1	0	X	517510908
165192054	56611612	13	M	1	2	450098787	X
165192055	56611612	15	M	1	2	450100945	X
166204793	56612223	15	F	1	2	450098787	X
166204795	56612223	11	M	1	2	450098787	X
166204797	56612223	40	F	1	1	X	517498848
166308192	56612004	44	M	1	1	X	517498879
166376195	56612213	57	F	1	0	X	X
166376196	56612213	60	M	1	1	X	X
166902563	56611483	57	M	1	0	X	517509955
166902608	56612127	57	F	1	1	X	517510916
167530558	56612067	62	F	1	0	X	517498982
167530559	56612067	20	F	9	5	X	517498872
168275824	56612031	24	M	1	10	X	517498780
168926871	56611742	22	M	1	0	X	517498909
168926945	56612006	22	M	1	0	X	517498975
170831889	56612142	84	M	1	1	X	X
170844318	56612246	73	F	1	0	X	X
171328587	56611980	32	F	1	1	X	517498787
171328589	56611980	5	M	1	2	450098787	X
171365626	56611365	15	M	1	2	450100945	X
171365627	56611365	47	F	1	0	X	517498872
173346703	56612230	83	F	1	0	X	X
173346708	56611883	83	F	1	0	X	X
173430306	56612376	11	F	1	2	450098787	X
173430309	56612376	15	F	1	2	450063600	X
173430310	56612376	19	F	1	2	X	X
173494817	56611720	48	M	1	0	X	517498914
174142558	56611744	81	M	1	0	X	X
174969183	56611752	36	F	1	0	X	517510923
174969185	56611752	8	M	1	2	450098787	X
174969186	56611752	10	F	1	2	450098787	X
175087323	56611561	58	M	1	0	X	517498875
175833594	56611910	50	M	1	0	X	517498846
175833595	56611910	51	F	1	1	X	517498872
176362211	56612190	25	F	1	10	X	517498831
176868044	56611760	8	M	9	12	450098787	X
176868112	56611334	50	M	1	0	X	517498898
176868113	56611334	8	M	9	12	450098787	X
177196313	56611954	79	F	1	0	X	X
177553397	56611699	47	F	1	1	X	X
178748903	56612120	68	F	1	0	X	X
179051490	56611894	92	F	1	0	X	X
179436369	56611414	68	M	1	0	X	517498872
179524718	56611482	50	F	1	0	X	X
179524729	56612098	18	F	1	2	450100945	X
179524730	56612098	50	F	1	0	X	X
179524737	56611386	50	M	1	1	X	517661074
179827489	56611729	8	F	1	2	450098787	X
179827490	56611729	49	M	1	1	X	517661188
183304240	56612150	78	M	1	0	X	X
183493262	56611381	17	M	1	2	450100945	X
183575226	56611377	72	F	1	0	X	X
183938276	56611349	45	F	1	1	X	517498848
183938277	56611349	45	M	1	0	X	517661001
183938278	56611349	5	F	1	2	450066968	X
183938279	56611349	18	F	1	2	450100945	511928843
184759379	56612220	11	F	1	2	450098787	X
184759380	56612220	7	M	1	2	450098787	X
184759381	56612220	13	M	1	2	450098787	X
184759422	56611884	40	F	1	0	X	517498809
184759423	56611884	11	F	1	2	450098787	X
185375772	56611401	66	M	1	1	X	517498840
186400475	56612051	48	F	9	0	X	517498787
187504144	56612344	81	M	1	0	X	X
187677836	56611565	51	M	1	0	X	517509961
187842667	56611598	58	F	1	1	X	517498809
187872120	56612111	58	M	1	0	X	517504410
187872121	56612111	52	F	1	1	X	517498898
188363648	56612063	60	F	1	1	X	X
188467271	56611867	46	F	9	0	X	X
188536223	56611951	38	F	1	0	X	517498849
188536224	56611951	9	F	1	2	450098787	X
188536235	56612177	38	F	1	0	X	517498872
188536236	56612177	9	F	1	2	450098787	X
188536237	56612177	46	M	1	1	X	517661313
188536251	56612309	9	F	1	2	450098787	X
189103264	56612172	47	F	1	0	X	517499427
189103266	56612172	49	M	1	1	X	517509964
189124559	56612256	52	M	1	1	X	517498879
189690466	56611430	62	M	1	1	X	X
189718443	56612350	50	M	1	0	X	517498846
189718445	56612350	47	F	1	1	X	517498830
190158412	56612204	8	F	1	2	450098787	X
190204181	56611510	50	M	1	0	X	517498838
190270442	56611984	8	F	1	2	450066968	X
190270443	56611984	42	M	1	1	X	517498846
190270444	56611984	45	F	1	0	X	X
190568905	56612371	85	M	1	1	X	X
191183054	56611899	59	M	1	0	X	517510902
191254247	56612349	81	M	1	1	X	X
191254248	56612349	78	F	1	0	X	X
192024626	56612271	40	M	1	0	X	517498795
192232667	56612053	50	M	1	0	X	517498879
193200173	56612078	80	F	1	0	X	X
193923369	56612329	36	M	1	0	X	517505032
195223525	56611661	58	M	1	0	X	517498872
197709545	56612254	42	F	1	0	X	517498898
197709548	56612254	3	M	1	5	X	X
197709600	56611946	42	F	1	0	X	517498849
197709602	56611946	19	F	1	2	X	517510902
197709603	56611946	3	M	1	5	X	X
197744171	56611412	15	F	1	2	450100945	X
197744172	56611412	8	M	1	2	450098787	X
197761369	56612148	57	F	1	0	X	517498875
197780658	56611549	60	F	1	0	X	517498935
197856821	56611717	73	F	1	0	X	X
198487986	56611530	80	F	1	3	X	X
198487990	56611509	80	F	1	3	X	X
198487991	56611509	93	M	1	0	X	X
199976615	56611669	68	M	1	1	X	X
200842181	56611397	48	F	1	0	X	517498909
200842182	56611397	57	M	1	1	X	517498872
200964168	56611581	18	M	1	2	X	517660980
200964170	56611581	43	F	1	1	X	517504289
200964171	56611581	53	M	1	0	X	517661036
201025325	56611989	50	M	1	0	X	517498992
201025326	56611410	50	M	1	0	X	517498973
201025347	56611861	50	M	1	0	X	517498825
201087516	56611766	36	M	1	0	X	517498909
201087517	56611766	36	F	1	1	X	X
201149873	56611411	63	M	1	0	X	517498846
201149878	56612234	51	F	1	1	X	X
201367176	56611961	11	M	1	2	450098787	X
201569788	56611979	39	F	1	0	X	517498914
201924258	56611516	88	F	1	0	X	X
202997297	56612298	53	M	1	0	X	517510908
203871212	56611540	46	M	1	0	X	517498823
203871213	56611540	52	F	1	1	X	517499219
204331019	56611391	56	M	1	0	X	517498909
204577331	56611467	59	M	1	0	X	517504250
204577332	56611467	12	M	1	11	450098787	X
205125501	56612342	51	M	1	0	X	517510906
205125523	56612381	51	M	1	0	X	517498893
205125529	56611407	51	M	1	0	X	517498872
205523717	56611908	50	M	1	0	X	517661099
206320545	56611454	8	M	1	2	450098787	X
206947457	56611926	57	M	9	0	X	X
206947460	56611973	57	M	9	0	X	X
208267072	56612259	36	F	1	0	X	X
208285353	56611383	47	M	1	1	X	517498774
208285354	56611383	47	F	1	0	X	517498840
208775627	56612165	84	M	1	0	X	X
208837043	56611428	53	F	1	0	X	517498830
208837044	56611428	43	M	1	1	X	517661358
208837095	56612317	53	F	1	0	X	517498846
209039974	56612225	60	F	1	1	X	517498879
209039987	56611520	59	M	1	0	X	517503482
210308721	56611874	46	M	9	0	X	517498811
210308722	56611874	46	F	1	1	X	X
210359816	56611320	52	M	1	1	X	517510919
210359817	56611320	36	F	1	0	X	517498846
210359818	56611320	12	F	1	2	450098787	X
210359838	56612319	12	F	1	2	450098787	X
210359843	56611556	9	F	1	2	450098787	X
210359844	56611556	52	M	1	1	X	517661093
210359845	56611556	36	F	1	0	X	517498877
210359846	56611556	12	F	1	2	450098030	X
210359851	56611692	9	F	1	2	450098787	X
210359852	56611692	52	M	1	1	X	517498935
212360797	56611825	85	M	1	4	X	X
212847393	56611900	37	M	1	0	X	517498909
213518737	56611887	16	F	1	2	450063600	517498905
213518738	56611887	46	M	1	0	X	517498896
213518743	56611466	16	F	1	2	450063600	517498872
213518745	56611466	41	F	1	1	X	517498820
213712330	56612242	14	F	1	2	450098787	X
213712332	56612242	17	F	1	2	450100945	517498846
213712334	56612242	12	F	1	2	450098787	X
214274691	56612338	55	F	1	0	X	517510922
214825465	56611645	57	M	1	0	X	X
214982047	56611338	83	F	1	0	X	517498813
214982049	56612086	83	F	1	0	X	517510921
215324253	56612116	56	M	2	3	X	517498838
217731669	56612253	43	F	1	1	X	517661188
217737563	56612325	53	M	1	0	X	X
217873962	56612206	37	M	1	1	X	X
217873963	56612206	30	F	1	0	X	517498992
218319698	56612308	52	M	1	0	X	517498892
218319699	56612308	52	F	1	1	X	517498811
218416143	56611371	75	F	1	0	X	X
218416144	56611554	75	F	1	0	X	X
218526324	56611442	80	F	1	0	X	X
218642191	56611885	19	M	1	2	X	517498879
218712565	56611479	52	F	1	1	X	X
218712566	56611479	55	M	1	0	X	517498810
218778269	56611318	71	M	1	0	X	X
218778270	56611318	66	F	1	1	X	X
219053791	56611413	93	F	1	4	X	X
219304254	56611460	68	M	1	3	X	517498879
219304255	56611460	64	F	1	0	X	517498872
219402734	56611782	62	F	1	1	X	X
220028172	56612104	25	F	1	0	X	517498875
220028176	56611683	25	F	1	0	X	517498909
220028177	56611683	27	F	1	9	X	517498879
220570938	56611342	53	F	1	0	X	517498933
220809031	56611721	7	M	1	7	450098787	X
220809032	56611721	36	M	1	0	X	517498906
220809047	56611754	36	M	1	0	X	517498849
220809048	56611754	11	M	1	2	450098787	X
220809049	56611754	3	F	1	2	X	X
220809050	56611754	36	F	1	1	X	517498909
221095880	56612123	54	F	1	0	X	517510916
221202664	56611659	58	F	1	1	X	517498846
221202665	56611659	67	M	1	0	X	X
221933577	56612171	68	M	1	0	X	517660989
221933605	56611622	68	M	1	0	X	517498875
222308093	56611976	36	M	1	0	X	517498778
222744215	56611738	52	F	1	0	X	517498830
222747786	56612018	56	M	1	1	X	517498862
222747787	56612018	19	F	1	2	X	517498872
222747788	56612018	56	F	1	0	X	X
222747845	56612201	56	F	1	0	X	X
223262813	56612244	66	F	1	0	X	X
223907134	56611440	57	F	1	1	X	517498864
223907135	56611440	51	M	1	0	X	517501209
223907932	56611743	80	F	1	1	X	X
223914852	56612380	11	M	1	2	450098787	X
223914855	56612380	9	M	1	2	450098787	X
225284553	56612194	43	M	1	0	X	517661316
225338837	56611970	47	F	1	1	X	517661243
225338838	56611970	47	M	1	0	X	517498909
226501873	56611439	12	M	1	2	450098030	X
226928865	56612061	14	F	1	2	450100945	X
228007899	56612324	20	F	1	2	X	X
228007902	56612324	45	F	1	1	X	X
228627571	56611903	66	F	1	1	X	517498872
228923119	56611759	10	F	1	2	450098787	X
228923120	56611759	29	M	1	10	X	517498849
228923121	56611759	7	F	1	2	450098787	X
228923122	56611759	29	M	1	0	X	517498872
229149308	56611779	58	M	1	0	X	517504529
229264546	56612015	10	M	1	2	X	X
229264646	56611647	10	M	1	2	X	X
229505647	56612181	10	M	1	2	450098787	X
229991163	56611960	67	F	1	1	X	X
230218754	56611351	36	F	1	0	X	517498902
230736750	56611481	78	M	1	0	X	X
230736751	56611481	75	F	1	1	X	X
231500502	56612340	41	M	1	1	X	517498974
231500503	56612340	14	F	1	2	450098787	X
231518121	56611465	56	M	1	0	X	517661312
231518122	56611465	14	M	1	2	450100945	X
231518237	56611343	56	M	1	0	X	517498909
232237597	56612043	68	F	1	1	X	X
232777018	56611952	36	M	1	0	X	517498909
233195903	56611396	35	F	1	1	X	517498875
233848476	56611378	39	F	1	0	X	X
233853776	56611914	42	F	1	0	X	517498976
233853777	56611914	17	F	1	2	450100945	X
234019684	56611456	77	F	1	0	X	X
234019685	56611456	73	M	1	1	X	X
234078559	56612168	14	F	1	2	450100945	X
234281907	56611575	80	F	1	0	X	X
234281908	56612375	80	F	1	0	X	X
234845033	56611387	61	M	1	1	X	517498846
234845034	56611387	62	F	1	0	X	X
235046308	56611486	83	F	1	1	X	X
235046309	56611486	85	M	1	0	X	X
235769519	56611895	25	F	1	1	X	X
235769520	56611895	7	F	1	2	450098787	X
235769521	56611895	25	M	1	0	X	X
235769522	56611895	1	M	1	2	X	X
235769523	56611895	4	F	1	2	450093640	X
236100713	56611812	54	M	1	0	X	X
237010093	56612071	32	M	1	0	X	517498879
237010094	56612071	44	F	1	10	X	517509955
237306923	56612152	63	M	1	0	X	X
237306924	56612152	60	F	1	1	X	517498982
237306929	56612235	63	M	1	0	X	X
237306930	56612235	60	F	1	1	X	517498903
237326023	56612224	4	M	1	2	X	X
237326024	56612224	6	M	1	2	450098787	X
237326026	56612224	7	M	1	2	450098787	X
237326027	56612224	26	M	1	10	X	517498830
237851115	56612303	14	F	1	2	450100945	X
237851116	56612303	18	F	1	2	450100945	X
237851117	56612303	55	M	1	1	X	517498898
238098622	56611400	50	F	1	1	X	517661219
238142868	56611515	59	M	1	0	X	517498864
239579111	56611329	51	M	1	1	X	517504353
239653294	56612232	49	F	1	0	X	517498915
240120516	56611933	59	F	1	1	X	X
240429065	56611399	64	F	1	0	X	X
240790009	56611538	59	M	1	0	X	517498846
240934051	56612250	42	F	1	1	X	517498840
241514503	56612143	63	M	1	0	X	X
241514504	56612143	54	F	1	1	X	517498872
241620199	56612341	44	M	1	0	X	517503227
241620201	56612341	11	F	1	2	450098787	X
241783284	56611623	53	F	1	1	X	X
241783285	56611623	57	M	1	0	X	X
242071000	56612151	60	F	1	0	X	X
242071001	56612151	63	M	1	10	X	X
242199048	56611535	48	F	1	1	X	X
242199049	56611535	26	M	1	2	X	517661093
242199050	56611535	48	M	1	0	X	517498991
242199090	56611866	48	F	1	1	X	X
242199091	56611866	26	M	1	2	X	517498890
242919938	56612028	48	F	1	0	X	X
244578711	56612315	59	M	1	0	X	X
244717294	56611385	52	F	1	0	X	X
244971500	56612176	6	F	1	2	450098787	X
244971501	56612176	4	F	1	2	X	X
244971502	56612176	26	F	1	0	X	517498872
244971573	56612202	4	F	1	2	X	X
244971574	56612202	26	F	1	0	X	517661372
245069083	56612269	0	M	1	7	X	X
245069084	56612269	3	M	1	3	X	X
245069087	56612269	11	F	1	2	450098787	X
245069088	56612269	13	F	1	2	450098787	X
245069089	56612269	29	F	1	0	X	517498846
245420568	56612293	1	F	1	2	X	X
245420570	56612293	38	F	1	0	X	517498830
245420571	56612293	16	F	1	2	450100945	X
245524185	56611629	65	M	1	0	X	X
245754751	56611722	21	M	1	0	X	517498846
245754752	56611722	20	F	1	9	X	X
245754764	56611969	20	F	1	9	X	X
247429144	56612058	67	F	1	0	X	517661186
247533324	56611422	52	F	1	1	X	517498879
247562809	56611968	61	F	1	1	X	517498846
247987183	56612080	58	M	1	0	X	517498846
247987236	56612312	54	F	1	1	X	517498911
248422083	56611384	61	F	1	0	X	X
250505791	56611461	70	M	1	0	X	X
250529766	56612302	7	M	1	2	450098787	X
250529767	56612302	50	M	1	10	X	517510925
250638859	56611548	50	M	1	1	X	517498872
250779382	56611727	51	F	1	1	X	X
251193712	56612164	44	M	1	0	X	517498846
251193713	56612164	17	F	1	2	450100945	517509960
251193714	56612164	43	F	1	1	X	X
251193729	56612200	17	F	1	2	450100945	517498823
251727561	56611613	67	M	1	0	X	X
251889080	56611406	19	F	1	2	X	517661188
251889082	56611406	48	F	1	0	X	517498986
251889083	56611406	8	F	1	2	450098787	X
252683201	56612276	15	M	1	2	450100945	X
252683202	56612276	41	F	1	1	X	517498913
252683204	56612276	9	F	1	2	450098787	X
252683205	56612276	43	M	1	0	X	517498846
252720629	56611359	66	F	1	1	X	X
252720630	56611359	63	M	1	0	X	X
252754538	56611487	4	F	1	2	450104212	X
254222030	56611769	56	M	1	0	X	X
254222031	56611769	79	F	1	6	X	X
255612318	56612348	93	F	1	0	X	X
255790491	56611890	62	M	1	0	X	517498872
256967903	56611725	38	F	1	0	X	517498824
257098851	56611431	60	M	1	0	X	517510923
257889023	56611511	75	M	1	0	X	X
258101881	56611488	54	M	1	0	X	X
258101919	56612209	54	M	1	0	X	X
258101924	56612261	54	M	1	0	X	X
258390820	56612367	13	M	1	2	450067304	X
258390822	56612367	55	M	1	0	X	517661330
258390823	56612367	11	M	1	2	450067304	X
258612257	56611888	75	F	1	0	X	X
258687301	56612372	48	M	1	1	X	517498779
258687302	56612372	49	F	1	0	X	517498929
259119865	56611841	56	M	1	1	X	X
259119888	56612385	27	F	1	2	X	X
259960361	56611604	47	F	1	0	X	517498830
259960362	56611604	17	F	1	2	450100945	X
260189052	56611746	52	M	1	0	X	517498950
260500590	56611635	51	M	1	0	X	517498872
260500591	56611635	44	F	1	1	X	X
260544649	56611847	21	F	1	0	X	X
260698753	56612045	55	M	1	0	X	517661372
261077824	56611433	82	M	1	0	X	X
261211352	56611444	77	M	1	1	X	X
261250904	56612334	37	F	1	0	X	517498849
261388488	56611346	80	F	1	0	X	517498846
261491137	56611986	40	F	1	1	X	517498830
261491138	56611986	37	M	1	0	X	508054662
261491139	56611986	2	M	1	2	X	X
261491143	56611801	40	F	1	1	X	517498800
261491144	56611801	37	M	1	0	X	517660989
261491145	56611801	2	M	1	2	X	X
262178633	56612343	16	M	1	2	450100945	X
262178635	56612343	42	F	1	0	X	517498879
263389601	56611681	82	M	1	1	X	X
263389602	56611681	79	F	1	0	X	X
264107437	56611419	21	M	1	2	X	517498846
264592114	56611473	1	F	1	7	X	X
265343211	56612081	5	F	1	2	450098787	X
265343213	56612081	0	F	1	2	X	X
265568440	56612374	40	M	1	0	X	517498872
267375638	56612295	75	M	1	0	X	X
267375643	56611691	71	F	1	1	X	X
269000609	56612153	68	F	1	1	X	X
270539076	56611962	11	F	1	2	450098787	X
270539078	56611962	39	M	1	1	X	X
270640346	56611785	67	F	1	0	X	517498873
270800239	56612089	11	M	1	2	450098788	X
270800241	56612089	1	F	1	2	X	X
270800243	56612089	12	M	1	2	450098788	X
270800244	56612089	39	F	1	0	X	X
270800245	56612089	41	M	1	1	X	517661215
271256685	56612301	18	F	1	2	X	517504250
272561549	56611789	47	F	1	10	X	517661129
272561550	56611789	18	F	1	2	450100945	X
272561551	56611789	20	M	1	2	X	517510917
272859557	56611603	51	M	1	0	X	517504750
272859599	56611469	51	M	1	0	X	517498872
272859685	56612126	51	M	1	0	X	517498830
272859686	56612126	48	F	1	1	X	X
274092389	56611811	10	F	1	2	450098787	X
274092390	56611811	38	F	1	0	X	517661188
274092415	56611592	28	M	1	10	X	517498914
274140637	56611521	31	M	1	0	X	517498808
274140640	56611521	2	M	1	2	X	X
274736974	56612355	10	F	1	2	450098787	X
274736977	56612355	38	M	1	1	X	517498974
275220892	56611930	52	F	1	0	X	517499223
276123678	56612299	40	F	1	1	X	517498846
276123744	56612216	40	F	1	1	X	517498935
276123771	56611703	40	F	1	1	X	517498935
276123772	56611703	16	F	1	2	450100945	X
276123773	56611703	45	M	1	0	X	517498793
276216319	56612243	11	M	1	2	450098788	X
276216320	56612243	38	M	1	0	X	517498774
277015690	56612169	89	M	1	1	X	X
277658499	56611693	79	M	1	0	X	X
277658500	56611693	79	F	1	1	X	X
278191762	56611993	36	F	1	2	X	517498878
278191763	56611993	64	F	1	1	X	517498831
278191783	56612036	36	F	1	2	X	517498846
278273951	56611322	53	M	1	0	X	517498872
278333394	56612373	62	F	1	0	X	517498879
278333395	56612373	49	M	1	10	X	517498846
278763124	56611838	40	M	1	0	X	517510906
278763125	56611838	8	M	1	2	450098787	X
278763127	56611838	11	M	1	2	450098788	X
279256538	56611983	14	F	1	2	450100945	X
279256540	56611983	14	F	1	2	450100945	X
279805296	56611800	69	F	1	0	X	X
279805312	56611537	69	F	1	0	X	X
279928723	56612185	3	M	1	2	X	X
280884596	56611936	69	F	1	1	X	X
281526674	56612310	55	F	1	0	X	517498951
281530065	56612099	21	F	1	5	X	517498951
281609240	56611905	52	F	1	1	X	517498824
281609241	56611905	58	M	1	0	X	517498872
282314747	56612270	48	F	1	1	X	X
282314748	56612270	51	M	1	0	X	517661188
283168038	56611948	72	M	1	0	X	X
283716146	56611545	64	F	1	0	X	517498809
283942288	56612266	43	F	1	0	X	517661157
284448213	56611869	66	M	1	0	X	517498909
284700722	56611940	37	F	1	1	X	517509965
284700723	56611940	8	M	1	2	450098787	X
285597238	56612023	52	F	1	0	X	517498872
285597239	56612023	18	M	1	12	450100945	X
285597240	56612023	47	M	1	10	X	517498818
285726385	56611998	1	M	1	2	X	X
285726386	56611998	23	F	1	0	X	X
285726388	56611998	2	F	1	2	X	X
286800171	56612333	57	F	1	1	X	517498872
287449053	56612065	42	M	1	0	X	517498846
287449054	56612065	40	F	1	1	X	517498879
287449060	56612154	40	F	1	1	X	517498846
287477074	56611323	0	M	1	2	X	X
287477075	56611323	1	F	1	2	X	X
287477077	56611323	54	M	1	0	X	517498986
288135785	56611655	35	F	1	0	X	517498848
288135810	56612282	16	F	1	2	450100945	X
288135831	56612346	16	F	1	2	450100945	X
288135843	56612356	16	F	1	2	450100945	X
289559222	56611438	57	M	1	0	X	517498831
289559223	56611438	57	F	1	1	X	X
289782582	56611327	7	F	8	2	450098787	X
290495111	56612012	33	F	1	1	X	517498909
290495112	56612012	36	M	1	0	X	517498887
290736988	56612093	44	F	1	0	X	517498872
292516144	56611982	44	M	1	0	X	X
293372515	56611873	60	F	1	0	X	517498846
293928183	56611689	67	F	1	1	X	X
293928184	56611689	66	M	1	0	X	X
294085313	56611457	0	M	1	2	X	X
294085315	56611457	39	F	1	1	X	517498823
294812563	56611531	29	M	1	0	X	517498875
294828216	56612035	39	F	1	0	X	X
294828231	56611815	39	F	1	0	X	X
294828255	56611932	39	F	1	0	X	X
294828261	56611843	39	F	1	0	X	X
295274287	56612382	64	F	1	0	X	517498935
296379279	56611949	57	M	1	1	X	X
296906731	56611464	77	F	1	0	X	X
297163325	56611852	47	M	1	0	X	517498896
297962532	56611362	5	M	1	2	450093640	X
298017576	56612118	73	F	1	0	X	X
299288844	56612013	58	F	1	1	X	517498977
299795627	56612005	13	M	6	2	450098788	X
299795628	56612005	12	F	6	2	450098788	X
299795629	56612005	52	F	1	0	X	517498864
299858696	56611682	46	F	1	0	X	517498846
299858699	56611682	45	M	1	1	X	517498823
299863397	56612384	68	M	1	1	X	X
300001979	56612166	29	F	1	0	X	517498802
300001980	56612166	30	M	8	1	X	508056625
300770023	56611588	58	F	1	1	X	517498809
300770024	56611588	60	M	1	0	X	X
300962069	56611435	63	M	1	1	X	517498830
302179271	56611780	28	F	1	9	X	517503456
302298250	56611609	57	F	1	0	X	X
302298264	56612263	57	F	1	0	X	X
302298265	56612263	57	M	1	1	X	X
302354537	56611567	28	F	1	0	X	X
302360984	56611600	30	M	1	0	X	517498793
302361009	56612092	26	F	1	1	X	X
303082224	56612033	54	M	1	0	X	517498793
303244783	56611527	57	F	1	0	X	517509964
303295423	56611336	75	M	1	0	X	X
303792172	56611630	57	M	1	0	X	X
304264833	56612073	62	M	1	0	X	X
304345604	56612366	57	M	1	0	X	X
304345614	56611402	57	M	1	0	X	X
304345615	56611402	58	F	1	1	X	X
306722890	56611668	48	M	1	0	X	517498872
306722891	56611668	49	F	1	1	X	517498875
306800141	56611880	72	M	1	0	X	X
306997987	56611767	15	F	1	2	450100945	X
306997988	56611767	51	M	1	0	X	517661093
306997989	56611767	45	F	1	1	X	517498793
307712338	56611664	77	M	1	1	X	X
308064907	56611519	11	M	1	2	450098030	X
308064911	56611519	16	F	1	2	450100945	X
308064912	56611519	13	M	1	2	450098030	X
308558568	56612062	33	M	1	1	X	517498909
308558569	56612062	4	M	1	2	450093640	X
308636752	56612228	31	F	1	12	X	X
308636754	56612228	35	M	9	2	X	517498857
309036616	56612115	30	M	1	1	X	517660994
309181528	56611504	58	F	1	1	X	517498879
309785732	56612044	25	F	1	9	X	517498923
309808209	56611821	62	M	1	0	X	517498846
309862702	56611959	16	F	1	2	450100945	X
311194264	56611626	56	M	1	1	X	517661271
311401417	56612369	47	F	1	0	X	517498879
311879452	56612094	88	M	1	0	X	X
312208275	56611333	39	F	1	1	X	517498872
312208277	56611333	20	M	1	2	X	517498910
312353951	56611955	20	M	1	0	X	X
312944691	56612377	52	F	1	0	X	508055567
313577626	56611850	63	F	1	0	X	X
313692756	56611824	6	F	1	2	450098787	X
313692903	56611697	0	F	1	2	X	X
314268816	56611758	41	F	1	0	X	517498857
314763184	56612130	55	M	1	1	X	517498875
314763210	56611906	55	M	1	1	X	517498830
315094013	56611735	10	F	1	2	450098787	X
315094015	56611735	16	M	1	2	450100945	X
315094016	56611950	35	F	1	0	X	517498872
315094018	56611950	36	M	1	1	X	517498914
315094019	56611950	16	M	1	2	450100945	X
315094056	56612287	35	F	1	0	X	517498879
315094129	56611719	10	F	1	2	450098787	X
315094130	56611719	36	M	1	1	X	517498828
315094131	56611719	16	M	1	2	450100945	X
315448674	56611480	53	F	1	0	X	517498919
315448675	56611480	39	M	1	8	X	517498992
315798703	56611611	52	M	1	0	X	X
316146010	56612239	71	F	1	0	X	X
316233912	56612245	75	M	1	0	X	X
316233913	56612208	75	M	1	0	X	X
316233915	56611335	75	M	1	0	X	X
316438924	56611563	1	F	1	2	X	X
316438925	56611563	2	F	1	2	X	X
316438928	56611563	30	F	1	1	X	X
317464763	56611534	59	M	1	1	X	517498872
318337029	56611751	40	F	1	0	X	517498872
318835828	56612021	75	M	1	0	X	X
318835829	56612021	18	M	1	5	X	517498830
318835830	56612021	72	F	1	1	X	X
319969704	56612161	67	M	1	0	X	517498823
320765942	56611477	50	M	1	10	X	X
321158555	56611706	35	M	1	0	X	517498991
321440933	56612049	46	M	1	9	X	517498872
321440934	56612049	45	M	1	0	X	508054848
321530657	56611844	39	F	1	1	X	517498980
321530658	56611844	42	M	1	0	X	517509965
322087138	56611458	46	M	1	1	X	517498787
322155005	56611864	66	M	1	0	X	517498836
322155017	56611476	66	M	1	0	X	517498872
322408097	56611403	17	F	9	2	450100945	517498914
322838882	56611734	12	F	1	2	450098788	X
324262235	56612354	38	F	1	0	X	X
324262236	56612354	16	F	1	2	450100945	X
324262265	56612057	38	F	1	0	X	X
324262269	56612128	38	F	1	0	X	X
324328739	56611533	80	F	1	0	X	X
326601499	56612124	16	F	1	2	X	X
327636686	56612144	46	M	1	0	X	517498872
327690856	56611522	70	M	1	1	X	517498862
327791723	56612100	9	M	1	2	450098787	X
327791724	56612100	3	F	1	2	X	X
328166718	56612014	69	F	1	0	X	X
328440030	56611552	53	F	1	0	X	X
328718071	56611876	8	F	1	2	450098787	X
328718072	56611876	37	M	1	0	X	517510912
329136457	56611445	46	F	1	1	X	517498898
329290299	56611319	79	M	1	4	X	X
329290300	56611319	75	F	1	4	X	X
329290302	56611319	54	F	1	1	X	X
329290303	56611319	53	M	1	0	X	517498887
329372928	56612280	62	M	1	0	X	X
329560382	56611803	54	M	1	0	X	517498777
330386589	56612359	29	F	1	1	X	517498846
330504156	56612236	70	M	1	0	X	517498830
330504158	56611620	70	M	1	0	X	517498793
330504159	56611620	67	F	1	1	X	X
331420360	56611494	55	F	1	1	X	517498793
331420361	56611494	52	M	1	0	X	517498846
331511185	56611560	63	M	1	1	X	X
331511186	56611560	54	F	1	0	X	517510912
332867825	56612328	73	M	1	0	X	X
333093631	56612272	47	F	1	0	X	517498846
333093632	56612272	26	M	1	2	X	517498872
334907095	56612038	43	F	9	0	X	X
334911372	56611870	9	M	1	2	450098787	X
334911373	56611870	7	M	1	2	450098787	X
334911374	56611870	40	M	1	0	X	517498849
335134204	56612286	60	M	1	0	X	517498919
336171987	56611562	49	F	1	0	X	517498823
336171988	56611562	56	M	1	1	X	517498873
336344237	56611517	52	M	1	0	X	517498832
337172084	56611657	35	F	1	0	X	517498877
337824175	56611755	49	F	1	0	X	517498872
337824179	56611619	49	F	1	0	X	517498991
338211196	56611337	6	M	1	2	450098787	X
338211199	56611337	36	F	1	0	X	517498797
338211305	56611942	7	F	1	2	450098787	X
338211307	56611942	13	F	1	2	450098788	X
338211308	56611942	37	M	1	1	X	517498879
338211309	56611942	36	F	1	0	X	517498854
338544615	56611787	49	M	1	0	X	517498872
339686774	56612103	11	F	1	5	450098788	X
339686775	56612103	53	F	1	0	X	517498848
339686776	56612103	52	M	1	1	X	517661330
339815136	56611468	48	M	1	0	X	517498850
339951139	56611773	15	M	1	2	450100945	X
339951140	56611773	40	F	1	1	X	517498823
340416805	56611893	21	M	1	1	X	517498922
340672317	56611389	50	F	1	0	X	517498872
341188018	56611642	11	M	1	2	450098030	X
342097545	56612024	72	F	1	0	X	X
342517415	56611819	56	M	1	0	X	517498795
342517416	56611819	11	M	1	5	450098788	X
342794101	56611737	86	F	1	0	X	X
343844463	56611641	77	F	1	1	X	X
343844464	56611641	82	M	1	0	X	X
344243084	56612320	57	F	1	0	X	517498872
344549627	56611770	41	M	1	0	X	517661267
344549631	56611770	13	F	1	2	450098788	X
344787409	56612129	51	M	1	0	X	517510902
344787410	56612129	52	F	1	1	X	517498879
344787413	56612029	51	M	1	0	X	517498839
344787414	56612029	52	F	1	1	X	517498793
345195987	56611757	9	F	1	5	450098787	X
345195988	56611757	6	F	1	5	450098787	X
345195990	56612281	57	F	1	1	X	517498879
345195993	56612088	57	M	1	0	X	517498829
345195996	56612088	6	F	1	5	450098787	X
345212365	56611793	69	M	1	1	X	517498879
345522420	56611528	55	F	1	0	X	X
345522422	56611489	55	F	1	0	X	X
345908667	56611901	35	M	1	0	X	X
345908669	56611901	33	F	1	1	X	X
345908683	56612189	10	M	1	2	450098787	X
345908684	56612189	33	F	1	1	X	X
345984679	56611646	62	M	1	0	X	517510907
346199066	56611451	71	F	1	0	X	X
346199067	56611451	82	M	1	1	X	X
346199068	56611451	50	M	1	6	X	517498823
346650140	56611879	34	F	1	1	X	517498836
346650141	56611879	35	M	1	0	X	X
346664179	56611875	49	M	1	0	X	517498872
346664187	56611897	49	M	1	0	X	517498814
346664188	56611897	50	F	1	1	X	X
346780437	56612277	73	M	1	0	X	X
347255882	56612131	10	M	1	2	450098787	X
347255884	56612131	7	M	1	2	450098787	X
347534043	56611585	14	F	1	2	450098030	X
347534044	56611585	12	M	1	2	450098030	X
347534045	56611585	48	M	1	1	X	517498872
347534051	56611790	14	F	1	2	450098788	X
347534052	56611790	12	M	1	2	450098788	X
347534053	56611790	48	M	1	1	X	517498905
347534054	56611790	44	F	1	0	X	X
347850449	56611352	82	M	1	0	X	X
347850450	56611352	75	F	1	1	X	X
348482775	56611572	47	M	1	1	X	517498831
348482776	56611572	47	F	1	0	X	517498872
348521815	56612364	56	F	1	1	X	517498872
348521840	56611652	18	F	1	2	450100945	X
349273261	56611836	59	F	1	0	X	517498838
349273262	56611836	27	M	1	2	X	X
350409063	56611912	68	F	1	0	X	X
350651607	56611828	66	M	1	1	X	X
351371998	56611685	52	M	1	0	X	517498814
351600241	56611745	41	F	1	1	X	X
351600269	56611854	41	F	1	1	X	X
351600270	56611854	36	M	1	0	X	517498793
351760014	56612262	18	M	1	2	X	X
351760016	56612262	50	F	1	1	X	517498785
352142638	56611344	64	F	1	1	X	X
352211207	56612158	50	M	1	0	X	517498846
352774582	56612075	41	M	1	10	X	517498849
352774583	56612075	18	M	1	2	X	517498894
352774584	56612075	44	F	1	0	X	X
352792938	56611943	8	M	1	2	X	X
352792940	56611943	38	F	1	0	X	517510921
352792941	56611943	36	M	1	1	X	517498916
352792942	56611943	1	M	1	2	X	X
353495278	56611532	56	M	1	0	X	X
354256155	56612162	54	M	1	1	X	517510916
354256156	56612162	56	F	1	0	X	517498831
354256158	56611632	56	F	1	0	X	517498875
354722680	56611695	82	M	1	0	X	X
354722681	56611695	79	F	1	1	X	X
354782399	56612101	40	M	1	0	X	517498909
355392174	56612327	82	M	1	0	X	X
355392175	56612327	79	F	1	1	X	X
357080261	56612020	81	M	1	1	X	X
358223192	56611857	37	M	1	1	X	517498872
358223193	56611857	9	M	1	2	X	X
358223194	56611857	5	M	1	2	X	X
358223195	56611857	37	F	1	0	X	517498982
358223197	56611857	12	M	1	2	X	X
359107840	56612279	57	F	1	1	X	X
359107842	56612279	21	M	1	2	X	517498879
359208531	56611839	74	M	1	0	X	X
359255765	56612010	57	M	1	1	X	517498813
359380555	56612019	59	F	1	1	X	X
359380556	56612019	61	M	1	0	X	517661372
359380617	56611977	37	M	1	2	X	517498887
359562236	56611392	48	F	1	1	X	517498914
359656805	56611675	49	M	1	1	X	517498792
359921438	56611673	44	F	1	0	X	517498830
360190634	56611388	40	M	1	0	X	517498872
360190636	56611388	36	F	1	1	X	517498849
360340566	56611736	59	M	1	0	X	517498793
360539275	56612378	67	F	1	1	X	X
360539276	56612378	69	M	1	0	X	X
360539325	56612122	67	F	1	1	X	X
360705786	56611649	50	F	1	1	X	X
360705787	56611649	64	M	1	0	X	X
361341677	56611379	59	F	1	1	X	517510919
361357245	56611662	53	M	1	1	X	517498774
361357246	56611662	49	F	1	0	X	X
362643153	56612137	39	M	1	0	X	517498872
362643155	56612137	0	M	1	2	X	X
362643157	56612137	7	F	1	2	450098787	X
362643158	56612137	9	M	1	2	450098787	X
364289754	56611555	50	M	1	10	X	517498972
364669449	56612056	52	M	1	1	X	517498872
364797709	56611615	1	M	1	5	X	X
364797710	56611615	63	F	1	0	X	517498872
365579399	56611576	53	M	1	9	X	X
365579400	56611576	47	F	1	0	X	517510923
365768509	56611799	39	F	1	1	X	517498951
365768522	56611902	42	M	2	0	X	517498907
365768531	56611820	42	M	2	0	X	517661093
365768532	56611820	16	F	1	2	450100945	517498872
365768533	56611820	39	F	1	1	X	517498857
365768553	56611748	16	F	1	2	450100945	517498879
365768554	56611748	39	F	1	1	X	517498793
365768594	56611514	42	M	2	0	X	517498872
365768612	56612008	42	M	2	0	X	517498846
365768619	56611783	16	F	1	2	450100945	517498986
366285688	56612330	68	F	1	1	X	X
366407142	56611830	5	M	1	2	X	X
366407143	56611830	33	M	1	1	X	517660992
366407144	56611830	4	M	1	2	X	X
366407145	56611830	31	F	1	0	X	517498879
367081229	56611583	70	M	1	0	X	X
367197642	56611541	45	M	1	0	X	517498986
367197644	56611541	14	F	1	2	450100945	X
367197645	56611541	12	M	1	2	450098030	X
367307181	56611503	48	F	1	1	X	X
367723192	56612136	73	M	1	0	X	517498846
368955824	56612183	45	F	1	10	X	517498830
368955930	56611778	45	F	1	10	X	517498872
368955931	56611778	41	M	1	0	X	517504273
369265632	56611324	79	F	1	1	X	X
369265633	56611324	86	M	1	0	X	X
369265684	56612060	79	F	1	1	X	X
369265685	56612060	86	M	1	0	X	X
369451187	56611654	43	M	1	0	X	517510920
369451188	56611654	11	F	1	2	450098030	X
369451189	56611654	41	F	1	1	X	517498900
369451191	56611654	9	M	1	2	450098787	X
369451307	56611938	43	M	1	0	X	517498799
369451309	56611938	41	F	1	1	X	508061688
369451310	56611938	5	M	1	2	450093640	X
369451311	56611938	9	M	1	2	450098787	X
369986513	56611771	75	F	1	0	X	X
370333483	56611499	51	M	1	0	X	X
370333484	56611499	52	M	1	3	X	X
370333490	56611568	52	M	1	3	X	X
371462837	56611990	61	M	1	0	X	517498893
371643383	56612357	46	F	1	1	X	X
371643385	56612357	14	M	1	2	450098788	X
371828218	56612222	31	F	1	0	X	X
371828219	56612222	9	M	1	2	450098787	X
371828263	56612221	31	F	1	0	X	X
371923737	56611975	21	F	1	2	X	X
371923740	56611975	57	F	1	0	X	517498879
371923741	56611975	19	F	1	2	X	517498864
372569210	56611656	51	M	1	0	X	517498846
372569334	56611453	51	M	1	0	X	517504289
372884446	56611964	53	M	1	0	X	X
372896036	56611631	34	F	1	10	X	517498830
373079388	56612311	26	M	1	10	X	517498872
373079417	56611408	43	F	1	0	X	517504744
373079418	56611408	26	M	1	10	X	517510908
373079467	56611871	43	F	1	0	X	517498857
373081844	56611326	56	F	1	0	X	517498848
373081845	56611326	61	M	1	10	X	517661188
373134482	56611658	41	F	1	0	X	517498836
373654595	56612055	61	F	9	1	X	517504246
373654596	56612055	68	M	1	0	X	517498872
374689424	56611996	31	F	1	0	X	517498986
374689448	56612133	31	F	1	0	X	517498880
374689449	56612133	3	M	1	2	X	X
376203384	56611762	49	F	1	0	X	X
376244843	56611356	64	M	1	0	X	X
376244844	56611356	57	F	1	1	X	X
376654540	56611644	54	M	1	0	X	517498872
376935043	56611965	28	M	1	0	X	517500099
376935044	56611965	3	F	1	2	X	X
377755703	56612119	50	F	1	0	X	517498824
377810013	56611764	42	F	6	1	X	517498879
378101050	56611690	0	M	1	5	X	X
378101052	56611690	25	F	1	2	X	X
378101053	56611690	21	F	1	2	X	X
378691782	56611372	6	F	1	2	450098787	X
378788359	56611971	23	M	9	0	X	X
378788360	56611741	23	M	9	0	X	X
379040110	56612323	54	M	1	0	X	517509958
379226550	56611747	64	M	1	0	X	517498872
379316539	56612304	69	F	1	0	X	517661072
380364345	56611928	16	M	1	3	450100945	X
380364346	56611928	18	M	1	3	450100945	X
380364348	56611928	44	F	1	1	X	517498872
380364349	56611928	46	M	1	0	X	517498879
380441528	56612109	34	M	1	0	X	517510904
380673266	56612007	7	M	1	2	450066968	X
380673267	56612007	10	M	1	2	450067304	X
380673268	56612007	41	M	1	0	X	511928843
381018023	56612284	16	M	1	2	450100945	X
381018024	56612284	46	F	1	1	X	517498793
381018029	56612052	16	M	1	2	450100945	X
381018030	56612052	46	F	1	1	X	517498872
381018031	56612052	44	M	1	0	X	517498846
381130740	56611753	45	M	1	0	X	517661067
381130741	56611753	45	F	1	1	X	X
381990198	56612233	11	F	1	2	450098788	X
381990199	56612233	37	M	1	0	X	X
381990228	56611339	11	F	1	2	450098030	X
381990229	56611339	37	M	1	0	X	X
381990305	56611837	30	F	1	1	X	X
381990307	56611837	37	M	1	0	X	X
381990431	56611860	30	F	1	1	X	X
382143130	56611708	5	M	1	2	450098787	X
382403989	56612210	42	F	1	0	X	X
382866382	56611471	45	M	1	1	X	517498982
382866383	56611471	44	F	1	0	X	517498833
382866384	56611471	20	F	1	8	X	517498951
383122952	56611424	83	F	1	0	X	517498801
383193024	56612241	6	F	1	2	450098787	X
384462097	56612274	15	M	1	2	450100945	X
384583228	56612212	55	M	1	0	X	517498818
384583229	56612212	23	M	1	12	X	517498875
384583230	56612212	51	F	1	1	X	517498872
384672863	56612294	55	M	1	0	X	517498872
384672864	56612294	50	F	1	1	X	517498902
385082453	56611679	50	M	1	0	X	517498872
385123945	56611597	7	F	1	2	450098787	X
386499922	56612288	32	M	1	1	X	517498790
386499924	56612288	4	M	1	2	450093640	X
386890775	56612112	56	M	1	0	X	517661188
386890776	56612112	29	M	1	2	X	517498864
386890777	56612112	63	F	1	1	X	517498879
387188961	56612032	42	M	1	0	X	517510921
388071815	56611849	63	F	1	0	X	517498914
388125207	56611570	20	F	1	10	X	X
389622685	56611972	33	F	1	1	X	517498819
389622687	56611972	8	M	1	2	450098787	X
389927148	56611475	78	F	1	0	X	X
390231515	56611859	49	M	1	0	X	517661093
390319470	56611829	77	M	1	0	X	X
390625957	56611805	76	F	1	1	X	X
390625973	56611376	76	F	1	1	X	X
390625974	56611376	83	M	1	0	X	X
391861306	56611589	6	F	9	2	450098787	X
391861307	56611589	49	M	1	0	X	517510899
392130742	56611639	71	F	1	0	X	517498819
392404548	56611786	47	M	1	0	X	517498824
393252552	56611896	11	F	1	2	450098788	X
393252553	56611896	36	F	1	0	X	517498830
393472457	56611921	13	F	1	2	450098788	X
393472459	56611921	45	M	1	1	X	517498898
393560902	56612068	51	M	1	0	X	517498915
393770815	56611872	24	M	1	0	X	X
393770817	56611872	24	F	1	10	X	X
394220607	56612193	56	F	1	0	X	517498840
394220608	56612193	51	M	1	3	X	X
394220650	56611714	51	M	1	3	X	X
396919183	56611395	39	M	1	0	X	517510913
396919184	56611395	13	F	1	2	450098788	X
397662858	56611680	37	M	1	0	X	X
397662859	56611680	37	F	1	1	X	517661358
397662861	56611680	13	M	1	2	450098030	X
398461318	56612226	10	F	1	2	450098788	X
398461319	56612226	31	F	1	0	X	517498976
398461320	56612226	31	M	1	1	X	517498935
398461321	56612226	6	M	1	2	450098787	X
398500957	56612318	47	M	1	0	X	517498879
398595329	56612339	12	M	1	2	450098788	X
398595330	56612339	14	F	1	2	450100945	X
400549521	56611698	23	M	1	2	X	517498775
400549522	56611698	50	F	1	1	X	517498872
402248642	56612155	60	M	1	0	X	517498872
402248653	56611500	55	F	1	1	X	517498892
402248654	56611500	60	M	1	0	X	517498896
402811902	56611672	68	M	1	0	X	X
403009044	56612121	26	M	1	0	X	517498857
403982805	56611730	82	M	1	0	X	X
403982806	56611730	55	M	1	2	X	X
403982807	56611730	79	F	1	1	X	X
403982823	56612149	82	M	1	0	X	X
404429491	56612292	55	M	1	0	X	517498929
404603594	56611723	16	F	1	2	450100945	517660980
404603595	56611723	51	F	1	1	X	517498920
404603596	56611723	47	M	1	0	X	517498830
405096239	56611505	57	F	1	1	X	517498836
405096254	56611674	57	F	1	1	X	517498872
405751671	56611518	70	M	1	0	X	X
405778354	56612248	2	M	1	5	X	X
405778356	56612248	24	M	1	2	X	517510905
405778377	56612002	17	M	1	2	450100945	X
405778379	56612002	2	M	1	5	X	X
405778380	56612002	37	M	1	10	X	517498895
405778381	56612002	24	M	1	2	X	517498806
405871058	56611701	20	M	2	0	X	X
406279924	56611947	43	F	1	0	X	X
406279927	56611947	14	M	1	2	450100945	X
406288031	56611804	35	F	1	0	X	517498906
406288032	56611804	11	F	1	2	450098788	X
408675832	56611781	11	F	1	2	450098788	X
408675834	56611781	9	M	1	2	450098787	X
408675835	56611781	33	F	1	0	X	517498802
409149251	56611525	51	F	1	0	X	517498879
410290588	56611380	78	M	1	1	X	X
411357190	56612085	49	M	1	1	X	517498879
411477514	56611368	52	M	1	0	X	508056652
411961301	56612214	29	F	1	0	X	517498872
411961302	56612214	3	M	1	2	450093640	X
412594101	56611353	84	F	1	0	X	X
413063435	56611495	78	M	1	0	X	X
413063444	56611625	82	F	1	1	X	X
413063456	56611684	82	F	1	1	X	X
413063477	56612145	78	M	1	0	X	X
413552699	56611543	49	M	1	1	X	517498894
413552700	56611543	14	M	1	2	450098030	X
413552701	56611543	48	F	1	0	X	517498846
413552714	56611823	49	M	1	1	X	517498846
413552715	56611823	14	M	1	2	450098788	X
413552723	56611687	49	M	1	1	X	517498872
413552724	56611687	14	M	1	2	450098030	X
413552725	56611687	48	F	1	0	X	517498872
414828249	56611925	58	F	1	1	X	X
414870741	56611417	58	M	1	10	X	517498830
414870757	56611566	58	M	1	10	X	517498879
414870795	56611627	58	M	1	10	X	517509958
415348123	56612186	62	F	1	0	X	517498872
415559265	56612030	25	F	2	0	X	X
415878107	56611496	3	F	1	2	X	X
415878109	56611496	52	M	1	0	X	517498830
415878111	56611496	6	M	1	2	X	X
415878124	56611599	4	M	1	2	X	X
415878126	56611599	10	M	1	7	450098787	X
415878128	56611599	28	F	1	1	X	X
415878129	56611599	6	M	1	2	X	X
415878142	56612306	4	M	1	2	X	X
415878143	56612306	3	F	1	2	X	X
415878144	56612306	10	M	1	7	450098787	X
415878145	56612306	52	M	1	0	X	517498986
415878147	56612306	6	M	1	2	X	X
417076699	56612335	57	F	1	0	X	517498793
417171451	56611934	58	F	1	1	X	517510902
417927321	56611355	35	F	1	0	X	517510914
418370924	56611728	31	F	1	1	X	X
418370925	56611728	31	M	1	0	X	517498872
418780998	56612238	61	M	1	0	X	517510911
418780999	56612238	57	F	1	1	X	517510912
124737013	56611636	60	F	1	1	X	X
125087310	56612102	40	F	1	1	X	517661380
125087312	56612102	38	M	1	0	X	517498935
125163627	56611772	60	M	9	0	X	X
125163628	56611772	53	F	1	1	X	517498872
125231402	56611957	65	F	9	0	X	X
126059458	56611498	32	M	1	1	X	517498793
126059463	56611845	9	F	1	2	450098787	X
126179860	56611892	58	M	1	0	X	517498800
126564792	56611740	24	M	1	0	X	517498867
127263126	56611818	22	F	1	0	X	X
128133389	56611450	49	F	1	1	X	517498879
128425486	56611918	68	M	1	0	X	X
129117640	56611716	83	F	1	1	X	517661016
129117641	56611716	92	M	1	0	X	517498857
130020475	56612188	35	F	1	0	X	517498846
130020478	56612188	11	F	1	2	X	X
130020480	56612188	5	M	1	2	X	X
130489830	56611436	84	M	1	0	X	X
130489833	56612332	81	F	1	1	X	X
130794971	56611967	44	M	1	0	X	517498846
130794975	56611967	40	F	1	1	X	517498879
130809853	56612300	34	F	1	0	X	511928843
130809854	56612300	14	F	1	2	450100945	X
130894194	56611931	53	F	1	0	X	X
130894195	56611931	53	M	1	1	X	X
130894224	56611577	53	F	1	0	X	X
130914069	56612296	13	M	1	2	450098787	X
130914070	56612296	43	F	1	0	X	517498872
130914139	56612042	43	F	1	0	X	517498839
130914140	56612042	43	M	1	7	X	517498877
131059782	56612336	40	M	1	12	X	517498910
131509851	56611523	49	M	1	0	X	517498877
131820271	56612360	19	F	1	2	X	X
131820272	56612360	15	F	1	2	450100945	X
133038828	56611447	50	M	1	0	X	517498818
133038835	56611348	47	F	1	1	X	517498846
133361758	56612174	54	M	1	0	X	517498921
133363535	56611937	2	F	1	2	X	X
133363537	56611937	43	M	1	1	X	517498857
133464901	56611794	10	M	1	2	450098787	X
133464902	56611794	8	F	1	2	450098787	X
134492668	56611927	55	F	1	0	X	517498909
135626710	56611628	7	F	1	2	450066968	X
135626713	56611628	43	F	1	0	X	X
135626714	56611628	45	M	1	7	X	517498951
135950212	56611709	68	M	1	0	X	X
136649743	56611452	12	M	1	2	450067304	X
136649745	56611452	56	M	1	0	X	517498896
136649746	56611452	15	F	1	2	450063600	X
136946620	56611732	47	F	1	1	X	517498887
137073054	56611426	66	M	1	0	X	X
137688624	56611775	58	F	1	1	X	X
137874405	56611813	48	F	1	0	X	517510919
137874406	56611813	49	M	1	1	X	517661093
137930895	56611539	53	M	1	0	X	517498785
138355465	56611831	12	M	1	2	450098787	X
138355467	56611831	42	F	1	0	X	517498830
138355469	56611831	66	M	1	4	X	X
138594780	56611415	52	M	1	0	X	X
138594781	56611415	47	F	1	1	X	517498913
139109496	56611321	44	F	1	1	X	517498846
139109497	56611321	10	M	1	2	450098787	X
139109498	56611321	47	M	1	0	X	X
139185730	56612106	60	F	1	0	X	X
139572399	56611490	47	F	1	1	X	517498827
139572400	56611490	47	M	1	0	X	517498857
139572401	56611490	16	F	1	2	450100945	X
140089828	56612095	64	F	1	1	X	517498935
140273489	56611774	39	M	1	0	X	X
140548172	56611446	63	F	1	0	X	X
140954517	56612278	11	F	9	2	450098787	X
141625195	56611920	66	M	1	0	X	X
141675195	56611621	51	M	1	0	X	517661093
141753122	56611594	70	M	1	0	X	X
142105434	56612105	6	M	1	2	450066968	X
142565191	56611822	69	F	1	0	X	517498846
143129383	56612211	63	M	1	0	X	X
143831444	56612361	42	M	1	0	X	517498778
144232410	56612180	37	M	1	0	X	X
144380010	56611889	81	M	1	0	X	X
144529551	56611853	57	F	1	0	X	517498894
144716820	56612146	10	M	1	5	450098787	X
145638457	56611834	20	F	1	9	X	517498793
145638460	56611834	1	F	1	12	X	X
145838953	56612247	60	M	1	0	X	517498872
145923269	56611953	73	M	1	0	X	X
146280204	56611593	25	M	1	0	X	X
146280205	56611593	7	F	1	2	450098030	X
146700555	56611455	32	F	1	6	X	X
146711547	56611702	81	M	1	0	X	X
147696038	56611472	66	M	1	0	X	X
147944739	56612305	66	M	1	0	X	X
148618743	56611569	42	M	1	2	X	X
148618748	56611360	63	F	1	0	X	X
148720257	56611602	71	F	1	10	X	X
148720258	56611602	65	M	1	0	X	X
148998595	56612114	29	F	1	1	X	517498921
148998596	56612114	2	F	1	2	X	X
148998598	56612114	8	F	1	2	450098787	X
149628551	56612313	49	F	1	1	X	517498818
149628552	56612313	53	M	1	0	X	517510898
149966263	56611448	67	M	2	1	X	X
149994791	56612252	49	M	1	0	X	517509959
150027017	56611478	22	M	1	2	X	517498895
150027019	56611478	57	M	1	1	X	517498902
150707504	56612011	50	M	9	0	X	517498875
150971335	56612147	88	F	1	4	X	X
150971379	56612379	60	F	1	1	X	X
150982056	56612077	30	F	1	1	X	517498881
150982057	56612077	37	M	1	0	X	517498800
151641570	56611797	63	F	1	1	X	X
151641571	56611797	64	M	1	0	X	517498811
151799102	56611614	40	F	1	0	X	517498872
151936573	56611595	49	M	1	1	X	517498872
152154736	56611731	61	F	1	0	X	X
152174154	56611660	59	F	1	1	X	517498830
152174172	56611832	59	F	1	1	X	517510898
152174173	56611832	64	M	1	0	X	517661093
152174182	56612082	59	F	1	1	X	517498837
152174183	56612082	64	M	1	0	X	517498855
152174186	56612203	59	F	1	1	X	517504411
152174187	56612203	64	M	1	0	X	517498793
153783966	56612198	76	M	1	1	X	X
153783967	56612198	76	F	1	0	X	517498830
154548541	56611557	56	F	1	0	X	517498842
154589516	56611429	64	F	1	0	X	X
154589517	56611429	92	F	1	7	X	X
154589518	56611429	58	M	1	8	X	517498872
155154320	56611617	15	M	1	2	450100945	X
155154324	56611617	17	M	1	2	450100945	517498879
156091271	56612054	30	F	1	0	X	517498902
156130000	56611393	14	M	1	2	450100945	X
156130003	56611393	35	F	1	1	X	X
156130004	56611393	47	M	1	0	X	517510923
156197964	56611502	19	F	1	2	X	517498879
157111626	56611558	78	F	6	1	X	X
157218462	56611507	23	M	1	1	X	517498926
157218463	56611507	26	F	1	0	X	517498857
157340244	56611999	77	F	1	1	X	X
157340245	56611999	77	M	1	0	X	X
157813570	56611373	14	F	1	2	450100945	X
157839982	56611784	75	M	1	1	X	517498857
159011198	56611571	60	F	1	1	X	517661215
159442779	56611578	46	F	1	0	X	X
159552091	56611587	23	F	1	2	X	517498875
159635845	56611941	42	M	1	0	X	X
160153113	56612041	15	F	1	11	450100945	X
160153115	56612041	45	F	1	0	X	X
160153116	56612041	16	F	1	2	450100945	X
160153117	56612041	14	F	1	2	450098787	X
161655457	56611696	86	F	1	0	X	X
161655458	56611696	83	M	1	1	X	X
161921327	56611364	73	F	1	0	X	X
162213062	56611404	55	M	1	0	X	517498844
162213063	56611404	54	F	1	1	X	517498831
162697586	56611761	78	M	1	0	X	X
162883527	56612363	52	M	1	1	X	517498857
162883547	56612386	52	M	1	1	X	517498919
162883548	56612386	44	F	1	0	X	X
162912766	56612048	18	F	1	10	X	X
162912767	56612048	19	M	1	0	X	517498896
162912826	56611994	18	F	1	10	X	X
162912827	56611994	19	M	1	0	X	517498935
163049042	56612173	40	F	1	1	X	517498857
163049044	56612173	9	M	1	2	450098787	X
163049045	56612173	15	F	1	2	450100945	X
164013455	56611536	56	F	1	0	X	517498846
164013456	56611536	53	M	1	1	X	517498951
