sp_id	latitude	longitude
517661200	43.8540250	-104.2126595
508055616	38.7486731	-94.8261235
517660999	43.8539400	-104.2007225
517498933	42.7770462	-104.6177776
517498978	42.9594040	-104.3632799
517510920	43.4741541	-104.4868805
517498911	42.6831471	-104.1836527
517498866	42.7540151	-104.4477176
517661380	43.8505370	-104.2379415
517509964	43.0249361	-104.7002305
517661044	43.8541130	-104.2181095
517498836	42.7626061	-104.4522306
517661175	43.8442980	-104.2103685
517498928	42.9395471	-104.3693966
517498920	42.7626061	-104.4522306
517661001	43.8532120	-104.2080865
517498792	42.7636431	-104.4522636
517661243	43.8456670	-104.1844065
517661219	43.8517720	-104.2122805
517498972	42.8290767	-104.3325280
517661129	43.8552700	-104.2016925
517498790	42.7542581	-104.4447976
517498898	42.7698461	-104.4524686
517498877	42.9610061	-104.3630896
517498793	42.7637211	-104.4522656
517504789	42.8780633	-106.4205501
517661310	43.8568490	-104.1995015
517661408	43.8500940	-104.2490865
517661064	43.8511420	-104.2311325
517498981	42.8290767	-104.3325280
517498787	42.7978222	-104.7929025
517499228	42.8432593	-106.2427322
517510912	43.3034411	-104.5845105
517660994	43.8453010	-104.2075575
517504273	42.8639283	-106.4543561
517498846	42.7534361	-104.4460046
517504361	42.8968733	-106.4610771
517498919	42.7498481	-104.4721496
517661093	43.8418740	-104.1686865
517661330	43.8487750	-104.1897345
517498821	42.7099072	-104.6172996
517501257	42.7343643	-106.3138512
517498973	42.8290767	-104.3325280
517498855	42.7584571	-104.4506986
517509958	43.3196801	-104.6630865
517661392	43.8527640	-104.1997465
517504289	42.8629753	-106.4037642
517510922	43.2197969	-104.6121594
517498929	42.7698461	-104.4524686
517660992	43.8475310	-104.2104875
517510917	43.0855581	-104.3501186
517510909	43.1767971	-104.3707026
517498797	42.7626061	-104.4522306
517498852	42.7565881	-104.4532436
517504420	42.8629753	-106.4037642
517509959	43.3736461	-104.7245725
517504602	42.8921333	-106.4926901
517498819	42.7503061	-104.3997746
517510915	43.1085051	-104.3601516
517498837	42.8282171	-104.4186006
517509965	43.0453431	-104.7302405
517661068	43.8485620	-104.1994185
517661271	43.8551470	-104.2032725
517498916	42.7540351	-104.4514736
517510907	43.2742881	-104.6178865
517498949	42.6145011	-104.2023387
517504750	42.8482133	-106.4733501
517510925	43.2197969	-104.6121594
517498923	42.8292331	-104.3260376
517661016	43.8553710	-104.1984965
517498830	42.7650831	-104.4446056
517498887	42.7570981	-104.4518046
517661072	43.8550650	-104.2034795
517498986	42.7267171	-104.7159963
511928843	41.2653227	-95.9493430
517498905	42.7624821	-104.4550766
517509955	43.0713821	-104.6271345
517509961	42.9987551	-104.6440065
517498874	42.7640931	-104.4455476
517510916	43.2573501	-104.3898816
517498808	42.9395471	-104.3693966
517498812	42.8308541	-104.3663306
517661188	43.8493510	-104.2092745
508055623	38.7468631	-94.8272935
517510923	43.2197969	-104.6121594
517498842	42.7605791	-104.4534376
517498913	42.7558961	-104.4183396
517660989	43.8556070	-104.2024255
517661267	43.8528720	-104.2032755
517510900	43.0634701	-104.6191845
517661066	43.8444090	-104.2104125
517498932	42.7750932	-104.6128486
517498862	42.7553021	-104.4561406
517504353	42.9036003	-106.4555441
517510921	43.2197969	-104.6121594
517498811	42.7951971	-104.1023007
517661117	43.8509120	-104.1986355
517498876	42.7342841	-104.3480857
517498927	42.7553691	-104.4532496
517498809	42.7475421	-104.4905996
517661249	43.8544940	-104.2042315
517499223	42.8203243	-106.2667462
517498977	42.8290767	-104.3325280
517661297	43.8507020	-104.2365165
517498992	42.6466255	-104.0939177
517498840	42.7492451	-104.4759396
517510919	43.4737641	-104.4868925
517498810	42.7538791	-104.4518076
517498910	42.7552451	-104.4518616
517498778	42.7662932	-104.7171216
517510904	43.1926221	-104.5982055
517498935	42.6831471	-104.1836527
517498814	42.7647481	-104.4522906
517661206	43.8525170	-104.2107945
517510905	43.2482351	-104.5442045
517510906	43.2104761	-104.5451225
517498980	42.8290767	-104.3325280
517661020	43.8480170	-104.1942275
517661145	43.8537660	-104.2003475
517498800	42.7475821	-104.5096066
517503227	42.8774413	-106.3465072
517498890	42.7627011	-104.4519876
517661387	43.8533230	-104.2047705
517498843	42.6967591	-104.4380626
517498976	42.8290767	-104.3325280
517661047	43.8545040	-104.2592995
517498828	42.7536201	-104.4516456
517500042	42.8591233	-106.0771402
517661074	43.8565640	-104.2027695
511930857	41.2600127	-95.9378030
508054662	38.7534831	-94.8366335
517498794	42.6956681	-104.4379216
517498902	42.7191051	-104.3008887
517498799	42.6251262	-104.3597917
517498982	42.8290767	-104.3325280
517498892	42.7646831	-104.4521396
517504411	42.8806333	-106.4280731
517498886	42.7636711	-104.4521146
517498903	42.7574211	-104.4251466
517498849	42.7565431	-104.4519326
508055567	38.7482631	-94.8308835
517498864	42.7637751	-104.4521176
517509956	43.0452811	-104.6880665
517661215	43.8475310	-104.2104875
517504250	42.8972663	-106.4639451
517510908	43.0713821	-104.6271345
517510899	43.2479791	-104.5441195
517498984	42.9594040	-104.3632799
517660980	43.8317100	-104.2313085
517661253	43.8578700	-104.2059475
517510913	43.0180181	-104.3666676
517498785	42.7578442	-104.7170266
517498880	42.7638531	-104.4521196
517504724	42.8773633	-106.4226501
517498854	42.7638791	-104.4521206
517498975	42.8290767	-104.3325280
517510914	43.1767971	-104.3707026
517498867	42.7626061	-104.4522306
517498820	42.6937461	-104.4380716
517510898	43.2251141	-104.6144955
517498850	42.7638241	-104.4522686
517498818	42.7567871	-104.4478146
517498824	42.7627311	-104.4507786
517498845	42.7538831	-104.4516586
517661036	43.8555220	-104.2023135
517498829	42.7627031	-104.4519086
517661051	43.8409170	-104.1750675
517498776	42.7978722	-104.7844055
517499253	42.8413753	-106.2580902
517498779	42.7648522	-104.7219966
517504246	42.9105673	-106.5140161
517498901	42.6251262	-104.3597917
517498922	42.9395471	-104.3693966
517661376	43.8475760	-104.1930925
517498777	42.7188802	-104.7949576
517510901	43.2238751	-104.6138665
517498780	42.7111212	-104.8745505
517498915	42.7639561	-104.4521226
517498839	42.7626061	-104.4522306
517498822	42.7519312	-104.5810636
517661069	43.8505440	-104.2388665
517498950	42.6627721	-104.1008517
508061688	38.7401731	-94.7719935
517498834	42.7475111	-104.4983246
517498857	42.7476871	-104.4893786
517661186	43.8506330	-104.2380745
517498878	42.7112621	-104.4379556
517498848	42.7565431	-104.4517836
517498918	42.7780791	-104.4409516
517498838	42.7608091	-104.4562476
517499219	42.8407603	-106.2317142
517498833	42.7626061	-104.4522306
517498926	42.7698461	-104.4524686
517503482	42.8806133	-106.3542802
517498889	42.7735121	-104.1044127
517498991	42.6466242	-104.0939200
517504410	42.7533113	-106.5337281
517498873	42.8282171	-104.4186006
517498900	42.7539581	-104.4500446
517498823	42.7610621	-104.4520046
517499265	42.8378343	-106.2303232
517498781	42.8325412	-104.7609665
517661144	43.8505220	-104.1931225
517661316	43.8556950	-104.2009585
517509960	43.0249361	-104.7002305
517498906	42.7596251	-104.4619366
517498858	42.6876571	-104.1984957
517498775	42.8325412	-104.7609665
517661099	43.8511600	-104.2191915
508054848	38.7386451	-94.8254765
517661028	43.8556090	-104.2009325
517498951	42.7487181	-104.1040367
517498875	42.7637151	-104.4509466
517503456	42.8827533	-106.3475402
517500099	42.8553333	-106.0837202
517501209	42.8574933	-106.2753202
517498801	42.7498242	-104.5750616
517498934	42.7031411	-104.2447257
517498827	42.7564171	-104.4519286
517498879	42.7534361	-104.4460046
517498802	42.7856031	-104.1019427
517498817	42.7626261	-104.4522326
517498825	42.7646661	-104.4521386
508055627	38.7424231	-94.8259135
517661372	43.8514400	-104.2137745
517661358	43.8511790	-104.2268905
517661506	43.8566741	-104.2041398
517500243	42.7929413	-106.2923952
517502340	42.9163033	-106.3388802
517498974	42.8290767	-104.3325280
517498831	42.7612841	-104.4440866
517498806	42.7609491	-104.4519986
517498909	42.7584071	-104.4456976
517509954	43.3736461	-104.7245725
517498881	42.7647171	-104.4521406
517661157	43.8551250	-104.2029755
517510911	43.0437741	-104.4000896
517661067	43.8518720	-104.2123405
517510902	43.2519491	-104.5604775
517498813	42.7623411	-104.4522116
517498895	42.7583151	-104.4491236
517498896	42.7635391	-104.4522596
517661313	43.8467530	-104.2069605
517504830	42.8866633	-106.4372001
517498795	42.9444411	-104.3648406
517504529	42.4976746	-106.6942161
517498872	42.7597261	-104.4585636
517498774	42.7794312	-104.6179646
517499744	42.8462233	-106.2665202
517499396	42.8568393	-106.0734122
517504376	42.8977193	-106.4631751
508056682	38.7426431	-94.8176535
517505032	42.8659733	-106.4038502
508055347	38.7973931	-94.8329335
517498832	42.7636711	-104.4521146
517504744	42.8253933	-106.8624501
517498914	42.7626321	-104.4520836
517499427	42.8637553	-106.0781212
517498907	42.7626361	-104.4507406
517498921	42.7621921	-104.4595846
517498844	42.7517951	-104.4469376
517661259	43.8511640	-104.2186705
517661146	43.8482180	-104.1781335
517661312	43.8489010	-104.1883815
517498893	42.9569621	-104.4573056
508056625	38.7453131	-94.8189135
517661511	43.8450865	-104.2428252
508056652	38.7694731	-94.8238935
517498894	42.7595161	-104.4519216
