sp_id	latitude	longitude
517503244	42.8749773	-106.3527692
517499581	42.8402933	-106.2359602
517498655	42.7461742	-105.3656134
517499085	42.7640832	-105.3802104
517499304	42.7388902	-105.6194434
517499878	42.7635132	-105.3982504
517500267	42.8571323	-106.3034782
517499977	42.7768632	-105.5057604
517499113	42.7533732	-105.3708004
517502808	42.8495433	-106.3261502
517502636	42.8092033	-106.3449102
517501966	42.8484433	-106.3244202
517501360	42.8481763	-106.3238242
517503154	42.8406333	-106.3403302
517666808	44.2896430	-105.5034801
517500201	42.8995432	-105.8409803
517502342	42.9150733	-106.3412702
517499552	42.8481833	-106.2735002
517503085	42.9062233	-106.3397902
517499190	42.7450132	-105.3631304
517501463	42.8579333	-106.3248702
517499578	42.8421833	-106.2613702
517499503	42.8614582	-105.8709123
503031964	39.7824936	-104.9368209
517505077	42.8657233	-106.4291401
517500376	42.8480133	-106.3090602
517504773	42.8643033	-106.4287901
517500200	42.8620432	-105.8717103
517503542	42.8121533	-106.3486402
517504322	42.8661333	-106.4083192
517499922	42.7654632	-105.4037304
517499966	42.7407132	-105.3898104
517502595	42.8363033	-106.3356302
517503173	42.8171733	-106.3421102
517504314	42.8205363	-106.4009042
517502741	42.8527633	-106.3275602
517500425	42.8676533	-106.2964802
517501488	42.8510933	-106.3232202
517498743	42.7497152	-105.3713824
517499313	42.5372492	-105.4204694
517500178	42.8651132	-105.8730103
517504289	42.8629753	-106.4037642
517499059	42.7622632	-105.3757704
517662624	43.5399185	-109.4654524
517498648	42.7702702	-105.3826824
517503000	42.8560033	-106.3381102
517499162	42.7465432	-105.3592504
517499166	42.7427032	-105.3562404
517498994	42.7375432	-105.3600604
517501029	42.8501633	-106.2775702
517502845	42.8464933	-106.3315102
517502097	42.8587733	-106.3114902
517500032	42.7575532	-105.4031704
517499463	42.8603052	-105.8696333
517499029	42.7573832	-105.3816904
517499507	42.8559232	-105.8548093
517502417	42.8493833	-106.3290602
517502628	42.8091933	-106.3347502
512668602	46.9059825	-102.8690703
517499418	42.8506643	-106.2494752
517500138	42.8515832	-105.6826703
517499431	42.8570093	-106.2537732
517499352	42.7622002	-105.3859504
517509914	43.1982722	-105.5498063
517505043	42.8733833	-106.4328701
503028948	39.7878836	-104.9299909
517499876	42.7203232	-105.3930704
517666170	44.4744730	-105.5993901
517499485	42.8575672	-105.8478643
517662939	43.5479935	-109.6614093
517504280	42.7475643	-106.5216541
517504416	42.8971193	-106.4845271
517499632	42.8295133	-106.2563802
517499860	42.7417332	-105.4220504
517500203	42.9075232	-105.8490703
517504898	42.8044633	-106.4118002
517499951	42.7651332	-105.3990404
517499092	42.7486332	-105.3736504
517501676	42.8532633	-106.3213202
503027980	39.7842136	-104.9276009
517669038	44.0249731	-105.3250502
517505047	42.8155033	-106.4166702
517503362	42.8460943	-106.3627382
517667464	44.2708630	-105.5010001
517504299	42.8715103	-106.4198281
517499106	42.7601932	-105.3831004
517502104	42.8510933	-106.3225902
517499970	42.7559032	-105.3985304
517663045	43.5469635	-109.6631693
517499086	42.7901032	-105.3781304
517498730	42.7721502	-105.3826704
517500495	42.8566633	-106.3025302
517500925	42.8520733	-106.2853102
517500960	42.8555833	-106.2937102
517499021	42.7727332	-105.2456204
517502435	42.8152533	-106.3396202
517500290	42.8487053	-106.2932582
517503227	42.8774413	-106.3465072
517502855	42.8495433	-106.3261502
517498725	42.7477452	-105.3626904
517499017	42.7535032	-105.3716504
517499969	42.9372432	-105.5761103
517501306	42.8494053	-106.3222622
517501961	42.8606933	-106.3253402
517499163	42.7648032	-105.3836304
517502018	42.8488433	-106.3254202
517510225	43.4140131	-104.9682404
517499033	42.7486332	-105.3761804
517502084	42.8448133	-106.3232902
517499309	42.7243432	-105.3869544
517501799	42.8488533	-106.3126602
517666047	44.3385820	-105.5266331
517501772	42.8484833	-106.3233002
517666416	44.2554130	-105.5575701
517500685	42.8527733	-106.3057602
517500368	42.8518833	-106.3059402
517499440	42.8548182	-105.8674973
517499385	42.7627072	-105.3916644
517499179	42.7447232	-105.3785104
517501399	42.8476533	-106.3247802
517499998	42.7486532	-105.3889404
517498649	42.7580562	-105.3841724
517498694	42.7575002	-105.3811794
517502615	42.8160733	-106.3393702
517498654	42.7818462	-105.3752684
517502209	42.8268733	-106.3135102
517499975	42.8073632	-105.5920504
517499022	42.7601132	-105.3836904
517499238	42.8438433	-106.2350382
517498938	42.8312722	-105.0616795
517502723	42.8155833	-106.3401502
517499105	42.7601832	-105.3836904
517498666	42.7476372	-105.3627604
517500389	42.8484233	-106.3013002
517504190	42.8416733	-106.3727102
517499858	42.7656832	-105.4013804
517500498	42.8567233	-106.3014002
517509927	43.4904811	-104.9164844
512667085	46.9716335	-102.7896083
517502063	42.8451533	-106.3255502
517502240	42.8509523	-106.3338032
517502275	42.8667333	-106.3415952
517662634	43.5994535	-109.7836893
517503326	42.8142153	-106.3471742
517499468	42.8514042	-105.8343473
517504318	42.8846103	-106.4475081
517499942	42.7647832	-105.4331704
517503408	42.8444842	-106.3756056
517499671	42.8380333	-106.2617802
517498584	42.7754652	-105.3825694
517500017	42.7586632	-105.4028204
517499212	42.9016132	-105.0373005
517499387	42.7629092	-105.3916404
517499910	42.7219232	-105.3949904
517501680	42.8484933	-106.3245502
517502556	42.8740833	-106.3456602
517499260	42.8287083	-106.2670252
517499504	42.8614582	-105.8696853
517500337	42.8532654	-106.2813190
517504555	42.8642033	-106.4472501
517499407	42.8612973	-106.2707052
517502052	42.8338133	-106.3108402
517498698	42.7510792	-105.3826864
517499039	42.7624432	-105.3832204
517501442	42.8497233	-106.3147602
517500374	42.8673033	-106.2965902
517504269	42.8768433	-106.4282671
517504080	42.8262633	-106.3515002
517499961	42.7551632	-105.4055604
517499475	42.8434412	-105.7385643
517501336	42.8482513	-106.3265312
517499295	42.7158812	-105.3968974
517499348	42.7600052	-105.4064614
517503356	42.8536683	-106.3876752
517499925	42.7563732	-105.4056804
517499486	42.8531072	-105.8673643
517668428	44.2747630	-105.4929401
517501215	42.8482513	-106.3265312
517504529	42.4976746	-106.6942161
517499316	42.7557532	-105.4065334
517500195	42.8604732	-105.8725403
517499074	42.8545632	-105.3414504
517499963	42.7654232	-105.4041304
517504891	42.8088833	-106.4246002
517500209	42.8960232	-105.8454303
517501876	42.8449533	-106.3247402
517667488	44.2768030	-105.5075701
517500172	42.9072532	-105.8349103
517498684	42.7636722	-105.3793764
517502833	42.8547633	-106.3411902
517662642	43.5346565	-109.6356483
517499199	42.7543132	-105.3831204
517499336	42.7591482	-105.3854514
517502622	42.7940333	-106.3385402
517499947	42.8017332	-105.6832303
517499009	42.7516032	-105.3704704
517662935	43.5342335	-109.6373193
517499377	42.7629372	-105.4034934
517498606	42.7493002	-105.3798334
503030958	39.7883936	-104.9332009
517505007	42.8170733	-106.4052202
517499478	42.8613702	-105.8722403
517498962	42.7635975	-105.3833369
517499048	42.7598632	-105.3844604
517502718	42.8557633	-106.3265302
517498708	42.7589752	-105.3813164
517498647	42.7509702	-105.3698174
517668346	44.1933030	-105.3615002
517499434	42.8506643	-106.2494752
517503082	42.8495433	-106.3261502
517504726	42.8666433	-106.4261901
517502289	42.8595993	-106.3416632
517667326	44.2693830	-105.5067201
517502609	42.7958633	-106.3440802
517498686	42.7595622	-105.3821264
517499838	42.8421833	-106.2613702
517503522	42.7996333	-106.3460802
517503936	42.8114133	-106.3501002
517498689	42.7593212	-105.3811634
517499064	42.7634332	-105.3844604
517501862	42.8490033	-106.3113102
517498749	42.7484252	-105.3750844
517500164	42.8185332	-105.8318403
517501913	42.8521033	-106.3256902
517499341	42.7629332	-105.4035394
517503758	42.8335533	-106.3587502
517501474	42.8509733	-106.3112502
517499192	42.7515232	-105.3736004
517501562	42.8467133	-106.3239802
517499908	42.7663632	-105.4570004
517504172	42.8408133	-106.3713902
517499535	42.8832546	-105.8511983
517667034	44.2878430	-105.4955801
517502501	42.8611233	-106.3343802
517666930	44.2928730	-105.5079501
517499457	42.8514042	-105.8343473
517502650	42.8503533	-106.3278002
517503015	42.8138533	-106.3356002
517502889	42.8508333	-106.3306702
517504750	42.8482133	-106.4733501
517499828	42.8491933	-106.2699902
517498679	42.7594462	-105.3815714
517503704	42.8289633	-106.3637802
517499119	42.7397332	-105.1038705
517500128	42.8057332	-105.8358803
517500530	42.8490133	-106.3090002
517502203	42.8517733	-106.3199002
517499028	42.7486332	-105.3754404
517500263	42.8473253	-106.3052212
517499883	42.7602232	-105.3896004
517509346	43.4812735	-109.5021194
503028939	39.7838236	-104.9288109
517498939	42.9179302	-105.0375255
517499904	42.7569332	-105.3866504
517498592	42.6444602	-105.2906674
517503149	42.8366633	-106.3398502
517498608	42.7593212	-105.3811634
517500035	42.7868232	-105.4027504
517499271	42.8407603	-106.2317142
517503466	42.8955033	-106.3486402
517499988	42.7633932	-105.4009804
517509920	43.2770352	-105.7005793
517501328	42.8490103	-106.3252332
517499879	42.7670532	-105.4048804
517501694	42.8528033	-106.3127702
517498667	42.7593212	-105.3811634
517498936	42.7019082	-105.0093255
512667094	46.9376425	-102.7891904
517501380	42.8446059	-106.3235567
517499370	42.7843052	-105.4358444
517502132	42.8483833	-106.3114102
517504762	42.8271133	-106.4024302
517501960	42.8490133	-106.3132002
517499126	42.7548032	-105.3817004
517499989	42.7415132	-105.4095904
517500361	42.8391733	-106.3034402
517499353	42.7595852	-105.3874154
517500140	42.8599232	-105.8775903
517499514	42.7586140	-105.5269794
517505028	42.8190033	-106.4158002
517499754	42.8320133	-106.2695302
517502737	42.8084433	-106.3453902
517502968	42.8555133	-106.3323002
517498959	42.7635975	-105.3833369
517504301	42.8777263	-106.4373031
517499885	42.7507532	-105.4095204
517501496	42.8485433	-106.3257602
517499517	42.7509734	-105.6147301
517503786	42.8269433	-106.3634902
517666703	44.2715010	-105.5040291
517501998	42.8606533	-106.3134602
517504969	42.8059733	-106.4286402
503033002	39.7819936	-104.9384809
517499133	42.7601832	-105.3836904
517499157	42.7584932	-105.3849904
517499061	42.7471032	-105.3626504
517504321	42.7766763	-106.5411841
517499328	42.7622982	-105.4015964
517500907	42.8479733	-106.2734302
517499096	42.7792932	-105.3814104
517502449	42.8588533	-106.3323102
517504201	42.8450733	-106.3710602
517499322	42.6498602	-105.3906734
517499319	42.7833072	-105.5466014
517499954	42.5526432	-105.4219404
517500804	42.8400633	-106.2866702
517499449	42.7726992	-105.8154893
517499024	42.7540732	-105.3006904
517502396	42.8598733	-106.3425502
517503325	42.8188073	-106.3873352
517499196	42.7573832	-105.3816904
517500170	42.8718432	-105.8620403
517498630	42.7590642	-105.3841724
517499101	42.7486632	-105.3717204
517499811	42.8462233	-106.2665202
517498696	42.7595562	-105.3825934
517502259	42.8099773	-106.3436422
517499870	42.7701632	-105.4730904
517499373	42.7612652	-105.4032474
517500156	42.8627232	-105.8734303
517499369	42.7556642	-105.4041344
517499894	42.7897332	-105.5106404
517498660	42.7879372	-105.3654324
517499098	42.7597532	-105.3831504
517503406	42.8444842	-106.3756056
517498635	42.7484332	-105.3788264
517504262	42.8822813	-106.4424631
517500024	42.7790132	-105.5021604
517502641	42.8436533	-106.3348602
517499861	42.7507532	-105.4095204
517502123	42.8462233	-106.3106802
517503504	42.8544433	-106.3708202
517499051	42.7357132	-105.3162304
517504779	42.8153733	-106.4139102
517499687	42.8462233	-106.2665202
517499515	42.7509734	-105.6147301
517504769	42.8889033	-106.4653601
517499558	42.8397033	-106.2720102
517662984	43.5339935	-109.6330193
517500139	42.8597332	-105.8466903
517500103	42.8615433	-106.2722402
517499495	42.8613482	-105.8709893
517499873	42.7647832	-105.4331704
517503682	42.8160033	-106.3980402
517499335	42.7666942	-105.4024174
517504793	42.8644233	-106.4354301
517499014	42.7368232	-105.3474704
517499482	42.8604962	-105.8638573
517502654	42.8459133	-106.3340402
517500930	42.8481833	-106.2735002
517510228	43.2905331	-105.1414504
517503982	42.8117333	-106.3489602
517502228	42.8958023	-106.3442182
517499996	42.7640532	-105.6171104
517502425	42.8427533	-106.3347902
517499356	42.7458662	-105.4039584
517501822	42.8504533	-106.3204902
517500130	42.8625932	-105.8631503
517500102	42.8607433	-106.0599302
517498952	42.6734432	-105.3262900
517498656	42.7523852	-105.3746024
517499445	42.8581952	-105.7223833
517499905	42.7400832	-105.4255604
517500488	42.8367033	-106.3070802
517668139	44.2900230	-105.4540802
517504232	42.8796143	-106.4315161
517500360	42.8538833	-106.3024002
517663048	43.5679435	-109.7350993
517502663	42.8497933	-106.3274302
517666615	44.2850770	-105.4940001
517499202	42.7479332	-105.3596904
517499307	42.7560962	-105.3871474
517509915	43.1723631	-104.9345995
517499345	42.8364532	-105.5305484
517500669	42.8484833	-106.3027402
517499122	42.7700932	-105.3784304
517510222	43.2308531	-105.2572604
517499496	42.8614582	-105.8722523
517499865	42.7511732	-105.4013104
517499015	42.7456132	-105.3640904
517503178	42.8163633	-106.3436502
517500163	42.8929232	-105.8415403
512668923	46.8727125	-102.8464603
517503867	42.8431233	-106.3499602
517499683	42.8330233	-106.2525502
517504808	42.8188333	-106.4160502
517503892	42.8153433	-106.3456502
517500008	42.7413532	-105.3916404
517503679	42.8303733	-106.3501802
517505042	42.8057133	-106.4292602
517504658	42.8629033	-106.4135602
517504715	42.8184433	-106.4158602
517499936	42.7580432	-105.3992204
517510199	43.1841032	-105.2521194
517502302	42.8190073	-106.3287142
517500545	42.8480133	-106.3090602
517498687	42.7485392	-105.3754704
517499663	42.8472033	-106.2737802
517499177	42.7239732	-105.3138604
517500129	42.6250233	-105.8790703
517498585	42.7451872	-105.1119005
517499532	42.8832546	-105.8511983
517504557	42.8900333	-106.4357001
517499886	42.8115532	-105.6099803
517500237	42.8536613	-106.3044752
517499041	42.7518732	-105.3698004
517498715	42.7590082	-105.3826064
517503037	42.8357433	-106.3365002
517499320	42.8582742	-105.4954324
517503759	42.8305233	-106.3771002
517499795	42.8296733	-106.2707002
517498621	42.7460582	-105.3630824
517499294	42.7167522	-105.3968904
517499072	42.7429532	-105.3586004
517503996	42.8082333	-106.3502502
517499887	42.7735032	-105.5914504
517504171	42.8448333	-106.3819802
517499143	42.7686132	-105.3781704
517503167	42.8356833	-106.3441302
517499617	42.8472033	-106.2737802
517501583	42.8506833	-106.3255602
517499301	42.7591432	-105.3878764
517499902	42.7482832	-105.3875004
517500003	42.7649832	-105.4056404
517498958	42.7635975	-105.3833369
517498721	42.7829302	-105.3721924
517499161	42.7476532	-105.3604304
517499469	42.8580372	-105.8720363
517499505	42.8613482	-105.8682873
517499359	42.7599832	-105.3854454
517503760	42.8165033	-106.3486102
517503505	42.8094233	-106.3448802
517499127	42.7561732	-105.3802804
517500210	42.8971032	-105.8386303
517502479	42.8495433	-106.3261502
517499483	42.8601502	-105.6786613
517502606	42.8451233	-106.3261302
517500160	42.9529032	-105.8593903
517499088	42.7454832	-105.3624704
517500015	42.7491032	-105.4054704
517498615	42.7483902	-105.3799864
517499164	42.7504332	-105.3754104
517502626	42.8111533	-106.3327302
517504202	42.8544333	-106.3630802
517499513	42.8622122	-105.8707543
517499195	42.7883732	-105.3745504
517499180	42.7573832	-105.3816904
517501634	42.8493033	-106.3198902
517498591	42.7595632	-105.3821714
517499916	42.7559232	-105.4053104
517498957	42.7635975	-105.3833369
517499228	42.8432593	-106.2427322
517510220	43.1899632	-105.2509804
517501599	42.8447833	-106.3241402
517504896	42.8802933	-106.4383501
517504404	42.7532723	-106.5203141
517499510	42.8557782	-105.6842133
517502886	42.8495433	-106.3261502
517499506	42.8614432	-105.8823163
517503860	42.8300933	-106.3507002
517505031	42.8668933	-106.4050602
517498624	42.7588652	-105.3765814
517666635	44.2833420	-105.4941531
517663055	43.7052435	-109.6338893
517500993	42.8481833	-106.2735002
517668467	44.2778530	-105.4919501
517509902	43.1517862	-106.3701751
517499147	42.7599132	-105.3749004
517499159	42.7496232	-105.3766804
517502869	42.8945333	-106.3427802
517500173	42.8636532	-105.8703803
517662959	43.5277135	-109.6200093
517500499	42.8261533	-106.3020502
517499171	42.7604732	-105.3830904
517501885	42.8257733	-106.3094102
517499136	42.7422532	-105.3584904
517501291	42.8461993	-106.3250922
517432310	42.4467543	-105.4574984
517499508	42.8267122	-105.7971933
517509911	43.1111062	-105.2604904
517501372	42.8499743	-106.3238242
517501775	42.8510933	-106.3232202
517498751	42.7855362	-105.3685754
517500942	42.8468833	-106.2910902
517500161	42.8615632	-105.8717103
517499055	42.6512332	-105.1943205
517662967	43.5334135	-109.6304593
517499094	42.7926232	-105.3568604
512667100	46.9225025	-102.7867524
517499447	42.8469363	-105.9994263
517499516	42.7716539	-105.6138306
517503103	42.8503533	-106.3291902
512668066	46.9196435	-102.9420193
517499729	42.8523333	-106.2716802
517499357	42.6069742	-105.5136464
517501117	42.8411433	-106.2723902
517499983	42.7542232	-105.4032604
517504932	42.8207433	-106.4152102
517504243	42.8722483	-106.4312241
517504894	42.8196733	-106.4167202
517499155	42.7603232	-105.3844504
517667897	44.2813530	-105.4934801
517502605	42.8120733	-106.3402902
517499481	42.6903533	-105.7968903
517505078	42.8732033	-106.4185402
517510221	43.0021432	-105.2305904
517504048	42.8080233	-106.3541902
517499290	42.7423072	-105.3893714
517502847	42.8603333	-106.3451902
517499152	42.7467532	-105.3592904
517503372	42.8488483	-106.3684632
517500383	42.8482133	-106.3071002
517504798	42.8671533	-106.4393301
517499321	42.7662432	-105.3853954
517662957	43.5668335	-109.7664593
517503012	42.8563733	-106.3338302
517500379	42.8480133	-106.3090602
503029816	39.7827736	-104.9327909
517502432	42.8497833	-106.3295502
517503930	42.8125033	-106.3506202
517499945	42.7691332	-105.4026304
517503032	42.8490333	-106.3294302
512668809	46.9450325	-102.7901904
517662958	43.5307835	-109.6284993
517498956	42.7635975	-105.3833369
517500183	42.8869732	-105.8465603
517498588	42.7378542	-105.3477554
517499084	42.7606832	-105.3832304
517499696	42.8361033	-106.2589502
517499701	42.8462233	-106.2665202
517504683	42.8041833	-106.4361202
517498720	42.7510252	-105.3669374
517668077	44.2911530	-105.4812101
517502693	42.8480133	-106.3287102
517788443	44.6142400	-105.7460130
517503566	42.8520833	-106.3768702
517662612	43.5673165	-109.7239023
517500585	42.8510133	-106.2992202
517502111	42.8489333	-106.3230702
517499466	42.8634912	-105.8760413
517499103	42.7486332	-105.3761804
517500009	42.7518032	-105.4011404
517502800	42.8495433	-106.3261502
517667589	44.3156120	-105.4845971
517501038	42.8400733	-106.2746002
517499907	42.7924732	-105.5264704
517500146	42.8611032	-105.8706203
517498629	42.7496902	-105.3685534
517501797	42.8390833	-106.3233202
517500149	42.8363432	-105.8111803
517499926	42.7573532	-105.4006804
517502010	42.8504533	-106.3204902
517504993	42.8787033	-106.4231701
517501321	42.8478033	-106.3238242
517499419	42.8577543	-106.2686262
517500515	42.8502633	-106.3043102
517500418	42.8525733	-106.3070602
517502541	42.8321233	-106.3366402
517432510	42.4126533	-105.3769605
517502409	42.8512833	-106.3262002
503028915	39.7706136	-104.9297309
517499650	42.8442433	-106.2595802
517502043	42.8563633	-106.3175402
517668165	44.2758130	-105.4917201
517498567	42.7591882	-105.3813144
517502058	42.8510933	-106.3232202
517503180	42.8195633	-106.3435502
517504903	42.8135133	-106.4211302
517501221	42.8481713	-106.3265312
517502558	42.8456933	-106.3352202
517499919	42.7584232	-105.4071004
517501743	42.8442533	-106.3155502
517501576	42.8526133	-106.3156502
517499772	42.8509233	-106.2670202
517499145	42.7537332	-105.3838404
517510226	43.4179031	-105.5266303
517504025	42.8267733	-106.3614602
517498582	42.6875542	-105.3473824
517500600	42.8512433	-106.3062002
517499211	42.6746732	-105.0151105
517509930	43.4904811	-104.9164844
517503678	42.8123033	-106.3904402
517503182	42.8335033	-106.3409502
517498693	42.7497672	-105.3744444
517501108	42.8551133	-106.2974202
517498685	42.6736212	-105.3265484
517503134	42.8131733	-106.3437202
517498645	42.7711862	-105.2498884
517499068	42.7601832	-105.3836904
517502934	42.8448433	-106.3261502
517499004	42.7647832	-105.3849704
517509912	43.4213211	-104.9638394
517499502	42.8612282	-105.8722343
517499108	42.7427332	-105.3575004
517504568	42.8696433	-106.4303801
517499900	42.7163032	-105.3987604
517499888	42.7219232	-105.3949904
517498653	42.7526512	-105.3798334
517501751	42.8335133	-106.3256602
517498597	42.7593212	-105.3811634
517500171	42.8185332	-105.8318403
517501165	42.8456533	-106.2911602
517500153	42.8312732	-105.8178303
517499374	42.7501622	-105.4076294
517501519	42.8538333	-106.3146402
517498613	42.7593212	-105.3811634
517500182	42.8717732	-105.8574103
517500333	42.8565783	-106.2778402
517500984	42.8138533	-106.2839102
517663073	43.5303535	-109.6330793
517432512	42.4114633	-105.3559105
517504246	42.9105673	-106.5140161
517502722	42.8512833	-106.3262002
517499965	42.7324732	-105.4303104
517503517	42.8102833	-106.3445102
517503267	42.8654863	-106.3603372
517503806	42.8602333	-106.3946502
517501109	42.8476133	-106.2774802
517499976	42.7425832	-105.3875104
517498682	42.7484302	-105.3755634
517501290	42.8485103	-106.3238242
517499640	42.8337133	-106.2672402
517498658	42.7484412	-105.3812964
517501964	42.8469733	-106.3255602
517503881	42.8103233	-106.3995102
517498662	42.7566832	-105.3828034
517502607	42.8643433	-106.3402302
517501829	42.8444233	-106.3253502
517500208	42.8939632	-105.8504503
517499438	42.8599672	-105.8738723
517501728	42.8562633	-106.3156402
517503920	42.8277833	-106.3583702
517499487	42.6981003	-105.7921653
517503033	42.8113033	-106.3304602
517499362	42.8545102	-105.4925334
517498607	42.7593212	-105.3811634
517500552	42.8504533	-106.2987702
517499079	42.7656832	-105.3716104
517499363	42.7243432	-105.3869544
517499298	42.7556642	-105.4041344
517504991	42.8151333	-106.4242202
517500169	42.7744533	-105.9682203
517502838	42.8549333	-106.3393302
517499840	42.8463033	-106.2618402
517498729	42.7598462	-105.3840154
517499200	42.7714932	-105.3744204
517500026	42.7639532	-105.4261904
517498937	42.7019082	-105.0093255
517504967	42.8678433	-106.4374101
517500125	42.8559633	-106.2687902
517499135	42.7614232	-105.3836804
517502596	42.8384933	-106.3327402
517498633	42.7481362	-105.3587804
517500726	42.8540633	-106.2957202
517502156	42.8564433	-106.3206902
517503447	42.8756233	-106.3554902
517498569	42.7484252	-105.3750844
517499862	42.5508632	-105.4269004
517500246	42.7950703	-106.2897252
517502337	42.9177033	-106.3399502
517499946	42.7601432	-105.4639504
517501211	42.8563533	-106.2726202
517499982	42.7596532	-105.3858004
517500811	42.8490433	-106.2938002
517498640	42.7485512	-105.3823014
517499657	42.8283533	-106.2531102
517499071	42.7430732	-105.3580004
503029525	39.7738866	-104.9316589
517499973	42.7481032	-105.3882904
517499601	42.8365733	-106.2664802
517662648	43.6384974	-109.3824204
517505060	42.8033533	-106.4356402
517500198	42.8615732	-105.8738103
517499112	42.7601832	-105.3836904
517502926	42.8508933	-106.3341902
517502514	42.8521833	-106.3295702
517499576	42.8519333	-106.2734102
517499901	42.7407732	-105.4275404
517500099	42.8553333	-106.0837202
517503411	42.9244433	-106.3504902
517501209	42.8574933	-106.2753202
517498571	42.7593212	-105.3811634
512668753	46.9567125	-102.8107203
517500141	42.8597332	-105.8466903
517501828	42.8489333	-106.3233902
517668245	44.2753730	-105.4934901
517499334	42.7210172	-105.3973854
517500831	42.8555833	-106.2937102
517501082	42.8438733	-106.2730602
517499682	42.8273933	-106.2627902
517500147	42.8634532	-105.8717803
517500167	42.8615632	-105.8717103
517499443	42.6658523	-105.8050983
517498690	42.7443892	-105.3801544
517501261	42.8465303	-106.3250922
517499462	42.8514042	-105.8343473
517502591	42.8473633	-106.3310502
517502269	42.8504863	-106.3286432
517500266	42.8387793	-106.2991102
517509906	43.0062283	-106.4938821
517499938	42.7511832	-105.4006104
517500155	42.8952232	-105.8395803
517502340	42.9163033	-106.3388802
517502061	42.8528333	-106.3091802
517499303	42.6480092	-105.4891954
517504955	42.8676333	-106.4283701
517503532	42.8543733	-106.3694502
517509939	43.2769892	-105.7007463
517666677	44.2921540	-105.5040711
517502347	42.9251333	-106.3444502
517499924	42.7597132	-105.3858004
517502070	42.8495333	-106.3220802
512667292	46.8901525	-102.7187404
517499944	42.7673432	-105.5850404
517498581	42.7464692	-105.3812644
517504830	42.8866633	-106.4372001
517504266	42.8698213	-106.4322121
517498611	42.7593212	-105.3811634
517662997	43.5332035	-109.6300193
517504062	42.8080533	-106.3529802
517498702	42.7687182	-105.3810114
517499744	42.8462233	-106.2665202
517663013	43.5475035	-109.6650593
517502887	42.8174833	-106.3395002
517500901	42.8517033	-106.2843002
517501479	42.8535333	-106.3119402
517498732	42.7460582	-105.3630824
517501887	42.8528133	-106.3191402
503027963	39.7806236	-104.9263709
517499622	42.8387233	-106.2699402
517499247	42.8203243	-106.2667462
517500006	42.7847332	-105.5131204
517499073	42.7703632	-105.3803504
517502021	42.8483933	-106.3126602
517501013	42.8511733	-106.2753102
517498673	42.7798792	-105.2577734
517501625	42.8565733	-106.3200902
517499844	42.8304633	-106.2547702
517501757	42.8493333	-106.3128102
517500386	42.8455333	-106.3079002
517499372	42.7428562	-105.4352644
517500166	42.9256232	-105.8452803
517500476	42.8523133	-106.3082602
517499144	42.6475032	-105.1761205
517504384	42.8629803	-106.4527111
517499314	42.7648082	-105.4013144
517498577	42.7339952	-105.3184934
517500131	42.9048732	-105.8336003
517499252	42.8342983	-106.2700892
517499791	42.8344433	-106.2583102
517500339	42.8532654	-106.2813190
517503222	42.8672753	-106.3634742
517499931	42.7087132	-105.4927604
517500031	42.7567132	-105.3973304
517499459	42.8648522	-105.8720523
517498661	42.7595612	-105.3820454
517502296	42.8096593	-106.3437672
517501731	42.8510933	-106.3225902
517499052	42.7343132	-105.3666504
517500740	42.8479833	-106.2775802
517500007	42.7309332	-105.4740504
517504305	42.8355503	-106.5633591
517502724	42.8608133	-106.3364402
503027836	39.7694636	-104.9266509
517504881	42.8707033	-106.4206501
517503207	42.8159333	-106.3441002
517498744	42.7510532	-105.3826864
517499201	42.7498532	-105.3679804
517502867	42.8485233	-106.3263202
517499081	42.7476432	-105.3817404
517500177	42.8607732	-105.8598103
517498578	42.7461102	-105.3631774
517503236	42.8707983	-106.3478092
517498590	42.7941032	-105.3566314
517500975	42.8429733	-106.2745302
517500636	42.8391333	-106.3077702
517499044	42.7592032	-105.3833404
517504020	42.8073433	-106.3718202
517499932	42.8073632	-105.5920504
517499082	42.7592032	-105.3832404
517499893	42.6161033	-105.6889804
517498747	42.7677782	-105.3823824
517509933	43.1735502	-105.5924373
517503561	42.8112533	-106.3461102
517503735	42.8162633	-106.3842902
517499150	42.7534332	-105.3808804
517500853	42.8441933	-106.2748702
517501354	42.8573003	-106.3176382
517499930	42.7654132	-105.3859104
517663032	43.5286335	-109.6881093
503026773	39.7725436	-104.9229509
517499365	42.6221412	-105.3968634
517504789	42.8780633	-106.4205501
517505013	42.8029733	-106.4177002
517499993	42.7599932	-105.3858004
517501146	42.8511733	-106.2765702
517499075	42.7534132	-105.3688704
517504292	42.8816323	-106.4407421
517500190	42.9303032	-105.8420303
517503641	42.8221533	-106.3834202
517499484	42.8614722	-105.8760813
517499289	42.7617212	-105.3983204
517500234	42.8464323	-106.3094512
517499999	42.7451932	-105.3906404
517504027	42.8303533	-106.3642502
517499134	42.7582732	-105.3831104
517500144	42.8615732	-105.8730503
503026768	39.7724236	-104.9238409
517500219	42.8570993	-106.3056172
517499165	42.7651432	-105.3822004
517668045	44.2849130	-105.4796702
517500196	42.8577932	-105.8691903
517501510	42.8422533	-106.3247302
517499493	42.8581002	-105.8708963
517500197	42.8248132	-105.8185103
517663033	43.5443535	-109.6576093
517502422	42.8133433	-106.3393302
517499964	42.7334532	-105.4300004
517500184	42.8638632	-105.8727703
517499114	42.7500132	-105.3774504
517500111	42.8521833	-106.2554502
517503651	42.8279733	-106.3634302
517503835	42.8243733	-106.3844602
517502406	42.8448133	-106.3350902
517502549	42.8581033	-106.3287202
517499169	42.7483232	-105.3680004
517499308	42.7629632	-105.3974484
517666760	44.2911022	-105.5089003
517502457	42.8553633	-106.3409202
517504959	42.8626833	-106.4161402
517498697	42.7580562	-105.3841724
517502564	42.8094233	-106.3448802
517501555	42.8448233	-106.3218202
517499115	42.7468532	-105.3620004
517499102	42.7479232	-105.3759404
517500193	42.6505333	-105.8690003
517509938	43.2813012	-105.7042193
517504256	42.8148623	-106.4242532
517499613	42.8445633	-106.2695802
517503190	42.8137133	-106.3435602
517501740	42.8483833	-106.3115902
517499292	42.6643092	-105.3997264
517503172	42.8121533	-106.3442102
517499958	42.8545732	-105.5408504
517504192	42.8469033	-106.3847702
517501820	42.8484833	-106.3233002
517499530	42.8832546	-105.8511983
517504606	42.8773233	-106.4381601
517666686	44.2911850	-105.5040241
517499076	42.7575432	-105.3801404
517498734	42.7596182	-105.3811604
517499184	42.7639332	-105.3789204
517500334	42.8662353	-106.2780452
517504549	42.5534133	-106.7153401
517503048	42.8473033	-106.3262002
517502151	42.8413033	-106.3119502
517501578	42.8483833	-106.3117802
517499987	42.7425132	-105.3905704
517500189	42.8615832	-105.8755903
517498566	42.7595622	-105.3820904
503028947	39.7858736	-104.9309709
517498955	42.7635975	-105.3833369
517499779	42.8454333	-106.2717702
517504166	42.8499033	-106.3826202
517668049	44.2900430	-105.4737002
517502266	42.8073973	-106.3445462
517499491	42.8613632	-105.8762033
517498716	42.7594492	-105.3818614
517499911	42.7666632	-105.6296003
517502979	42.8175433	-106.3361102
517504446	42.8167003	-106.4254762
517499344	42.7462882	-105.3867194
517499605	42.8372733	-106.2672602
517501719	42.8362233	-106.3130202
517500414	42.8542833	-106.3030802
517501661	42.8424133	-106.3247202
517499664	42.8295133	-106.2563802
517505048	42.8866633	-106.4372001
517500019	42.7555232	-105.3835804
517498587	42.7484332	-105.3797684
517503685	42.8343633	-106.3475602
517499315	42.7592562	-105.3853024
503028954	39.7868836	-104.9309709
517503448	42.8715633	-106.3504402
517499384	42.7392292	-105.4230854
517499967	42.7889532	-105.6163703
517499111	42.7867332	-105.3727504
517499109	42.7534232	-105.3794704
517509941	43.4120952	-106.2551981
517498669	42.7593212	-105.3811634
517499131	42.7576832	-105.3778604
517499777	42.8312533	-106.2547702
517499461	42.8602812	-105.8684503
517499912	42.7578532	-105.4017804
517502667	42.8575233	-106.3399302
517499375	42.6390402	-105.3871924
517503947	42.8265933	-106.3620802
517499360	42.6390402	-105.3871924
517663014	43.5334235	-109.6378193
512668335	46.8743225	-102.8490403
517499011	42.6611132	-105.3056804
517499089	42.7494032	-105.3672904
517501297	42.8481763	-106.3238242
517499979	42.7470132	-105.3886204
517499941	42.7398732	-105.4260504
517504207	42.8403933	-106.3699402
517510224	43.3376632	-105.5721203
517499002	42.6508132	-105.2276105
517509932	43.0943841	-105.0021624
517500159	42.8289032	-105.8155703
517500134	42.8615732	-105.8738103
517498609	42.7406052	-105.3551394
517503241	42.8722413	-106.3550012
517500213	42.9001532	-105.8478203
517503181	42.8142933	-106.3426602
517500029	42.7371332	-105.4561304
517667601	44.2883660	-105.4737702
517667846	44.2849130	-105.4837501
517500472	42.8495733	-106.3062302
517498688	42.6848362	-105.3432994
517501295	42.8484293	-106.3238242
517499326	42.7388222	-105.3867004
517504783	42.8603433	-106.4019002
517504562	42.8654433	-106.4301901
517666809	44.2910230	-105.4948501
517503470	42.8729333	-106.3485302
517499921	42.7679832	-105.4018804
517499049	42.7615932	-105.3409104
517499736	42.8308933	-106.2648602
517498573	42.7596182	-105.3811604
517498599	42.7759242	-105.3826394
517499176	42.7493232	-105.3822904
517668359	44.1098331	-105.4592102
517500411	42.8416433	-106.3089802
517500207	42.8949232	-105.8493803
517500580	42.8566633	-106.3025302
517504813	42.8758333	-106.4416501
517500873	42.8491833	-106.2761602
517500175	42.8610032	-105.8775303
517498593	42.7477212	-105.3624124
517500021	42.7613032	-105.4051504
517500002	42.7420032	-105.4258004
517499186	42.7427732	-105.3581304
517500714	42.8497833	-106.2850902
517502848	42.8445933	-106.3292802
517504250	42.8972663	-106.4639451
517668255	44.2709630	-105.4931201
512666975	46.8845225	-102.5179304
517500034	42.8617632	-105.6253303
517500211	42.9097632	-105.8381003
517500048	42.8609733	-106.0472702
517499167	42.7368232	-105.3474704
517502526	42.8495433	-106.3261502
517499382	42.7580662	-105.3853014
517500143	42.8989932	-105.8396103
517499018	42.7627132	-105.3808204
517500016	42.7601132	-105.4466104
517499956	42.7591732	-105.4005204
517499464	42.9162272	-105.8512183
517499099	42.7526332	-105.3695604
517503395	42.8291637	-106.3961661
517499433	42.8579243	-106.2673262
517501128	42.8391633	-106.2901502
517498711	42.7433962	-105.0975435
517499078	42.7672532	-105.2416604
517504325	42.4732543	-106.4464472
517666886	44.2903730	-105.5020401
517499971	42.6899532	-105.3856604
517501274	42.8466513	-106.3252422
517501785	42.8510933	-106.3225902
517509931	43.1725141	-104.9342635
517503927	42.8095933	-106.3534902
517667734	44.2870630	-105.4924901
517499097	42.6270732	-105.3646504
517499980	42.7371332	-105.4561304
517667895	44.3082830	-105.4790101
517501431	42.8480033	-106.3130302
517504041	42.8293233	-106.3543402
517499745	42.8300433	-106.2530402
517499253	42.8413753	-106.2580902
517509919	43.3202871	-105.2015174
517501085	42.8405633	-106.2853402
517499038	42.7500332	-105.3831104
517501070	42.8563833	-106.2888402
517498963	42.7635975	-105.3833369
517498681	42.7883582	-105.3748404
517500151	42.8655832	-105.8718003
517502961	42.8482833	-106.3284802
517498700	42.7538192	-105.3756844
517666964	44.2904130	-105.4956201
517503389	42.8291637	-106.3961661
517509925	43.2770352	-105.7005793
517502271	42.8094713	-106.3438412
517501642	42.8488933	-106.3249202
517660865	43.9837651	-105.7281631
517504972	42.8729133	-106.4150802
517501048	42.8511733	-106.2760702
517499943	42.7571932	-105.3995804
503026898	39.7772936	-104.9229609
503027888	39.7705736	-104.9263509
517499920	42.7789232	-105.3851904
517499023	42.7517232	-105.3802804
517662644	43.5998064	-109.4323464
517504611	42.8738133	-106.4510201
517503375	42.8455163	-106.3688382
517499890	42.7599232	-105.3858004
517499325	42.8395022	-105.5651614
517499291	42.5871962	-105.5479844
517503201	42.8484933	-106.3380102
517499394	42.8606633	-106.2694922
517509916	43.0520962	-105.0775164
517661548	43.7118731	-105.4757902
517499351	42.7581602	-105.3853384
517499593	42.8462233	-106.2665202
517504560	42.7953333	-106.4389602
517499871	42.7647832	-105.4331704
517498719	42.7306142	-105.3673404
517504191	42.8451833	-106.3627302
517499950	42.7601232	-105.3858004
517500275	42.8486653	-106.2905522
517504701	42.8199533	-106.4155002
517498680	42.7589752	-105.3813164
517502494	42.8460533	-106.3309802
517499699	42.8462233	-106.2665202
517498691	42.7534512	-105.3843344
517504189	42.8486533	-106.3739302
517500205	42.9146932	-105.8341503
517662994	43.5343435	-109.6351793
517498589	42.7497102	-105.3757124
517509924	43.1005152	-105.5311953
517499863	42.7405232	-105.4216404
517499153	42.7531032	-105.3808804
517499000	42.7603532	-105.3830904
517499227	42.7738503	-106.1710472
517498997	42.7602532	-105.3844504
517499035	42.7613932	-105.3816504
517500180	42.8483432	-105.8289303
517509913	43.0479212	-105.7061693
517501450	42.8502533	-106.3119802
517499721	42.8421833	-106.2613702
517499170	42.7486332	-105.3761804
517499027	42.7580032	-105.3765804
517501793	42.8447833	-106.3255502
517499953	42.7517932	-105.4048004
517498722	42.7525422	-105.3756924
517509917	43.1588812	-105.7092293
517498998	42.7486432	-105.3767004
517500535	42.8401533	-106.3049902
517499040	42.7624432	-105.3832204
517502309	42.8099703	-106.3436442
517504315	42.8756883	-106.4279731
503028955	39.7750536	-104.9308109
517501704	42.8517733	-106.3103502
517499299	42.7647792	-105.6187774
517502708	42.8602333	-106.3406402
517501245	42.8494053	-106.3222622
517499494	42.8643582	-105.8709133
512667684	46.9249725	-102.6638604
503028937	39.7744136	-104.9296009
517499188	42.7502032	-105.3831104
517501926	42.8495033	-106.3183402
517502160	42.8378133	-106.3142602
517500025	42.7559232	-105.4053104
517503197	42.8478433	-106.3412302
517502012	42.8540433	-106.3092902
517499128	42.7486632	-105.3717204
517504412	42.8709333	-106.4195252
517498706	42.7484412	-105.3827164
517500174	42.8869732	-105.8465603
512666084	46.8566095	-102.5625924
503028885	39.7714636	-104.9305209
517499193	42.7597532	-105.3831504
517502782	42.8397633	-106.3310902
517509926	43.2819682	-105.6652823
517502470	42.7990833	-106.3457702
517499069	42.7844132	-105.3718404
517502551	42.8148033	-106.3393802
517499008	42.7480632	-105.3713504
517499913	42.7449032	-105.3853504
517502745	42.8561233	-106.3399102
517501018	42.8468833	-106.2910902
517502608	42.8539533	-106.3346702
517499091	42.7428632	-105.3600504
517509923	43.3199501	-105.2418184
517499477	42.8593582	-105.8750083
517499350	42.7600102	-105.3854454
517500487	42.8517233	-106.3081302
517499960	42.5046933	-105.4375404
517499490	42.8621822	-105.8722003
517499823	42.8411533	-106.2708102
517499414	42.8662953	-106.0534502
517499293	42.7959612	-105.5998024
517499003	42.7421232	-105.3580004
517504340	42.8690293	-106.4270671
517501342	42.8492943	-106.3250852
517500387	42.8245533	-106.3076602
517666911	44.2930430	-105.5000001
517499460	42.8621962	-105.8720503
517499855	42.7510732	-105.4019104
517500057	42.8521833	-106.2554502
517498602	42.7461742	-105.3656134
517662954	43.5364635	-109.6442993
517505032	42.8659733	-106.4038502
517499185	42.7855132	-105.3696104
517500023	42.7381432	-105.4301804
517499095	42.7620332	-105.3836804
517499722	42.8291133	-106.2621602
517498619	42.7503732	-105.3676934
517502732	42.8503033	-106.3288702
517500249	42.8464323	-106.3094512
517498574	42.7664922	-105.2626864
517499957	42.7597832	-105.3858004
517502182	42.8480033	-106.3130302
517499856	42.7579532	-105.4070704
517499709	42.8462233	-106.2665202
517502835	42.8464933	-106.3315102
517499891	42.7567432	-105.4685404
517509929	43.1676921	-104.8977625
517503472	42.8756233	-106.3554902
517498644	42.7477432	-105.3633034
517498701	42.7406772	-105.3810384
517509910	43.0889041	-105.0499314
517501708	42.8564433	-106.3206902
517501618	42.8531133	-106.3234702
517498788	42.9832582	-104.9334595
517498750	42.8820842	-105.2749764
517501232	42.8494053	-106.3222622
517499317	42.7593652	-105.4015624
517504210	42.8451533	-106.3758402
517499070	42.7625132	-105.3359704
517499083	42.7634032	-105.3458404
517499480	42.8591692	-105.8720413
517502956	42.8139533	-106.3411002
517499121	42.7523932	-105.3823004
517499649	42.8391033	-106.2634702
517499005	42.7491932	-105.3672904
517504736	42.8582133	-106.4424301
517500176	42.8603532	-105.8758803
517500000	42.7654132	-105.3859104
517499851	42.8375433	-106.2597102
517499030	42.7534332	-105.3823004
517499733	42.8492833	-106.2691902
517499867	42.7559032	-105.3979904
517499569	42.8361533	-106.2617102
517504641	42.8650133	-106.4248401
517499968	42.6632732	-105.4005204
517503454	42.9772633	-106.3662001
517503437	42.8553133	-106.3655702
517499783	42.8341933	-106.2577402
517502295	42.8096593	-106.3437672
517499138	42.7480532	-105.3727804
517510223	43.2327431	-105.2607504
517501200	42.8578833	-106.2726702
517498712	42.7497102	-105.3757124
517498746	42.6484522	-105.2891664
517499884	42.7602232	-105.3896004
517499903	42.7686132	-105.4026704
517500090	42.8702633	-106.0473902
517502716	42.8521833	-106.3295702
517499006	42.7522332	-105.3831104
517500136	42.8926832	-105.8446503
517504602	42.8921333	-106.4926901
512668114	46.9467605	-102.8732063
517500145	42.8869732	-105.8465603
517501674	42.8544133	-106.3118102
517662623	43.5337475	-109.6321833
517500158	42.8545832	-105.7002603
517502774	42.7945733	-106.3386002
503026899	39.7815236	-104.9235609
517498710	42.7482802	-105.3801374
517499158	42.7200132	-105.3791604
517499937	42.7644832	-105.4035804
517502027	42.8489333	-106.3244802
517498995	42.7504332	-105.1219905
517503526	42.8091833	-106.3449902
517501155	42.8485033	-106.2958702
517498676	42.7593212	-105.3811634
517504392	42.7567183	-106.5200451
517503321	42.8097823	-106.3657202
517498748	42.7636682	-105.3797294
517498789	42.7107842	-104.9130595
517498675	42.7612722	-105.3765054
517499259	42.8459063	-106.2689562
517499016	42.7935632	-105.3559904
517499923	42.7603332	-105.3857904
517502088	42.8478833	-106.3255202
517500187	42.9313332	-105.8629403
517499380	42.7580152	-105.4027134
503030970	39.7747836	-104.9361509
517504936	42.8754233	-106.4350301
517500537	42.8549333	-106.3042302
517499473	42.8546132	-105.8695233
517503296	42.8193563	-106.3873282
517499626	42.8338733	-106.2525702
517499066	42.7534132	-105.3675004
517499296	42.7611452	-105.4033954
517500336	42.8532654	-106.2813190
503027953	39.7795636	-104.9254509
517503960	42.8184733	-106.3625802
517662664	43.5667635	-109.7237353
517667845	44.3105130	-105.4733301
517499132	42.7485732	-105.3704704
517502711	42.8472533	-106.3322702
517499053	42.7530732	-105.3766704
517499949	42.7649132	-105.3988304
517503129	42.8356633	-106.3373402
517499020	42.7473032	-105.3626304
517498598	42.7373552	-105.3464304
517502208	42.8445333	-106.3184002
517500204	42.9089132	-105.8465703
517500978	42.8448333	-106.2778502
517502610	42.8443333	-106.3351802
517499036	42.7480632	-105.3719804
517501129	42.8445733	-106.2949902
517499458	42.8613482	-105.8710933
517499019	42.7479332	-105.3603804
517498639	42.7508392	-105.3701664
517498636	42.7891582	-105.3752704
517499584	42.8433133	-106.2684502
517504796	42.8582533	-106.4525401
517499500	42.8601062	-105.8472573
517498586	42.7575552	-105.3826404
517499642	42.8481833	-106.2735002
517499992	42.7573932	-105.4143704
517499172	42.7439932	-105.3792304
503030950	39.7883936	-104.9332009
517498731	42.7594502	-105.3819294
517667882	44.2885930	-105.4935701
517504415	42.8654933	-106.4075162
517499368	42.7592562	-105.3853024
517499230	42.8436833	-106.2382122
517500541	42.8278433	-106.3046802
517500415	42.8484233	-106.3036602
517504954	42.8753033	-106.4522401
517500199	42.8595132	-105.8543003
517503108	42.8172533	-106.3426602
517499940	42.7420632	-105.3875104
517501984	42.8493933	-106.3119902
517500736	42.8492233	-106.2799602
517499332	42.7556642	-105.4041344
517500132	42.8620432	-105.8717103
517499991	42.7559032	-105.3985304
512666852	46.7498225	-102.5181405
517503268	42.8465643	-106.3603062
517666820	44.2816930	-105.5026101
517504350	42.8799693	-106.4351621
517501134	42.8544333	-106.2922402
517502705	42.8495433	-106.3261502
517501617	42.8574233	-106.3178302
517502633	42.7962433	-106.3377202
517499355	42.7611692	-105.3898354
517499864	42.6755632	-105.4018104
517499354	42.7617162	-105.4034034
517503445	42.8596333	-106.3644302
517502701	42.8448733	-106.3355102
517499984	42.7982532	-105.5232604
517500036	42.7220032	-105.3892004
517668541	44.2718230	-105.4921601
517501543	42.8577033	-106.3153802
517499001	42.7434732	-105.3584704
517499366	42.8440262	-105.4882944
517498996	42.7456732	-105.3573704
517662678	43.5994535	-109.7836893
517499010	42.7600532	-105.3849804
517499915	42.7569332	-105.3866504
517499141	42.7666532	-105.3822004
517503004	42.8581533	-106.3309202
517502233	42.8629063	-106.3328922
517499181	42.7535432	-105.3682204
517501444	42.8490033	-106.3204902
517499067	42.7601932	-105.3831004
517499151	42.7641432	-105.3844604
517499338	42.7663852	-105.4064594
517502748	42.8107033	-106.3441902
517666508	44.2601930	-105.5270001
517663001	43.5362135	-109.6405393
517499875	42.7730032	-105.4868004
517500615	42.8504333	-106.2990202
517500352	42.8485033	-106.3020702
517504934	42.8728833	-106.4272801
517499118	42.7604632	-105.3844504
517500011	42.7569332	-105.3866504
517500018	42.7586432	-105.4048704
517501884	42.8504533	-106.3204902
517498600	42.7613502	-105.3797774
517499866	42.7308532	-105.4336104
517499906	42.7341032	-105.4656104
517500064	42.8638533	-106.2643802
517499881	42.8540632	-105.5028704
517499213	42.9659232	-105.0279305
517498601	42.7373022	-105.3454964
517499142	42.7471332	-105.3608504
517503751	42.8266233	-106.3592502
517500022	42.7654132	-105.4033304
517503057	42.8441433	-106.3306302
517499897	42.7669732	-105.4032604
517500605	42.8393033	-106.2996802
517499007	42.7607032	-105.3846104
517499047	42.7613932	-105.3816504
517498964	42.7635975	-105.3833369
517505054	42.8070833	-106.4368402
517505023	42.8105133	-106.4302102
517499939	42.7388332	-105.4333704
517504263	42.8562203	-106.4343561
517499874	42.7518032	-105.4026604
517510233	43.4161732	-106.2487101
517499882	42.7665032	-105.4018804
517666643	44.2901770	-105.5040241
517502361	42.8557633	-106.3265302
517499349	42.7611452	-105.4033954
517498652	42.7459752	-105.3629344
517502136	42.8484933	-106.3245502
517501980	42.8534533	-106.3240902
517501240	42.8165223	-106.3119352
503029522	39.7620406	-104.9343069
517499198	42.7556032	-105.3779904
517502757	42.8517233	-106.3351702
517662671	43.5335165	-109.6310043
517503799	42.8592633	-106.3968102
517501356	42.8485103	-106.3238242
517502434	42.8515033	-106.3271302
517499148	42.7501932	-105.3822904
517504159	42.8503533	-106.3942402
517499427	42.8637553	-106.0781212
517504692	42.8715033	-106.4219601
517499456	42.8138172	-105.8228083
517666667	44.2929440	-105.5040901
517499013	42.7602532	-105.3836904
517498714	42.7598852	-105.3813064
517502786	42.8593733	-106.3298502
517500110	42.8665533	-106.0696802
503032990	39.7632636	-104.9384309
517499928	42.7649932	-105.4031504
517504032	42.8360133	-106.3531002
517504974	42.8643433	-106.4312501
517499986	42.7587732	-105.3864104
517500369	42.8461233	-106.3021102
517502821	42.8148233	-106.3366702
517499100	42.7596732	-105.3794304
517499465	42.8613482	-105.8696123
517499780	42.8375533	-106.2600802
517504069	42.8300033	-106.3636302
517500106	42.8546833	-106.2430502
517504727	42.8751733	-106.4416301
517499037	42.7489832	-105.3816904
517501138	42.8481833	-106.2735002
517509928	43.0704292	-105.6120233
517499210	42.7471432	-104.9228405
517502906	42.8180333	-106.3405202
517667166	44.2908730	-105.5044101
517504636	42.8699633	-106.4416501
517504809	42.8144933	-106.4172002
517503125	42.8368133	-106.3397402
517667723	44.3225830	-105.4865201
517503831	42.8544033	-106.3675002
517501931	42.8510333	-106.3204902
517500030	42.8540132	-105.5053304
517502096	42.8538733	-106.3160402
517499927	42.7686132	-105.5016704
517509918	43.3202871	-105.2015174
517432511	42.4102833	-105.3599305
517499621	42.8418933	-106.2677802
517504668	42.8609433	-106.4492601
517509900	43.2104902	-106.3171871
517498651	42.7354772	-105.3671374
517500027	42.7960532	-105.5461604
517667934	44.2819430	-105.4782802
517499444	42.8514042	-105.8343473
517499798	42.8474733	-106.2623802
517499324	42.7079692	-105.4106124
517502702	42.8559833	-106.3340302
517503442	42.8920933	-106.3497402
517667730	44.2850530	-105.4866201
517499707	42.8474733	-106.2623802
517502665	42.8503033	-106.3288702
517498728	42.7485422	-105.3797024
517499972	42.7570432	-105.4079104
517499026	42.7454832	-105.3573704
517668105	44.2905730	-105.4361602
517499959	42.7619832	-105.3857804
517509935	43.2769892	-105.7007463
517501472	42.8594433	-106.3222502
517500231	42.8486523	-106.3031612
517503427	42.9161933	-106.3465902
517500186	42.8707132	-105.8530403
517503059	42.8357833	-106.3354102
517499146	42.7454032	-105.3605804
517501940	42.8273033	-106.3161502
517501355	42.8478033	-106.3238242
517509921	43.0895211	-105.0491254
517501201	42.8591133	-106.2750802
517499898	42.7648732	-105.3858304
517499194	42.7676632	-105.2505404
517501707	42.8471333	-106.3204902
517498620	42.7600552	-105.3827534
517500674	42.8422533	-106.3083202
517505069	42.8434033	-106.4028702
517504312	42.8629753	-106.4037642
517501544	42.8473833	-106.3255902
517499125	42.7479232	-105.3759404
517498665	42.7511522	-105.3796654
517501587	42.8465533	-106.3113802
517499223	42.8203243	-106.2667462
517500165	42.8474932	-105.8273603
517498618	42.7460372	-105.3801674
517503530	42.8702433	-106.3473302
517500191	42.8638632	-105.8727703
517499498	42.8611882	-105.8708923
517502788	42.8517433	-106.3300502
517502899	42.8495433	-106.3261502
517499057	42.7632632	-105.3802204
517499533	42.8832546	-105.8511983
517498738	42.7485392	-105.3754894
517504053	42.8121633	-106.3515802
517503790	42.8289633	-106.3637802
517500331	42.8542653	-106.2976802
517505041	42.8181633	-106.4152502
517503132	42.8134633	-106.3430002
517498631	42.7595572	-105.3817204
517504179	42.8499233	-106.3635502
517500001	42.7689832	-105.4547804
517499087	42.7477632	-105.3615204
517504540	42.8783143	-106.4320301
517502263	42.8584713	-106.3331372
517499914	42.7597132	-105.3858004
517503024	42.8352033	-106.3360402
517504411	42.8806333	-106.4280731
517499531	42.8832546	-105.8511983
517499189	42.7458632	-105.3644804
517500835	42.8424433	-106.2740102
517500033	42.7597732	-105.3844604
517500133	42.8615732	-105.8738103
517504447	42.7008823	-106.5676331
517499173	42.7624932	-105.3433804
517499012	42.7479532	-105.3743204
517500202	42.9097732	-105.8458003
517499763	42.8462233	-106.2665202
517500020	42.7087132	-105.4927604
517501761	42.8509133	-106.3190702
517499371	42.7640222	-105.5724074
517503177	42.8348133	-106.3439702
517499899	42.5526432	-105.4219404
517503711	42.8099733	-106.3562102
517502116	42.8493133	-106.3249602
517501353	42.8499743	-106.3238242
517499509	42.9243882	-105.8343143
517502447	42.8087833	-106.3451502
517501273	42.8573003	-106.3176382
517498626	42.7597692	-105.3841664
517498605	42.7580032	-105.3826334
517499107	42.7490632	-105.3749104
517499050	42.7432832	-105.3605104
517667892	44.3088330	-105.4877001
512667486	46.9211925	-102.7336304
503028974	39.7840836	-104.9304209
517500179	42.8610232	-105.8725303
517499918	42.7633732	-105.4030904
517502747	42.8515033	-106.3271302
517499154	42.7700932	-105.3779504
517498568	42.7495962	-105.3676964
517504403	42.8698213	-106.4322121
517500256	42.8462523	-106.3006222
517503788	42.8347733	-106.3587802
517499474	42.8593732	-105.8751473
517502531	42.8495433	-106.3261502
517503708	42.8445033	-106.3596002
517502059	42.8491733	-106.3247402
517499327	42.7629352	-105.4035164
517499090	42.8241732	-105.3408504
517503617	42.8002733	-106.3865202
517499219	42.8407603	-106.2317142
517499110	42.7617732	-105.3849604
517500150	42.8564032	-105.8772903
517502304	42.8665873	-106.3417702
517500148	42.8289832	-105.8169803
517500381	42.8526333	-106.3099802
517498628	42.7970592	-105.3525164
517499686	42.8399333	-106.2575602
517502882	42.7977833	-106.3333602
517498563	42.7593212	-105.3811634
517501166	42.8479133	-106.2901702
517500268	42.8464323	-106.3094512
517499935	42.7233432	-105.3855604
517500372	42.8480933	-106.3063202
517498583	42.7477182	-105.3801494
517500666	42.8562833	-106.3045102
517499896	42.7591632	-105.4008204
517499117	42.7529632	-105.3733104
517499197	42.7377732	-105.3656004
517498576	42.7641042	-105.3841104
517498704	42.7524642	-105.3744524
517499580	42.8519933	-106.2694202
517500548	42.8546033	-106.3036602
517499453	42.8613482	-105.8723963
503032993	39.7842036	-104.9386209
517498637	42.7535642	-105.3840624
517500593	42.8517233	-106.3081302
517499512	42.9162212	-105.8512463
517499312	42.7135552	-105.4762254
517500013	42.7665832	-105.4013304
517503104	42.9015733	-106.3415802
517504068	42.8442333	-106.3991802
517499203	42.7615532	-105.3822504
517500010	42.7658732	-105.4043104
517499062	42.7467732	-105.3821104
517504870	42.8727433	-106.4422701
517498742	42.7594542	-105.3822744
517502520	42.7965733	-106.3391402
517510227	43.4136231	-105.4507103
517498575	42.7485292	-105.3729644
517499168	42.7432332	-105.3785104
517500005	42.5652732	-105.4243604
517499974	42.8019532	-105.5503704
517499962	42.7445332	-105.3905704
517500012	42.7647832	-105.4331704
517500192	42.8311732	-105.8140603
512668077	46.8763305	-102.9887673
517499339	42.8395752	-105.5656914
517500206	42.8967932	-105.8447803
517499046	42.7580032	-105.3765804
517499511	42.8987822	-105.8353593
517499058	42.7529332	-105.3434404
517498610	42.7511522	-105.3796654
517504973	42.8726933	-106.4337601
517663026	43.5333735	-109.6317493
517499065	42.7531132	-105.3741404
517501758	42.8483933	-106.3163902
517501236	42.8476103	-106.3266772
517666924	44.2937330	-105.5021101
