sp_id	sp_gq_id	age	sex
943199233	450025082	17	M
943199232	450025082	17	M
943199231	450025082	17	M
943199230	450025082	17	M
943199229	450025082	15	M
943199228	450025082	15	M
943199227	450025082	17	M
943199226	450025082	16	M
943199225	450025082	17	M
943199224	450025082	17	M
943199223	450025082	15	M
943199222	450025082	16	M
943199210	450025082	17	M
943199214	450025082	17	M
943199213	450025082	17	M
943199212	450025082	16	M
943199211	450025082	17	M
943199221	450025082	17	M
943199220	450025082	17	M
943199219	450025082	14	M
943199218	450025082	16	M
943199217	450025082	16	M
943199216	450025082	17	M
943199215	450025082	15	M
943199197	450025082	17	M
943199198	450025082	17	M
943199199	450025082	14	M
943199200	450025082	16	M
943199201	450025082	17	M
943199202	450025082	16	M
943199203	450025082	17	M
943199204	450025082	17	M
943199205	450025082	16	M
943199206	450025082	17	M
943199207	450025082	17	M
943199208	450025082	16	M
943199209	450025082	14	M
943199239	450025082	45	M
943199238	450025082	31	M
943199237	450025082	40	M
943199236	450025082	25	M
943199235	450025082	23	M
943199234	450025082	20	M
943199249	450025083	17	F
943199247	450025083	16	F
943199246	450025083	16	F
943199245	450025083	17	F
943199244	450025083	15	F
943199243	450025083	17	F
943199242	450025083	16	F
943199258	450025083	17	F
943199257	450025083	17	F
943199256	450025083	17	F
943199255	450025083	13	F
943199254	450025083	17	F
943199253	450025083	17	F
943199252	450025083	17	F
943199251	450025083	13	F
943199250	450025083	15	F
943199241	450025083	17	F
943199240	450025083	17	F
943199248	450025083	16	F
943199265	450025083	29	F
943199264	450025083	28	F
943199263	450025083	17	F
943199262	450025083	17	F
943199261	450025083	15	F
943199260	450025083	17	F
943199259	450025083	16	F
943199266	450025083	30	F
943199267	450025083	41	F
943199268	450025083	25	F
943199612	450007485	47	M
943199611	450007485	27	M
943199610	450007485	17	M
943199609	450007485	16	M
943199608	450007485	17	M
943199607	450007485	17	M
943199605	450007485	17	M
943199606	450007485	15	M
938942241	450000585	24	F
938941668	450000585	20	M
938942686	450000585	20	F
938942685	450000585	19	F
938942684	450000585	22	F
938942683	450000585	19	F
938942682	450000585	19	F
938942681	450000585	23	F
938942680	450000585	19	F
938942679	450000585	24	F
938942678	450000585	19	F
938942677	450000585	23	F
938942676	450000585	22	F
938942675	450000585	18	F
938942674	450000585	18	F
938942673	450000585	21	F
938942672	450000585	23	F
938942671	450000585	19	F
938942670	450000585	21	F
938942669	450000585	18	F
938942668	450000585	18	F
938942667	450000585	23	F
938942666	450000585	23	F
938942665	450000585	19	F
938942664	450000585	19	F
938942663	450000585	19	F
938942662	450000585	19	F
938942661	450000585	19	F
938942660	450000585	19	F
938942659	450000585	18	F
938942658	450000585	24	F
938942657	450000585	22	F
938942656	450000585	22	F
938942655	450000585	19	F
938942654	450000585	18	F
938942653	450000585	19	F
938942652	450000585	19	F
938942651	450000585	18	F
938942650	450000585	19	F
938942649	450000585	20	F
938942648	450000585	19	F
938942647	450000585	18	F
938942646	450000585	19	F
938942645	450000585	18	F
938942644	450000585	19	F
938942643	450000585	19	F
938942642	450000585	19	F
938942641	450000585	18	F
938942640	450000585	22	F
938942639	450000585	23	F
938942638	450000585	28	F
938942637	450000585	18	F
938942636	450000585	22	F
938942635	450000585	23	F
938942634	450000585	18	F
938942633	450000585	23	F
938942632	450000585	20	F
938942631	450000585	18	F
938942630	450000585	20	F
938942629	450000585	19	F
938942628	450000585	18	F
938942627	450000585	22	F
938942626	450000585	19	F
938942625	450000585	23	F
938942624	450000585	18	F
938942623	450000585	19	F
938942622	450000585	23	F
938942621	450000585	18	F
938942620	450000585	27	F
938942619	450000585	18	F
938942618	450000585	19	F
938942617	450000585	18	F
938942616	450000585	23	F
938942615	450000585	20	F
938942614	450000585	22	F
938942613	450000585	21	F
938942612	450000585	19	F
938942611	450000585	18	F
938942610	450000585	18	F
938942609	450000585	19	F
938942608	450000585	22	F
938942607	450000585	22	F
938942606	450000585	19	F
938942605	450000585	18	F
938942604	450000585	20	F
938942603	450000585	22	F
938942602	450000585	18	F
938942601	450000585	18	F
938942600	450000585	23	F
938942599	450000585	24	F
938942598	450000585	19	F
938942597	450000585	20	F
938942596	450000585	24	F
938942595	450000585	23	F
938942594	450000585	19	F
938942593	450000585	19	F
938942592	450000585	19	F
938942591	450000585	18	F
938942590	450000585	18	F
938942589	450000585	21	F
938942588	450000585	24	F
938942587	450000585	18	F
938942586	450000585	20	F
938942585	450000585	19	F
938942584	450000585	19	F
938942583	450000585	19	F
938942582	450000585	24	F
938942581	450000585	18	F
938942580	450000585	20	F
938942579	450000585	19	F
938942578	450000585	19	F
938942577	450000585	18	F
938942576	450000585	23	F
938942575	450000585	21	F
938942574	450000585	19	F
938942573	450000585	21	F
938942572	450000585	24	F
938942571	450000585	21	F
938942570	450000585	22	F
938942569	450000585	19	F
938942568	450000585	19	F
938942567	450000585	19	F
938942566	450000585	18	F
938942565	450000585	23	F
938942564	450000585	24	F
938942563	450000585	22	F
938942562	450000585	24	F
938942561	450000585	23	F
938942560	450000585	20	F
938942559	450000585	19	F
938942558	450000585	19	F
938942557	450000585	23	F
938942556	450000585	19	F
938942555	450000585	21	F
938942554	450000585	19	F
938942553	450000585	23	F
938942552	450000585	19	F
938942551	450000585	19	F
938942550	450000585	21	F
938942549	450000585	22	F
938942548	450000585	19	F
938942547	450000585	19	F
938942546	450000585	19	F
938942545	450000585	20	F
938942544	450000585	22	F
938942543	450000585	19	F
938942542	450000585	18	F
938942541	450000585	19	F
938942540	450000585	19	F
938942539	450000585	21	F
938942538	450000585	22	F
938942537	450000585	19	F
938942536	450000585	19	F
938942535	450000585	19	F
938942534	450000585	21	F
938942533	450000585	23	F
938942532	450000585	19	F
938942531	450000585	20	F
938942530	450000585	19	F
938942529	450000585	19	F
938942528	450000585	21	F
938942527	450000585	18	F
938942526	450000585	19	F
938942525	450000585	19	F
938942524	450000585	21	F
938942523	450000585	20	F
938942522	450000585	19	F
938942521	450000585	20	F
938942520	450000585	18	F
938942519	450000585	19	F
938942518	450000585	21	F
938942517	450000585	24	F
938942516	450000585	19	F
938942515	450000585	19	F
938942514	450000585	20	F
938942513	450000585	20	F
938942512	450000585	19	F
938942511	450000585	23	F
938942510	450000585	20	F
938942509	450000585	21	F
938942508	450000585	18	F
938942507	450000585	20	F
938942506	450000585	18	F
938942505	450000585	20	F
938942504	450000585	18	F
938942503	450000585	24	F
938942502	450000585	22	F
938942501	450000585	18	F
938942500	450000585	19	F
938942499	450000585	18	F
938942498	450000585	18	F
938942497	450000585	20	F
938942496	450000585	19	F
938942495	450000585	22	F
938942494	450000585	19	F
938942493	450000585	21	F
938942492	450000585	18	F
938942491	450000585	18	F
938942490	450000585	21	F
938942489	450000585	23	F
938942488	450000585	22	F
938942487	450000585	19	F
938942486	450000585	22	F
938942485	450000585	23	F
938942484	450000585	24	F
938942483	450000585	18	F
938942482	450000585	21	F
938942481	450000585	18	F
938942480	450000585	24	F
938942479	450000585	19	F
938942478	450000585	24	F
938942477	450000585	23	F
938942476	450000585	20	F
938942475	450000585	19	F
938942474	450000585	19	F
938942473	450000585	22	F
938942472	450000585	23	F
938942471	450000585	20	F
938942470	450000585	19	F
938942469	450000585	22	F
938942468	450000585	18	F
938942467	450000585	22	F
938942466	450000585	20	F
938942465	450000585	22	F
938942464	450000585	19	F
938942463	450000585	19	F
938942462	450000585	21	F
938942461	450000585	18	F
938942460	450000585	19	F
938942459	450000585	19	F
938942458	450000585	20	F
938942457	450000585	22	F
938942456	450000585	21	F
938942455	450000585	18	F
938942454	450000585	20	F
938942453	450000585	18	F
938942452	450000585	18	F
938942451	450000585	23	F
938942450	450000585	18	F
938942449	450000585	24	F
938942448	450000585	19	F
938942447	450000585	19	F
938942446	450000585	19	F
938942445	450000585	21	F
938942444	450000585	19	F
938942443	450000585	19	F
938942442	450000585	23	F
938942441	450000585	18	F
938942440	450000585	18	F
938942439	450000585	19	F
938942438	450000585	19	F
938942437	450000585	24	F
938942436	450000585	21	F
938942435	450000585	19	F
938942434	450000585	19	F
938942433	450000585	23	F
938942432	450000585	20	F
938942431	450000585	22	F
938942430	450000585	19	F
938942429	450000585	21	F
938942428	450000585	18	F
938942427	450000585	20	F
938942426	450000585	24	F
938942425	450000585	18	F
938942424	450000585	21	F
938942423	450000585	24	F
938942422	450000585	19	F
938942421	450000585	21	F
938942420	450000585	25	F
938942419	450000585	19	F
938942418	450000585	19	F
938942417	450000585	18	F
938942416	450000585	19	F
938942415	450000585	19	F
938942414	450000585	19	F
938942413	450000585	18	F
938942412	450000585	20	F
938942411	450000585	20	F
938942410	450000585	19	F
938942409	450000585	23	F
938942408	450000585	22	F
938942407	450000585	18	F
938942406	450000585	19	F
938942405	450000585	18	F
938942404	450000585	20	F
938942403	450000585	18	F
938942402	450000585	20	F
938942401	450000585	21	F
938942400	450000585	18	F
938942399	450000585	19	F
938942398	450000585	21	F
938942397	450000585	19	F
938942396	450000585	19	F
938942395	450000585	19	F
938942394	450000585	18	F
938942393	450000585	19	F
938942392	450000585	19	F
938942391	450000585	22	F
938942390	450000585	21	F
938942389	450000585	21	F
938942388	450000585	18	F
938942387	450000585	20	F
938942386	450000585	20	F
938942385	450000585	22	F
938942384	450000585	19	F
938942383	450000585	19	F
938942382	450000585	19	F
938942381	450000585	19	F
938942380	450000585	19	F
938942379	450000585	19	F
938942378	450000585	19	F
938942377	450000585	23	F
938942376	450000585	24	F
938942375	450000585	23	F
938942374	450000585	18	F
938942373	450000585	21	F
938942372	450000585	19	F
938942371	450000585	28	F
938942370	450000585	19	F
938942369	450000585	22	F
938942368	450000585	20	F
938942367	450000585	20	F
938942366	450000585	18	F
938942365	450000585	19	F
938942364	450000585	21	F
938942363	450000585	19	F
938942362	450000585	21	F
938942361	450000585	18	F
938942360	450000585	20	F
938942359	450000585	21	F
938942358	450000585	23	F
938942357	450000585	22	F
938942356	450000585	21	F
938942355	450000585	19	F
938942354	450000585	24	F
938942353	450000585	18	F
938942352	450000585	20	F
938942351	450000585	21	F
938942350	450000585	19	F
938942349	450000585	21	F
938942348	450000585	19	F
938942347	450000585	28	F
938942346	450000585	21	F
938942345	450000585	18	F
938942344	450000585	19	F
938942343	450000585	22	F
938942342	450000585	18	F
938942341	450000585	18	F
938942340	450000585	18	F
938942339	450000585	19	F
938942338	450000585	19	F
938942337	450000585	18	F
938942336	450000585	18	F
938942335	450000585	24	F
938942334	450000585	20	F
938942333	450000585	23	F
938942332	450000585	19	F
938942331	450000585	18	F
938942330	450000585	19	F
938942329	450000585	18	F
938942328	450000585	18	F
938942327	450000585	19	F
938942326	450000585	20	F
938942325	450000585	20	F
938942324	450000585	25	F
938942323	450000585	22	F
938942322	450000585	20	F
938942321	450000585	19	F
938942320	450000585	21	F
938942319	450000585	20	F
938942318	450000585	22	F
938942317	450000585	22	F
938942316	450000585	19	F
938942315	450000585	19	F
938942314	450000585	19	F
938942313	450000585	20	F
938942312	450000585	18	F
938942311	450000585	21	F
938942310	450000585	22	F
938942309	450000585	19	F
938942308	450000585	24	F
938942307	450000585	19	F
938942306	450000585	20	F
938942305	450000585	23	F
938942304	450000585	22	F
938942303	450000585	24	F
938942302	450000585	19	F
938942301	450000585	18	F
938942300	450000585	20	F
938942299	450000585	24	F
938942298	450000585	18	F
938942297	450000585	19	F
938942296	450000585	19	F
938942295	450000585	22	F
938942294	450000585	19	F
938942293	450000585	22	F
938942292	450000585	18	F
938942291	450000585	19	F
938942290	450000585	23	F
938942289	450000585	18	F
938942288	450000585	18	F
938942287	450000585	18	F
938942286	450000585	18	F
938942285	450000585	20	F
938942284	450000585	19	F
938942283	450000585	19	F
938942282	450000585	18	F
938942281	450000585	22	F
938942280	450000585	19	F
938942279	450000585	18	F
938942278	450000585	19	F
938942277	450000585	19	F
938942276	450000585	19	F
938942275	450000585	21	F
938942274	450000585	19	F
938942273	450000585	19	F
938942272	450000585	24	F
938942271	450000585	26	F
938942270	450000585	19	F
938942269	450000585	24	F
938942268	450000585	22	F
938942267	450000585	19	F
938942266	450000585	19	F
938942265	450000585	19	F
938942264	450000585	24	F
938942263	450000585	18	F
938942262	450000585	19	F
938942261	450000585	19	F
938942260	450000585	18	F
938942259	450000585	19	F
938942258	450000585	23	F
938942257	450000585	18	F
938942256	450000585	24	F
938942255	450000585	29	F
938942254	450000585	19	F
938942253	450000585	23	F
938942252	450000585	19	F
938942251	450000585	19	F
938942250	450000585	19	F
938942249	450000585	26	F
938942248	450000585	19	F
938942247	450000585	21	F
938942246	450000585	19	F
938942245	450000585	19	F
938942244	450000585	18	F
938942243	450000585	19	F
938942242	450000585	19	F
938942240	450000585	23	F
938942239	450000585	22	F
938942238	450000585	23	F
938942237	450000585	18	F
938942236	450000585	20	F
938942235	450000585	23	F
938942234	450000585	19	F
938942233	450000585	47	F
938942232	450000585	22	F
938942231	450000585	19	F
938942230	450000585	19	F
938942229	450000585	18	F
938942228	450000585	22	F
938942227	450000585	24	F
938942226	450000585	19	F
938942225	450000585	18	F
938942224	450000585	19	F
938942223	450000585	19	F
938942222	450000585	19	F
938942221	450000585	18	F
938942220	450000585	18	F
938942219	450000585	24	F
938942218	450000585	19	F
938942217	450000585	19	F
938942216	450000585	19	F
938942215	450000585	24	F
938942214	450000585	20	F
938942213	450000585	19	F
938942212	450000585	19	F
938942211	450000585	20	F
938942210	450000585	21	F
938942209	450000585	18	F
938942208	450000585	19	F
938942207	450000585	18	F
938942206	450000585	18	F
938942205	450000585	19	F
938942204	450000585	18	F
938942203	450000585	18	F
938942202	450000585	21	F
938942201	450000585	24	F
938942200	450000585	24	F
938942199	450000585	22	F
938942198	450000585	24	F
938942197	450000585	18	F
938942196	450000585	18	F
938942195	450000585	19	F
938942194	450000585	21	F
938942193	450000585	19	F
938942192	450000585	18	F
938942191	450000585	23	F
938942190	450000585	20	F
938942189	450000585	21	F
938942188	450000585	18	F
938942187	450000585	19	F
938942186	450000585	21	F
938942185	450000585	19	F
938942184	450000585	19	F
938942183	450000585	18	F
938942182	450000585	19	F
938942181	450000585	18	F
938942180	450000585	19	F
938942179	450000585	23	F
938942178	450000585	21	F
938942177	450000585	21	F
938942176	450000585	19	F
938942175	450000585	21	F
938942174	450000585	20	F
938942173	450000585	19	F
938942172	450000585	24	F
938942171	450000585	19	F
938942170	450000585	19	F
938942169	450000585	19	F
938942168	450000585	22	F
938942167	450000585	21	F
938942166	450000585	19	F
938942165	450000585	18	F
938942164	450000585	22	F
938942163	450000585	18	F
938942162	450000585	21	F
938942161	450000585	20	F
938942160	450000585	18	F
938942159	450000585	19	F
938942158	450000585	21	F
938942157	450000585	19	F
938942156	450000585	19	F
938942155	450000585	19	F
938942154	450000585	22	F
938942153	450000585	22	F
938942152	450000585	19	F
938942151	450000585	18	F
938942150	450000585	20	F
938942149	450000585	19	F
938942148	450000585	18	F
938942147	450000585	18	F
938942146	450000585	23	F
938942145	450000585	19	F
938942144	450000585	19	F
938942143	450000585	19	F
938942142	450000585	24	F
938942141	450000585	24	F
938942140	450000585	19	F
938942139	450000585	21	F
938942138	450000585	18	F
938942137	450000585	21	F
938942136	450000585	18	F
938942135	450000585	20	F
938942134	450000585	22	F
938942133	450000585	29	F
938942132	450000585	24	F
938942131	450000585	18	F
938942130	450000585	19	F
938942129	450000585	19	F
938942128	450000585	22	F
938942127	450000585	19	F
938942126	450000585	19	F
938942125	450000585	19	F
938942124	450000585	22	F
938942123	450000585	19	F
938942122	450000585	18	F
938942121	450000585	20	F
938942120	450000585	23	F
938942119	450000585	21	F
938942118	450000585	19	F
938942117	450000585	19	F
938942116	450000585	18	F
938942115	450000585	18	F
938942114	450000585	19	F
938942113	450000585	20	F
938942112	450000585	23	F
938942111	450000585	20	F
938942110	450000585	23	F
938942109	450000585	21	F
938942108	450000585	21	F
938942107	450000585	22	F
938942106	450000585	23	F
938942105	450000585	22	F
938942104	450000585	26	F
938942103	450000585	20	F
938942102	450000585	19	F
938942101	450000585	24	F
938942100	450000585	19	F
938942099	450000585	18	F
938942098	450000585	18	F
938942097	450000585	22	F
938942096	450000585	21	F
938942095	450000585	18	F
938942094	450000585	21	F
938942093	450000585	18	F
938942092	450000585	20	F
938942091	450000585	19	F
938942090	450000585	23	F
938942089	450000585	18	F
938942088	450000585	19	F
938942087	450000585	19	F
938942086	450000585	19	F
938942085	450000585	23	F
938942084	450000585	22	F
938942083	450000585	22	F
938942082	450000585	24	F
938942081	450000585	19	F
938942080	450000585	23	F
938942079	450000585	22	F
938942078	450000585	22	F
938942077	450000585	19	F
938942076	450000585	21	F
938942075	450000585	19	F
938942074	450000585	18	F
938942073	450000585	19	F
938942072	450000585	18	F
938942071	450000585	20	F
938942070	450000585	22	F
938942069	450000585	18	F
938942068	450000585	19	F
938942067	450000585	18	F
938942066	450000585	21	F
938942065	450000585	20	F
938942064	450000585	21	F
938942063	450000585	19	F
938942062	450000585	21	F
938942061	450000585	20	F
938942060	450000585	19	F
938942059	450000585	22	F
938942058	450000585	19	F
938942057	450000585	19	F
938942056	450000585	20	F
938942055	450000585	20	F
938942054	450000585	20	F
938942053	450000585	21	F
938942052	450000585	18	F
938942051	450000585	19	F
938942050	450000585	18	F
938942049	450000585	19	F
938942048	450000585	24	F
938942047	450000585	19	F
938942046	450000585	19	F
938942045	450000585	19	F
938942044	450000585	20	F
938942043	450000585	24	F
938942042	450000585	23	F
938942041	450000585	19	F
938942040	450000585	23	F
938942039	450000585	18	F
938942038	450000585	20	F
938942037	450000585	19	F
938942036	450000585	24	F
938942035	450000585	18	F
938942034	450000585	18	F
938942033	450000585	21	F
938942032	450000585	19	F
938942031	450000585	19	F
938942030	450000585	20	F
938942029	450000585	24	F
938942028	450000585	20	F
938942027	450000585	19	F
938942026	450000585	24	F
938942025	450000585	19	F
938942024	450000585	19	F
938942023	450000585	18	F
938942022	450000585	20	F
938942021	450000585	18	F
938942020	450000585	18	F
938942019	450000585	19	F
938942018	450000585	21	F
938942017	450000585	19	F
938942016	450000585	18	F
938942015	450000585	18	F
938942014	450000585	22	F
938942013	450000585	19	F
938942012	450000585	19	F
938942011	450000585	18	F
938942010	450000585	19	F
938942009	450000585	19	F
938942008	450000585	23	F
938942007	450000585	19	F
938942006	450000585	18	F
938942005	450000585	19	F
938942004	450000585	22	F
938942003	450000585	19	F
938942002	450000585	19	F
938942001	450000585	18	F
938942000	450000585	23	F
938941999	450000585	21	F
938941998	450000585	18	F
938941997	450000585	18	F
938941996	450000585	18	F
938941995	450000585	19	F
938941994	450000585	19	F
938941993	450000585	18	F
938941992	450000585	18	F
938941991	450000585	19	F
938941990	450000585	31	F
938941989	450000585	20	F
938941988	450000585	18	F
938941987	450000585	19	F
938941986	450000585	19	F
938941985	450000585	18	F
938941984	450000585	24	F
938941983	450000585	22	F
938941982	450000585	18	F
938941981	450000585	18	F
938941980	450000585	18	F
938941979	450000585	20	F
938941978	450000585	23	F
938941977	450000585	19	F
938941976	450000585	19	F
938941975	450000585	23	F
938941974	450000585	19	F
938941973	450000585	19	F
938941972	450000585	19	F
938941971	450000585	19	F
938941970	450000585	33	F
938941969	450000585	21	F
938941968	450000585	18	F
938941967	450000585	20	F
938941966	450000585	18	F
938941965	450000585	19	F
938941964	450000585	19	F
938941963	450000585	23	F
938941962	450000585	20	F
938941961	450000585	20	F
938941960	450000585	19	F
938941959	450000585	18	F
938941958	450000585	21	F
938941957	450000585	18	F
938941956	450000585	22	F
938941955	450000585	21	F
938941954	450000585	19	F
938941953	450000585	22	F
938941952	450000585	19	F
938941951	450000585	19	F
938941950	450000585	19	F
938941949	450000585	18	F
938941948	450000585	19	F
938941947	450000585	19	F
938941946	450000585	21	F
938941945	450000585	21	F
938941944	450000585	37	F
938941943	450000585	26	F
938941942	450000585	22	F
938941941	450000585	23	F
938941940	450000585	20	F
938941939	450000585	18	F
938941938	450000585	19	F
938941937	450000585	28	F
938941936	450000585	21	F
938941935	450000585	18	F
938941934	450000585	19	F
938941933	450000585	19	F
938941932	450000585	31	F
938941931	450000585	24	F
938941930	450000585	19	F
938941929	450000585	20	F
938941928	450000585	19	F
938941927	450000585	24	F
938941926	450000585	19	F
938941925	450000585	21	F
938941924	450000585	18	F
938941923	450000585	19	F
938941922	450000585	20	F
938941921	450000585	19	F
938941920	450000585	22	F
938941919	450000585	19	F
938941918	450000585	21	F
938941917	450000585	23	F
938941916	450000585	18	F
938941915	450000585	24	F
938941914	450000585	19	F
938941913	450000585	19	F
938941912	450000585	19	F
938941911	450000585	23	F
938941910	450000585	18	F
938941909	450000585	19	F
938941908	450000585	22	F
938941907	450000585	22	F
938941906	450000585	24	F
938941905	450000585	24	F
938941904	450000585	19	F
938941903	450000585	21	F
938941902	450000585	20	F
938941901	450000585	21	F
938941900	450000585	19	F
938941899	450000585	19	F
938941898	450000585	19	F
938941897	450000585	18	F
938941896	450000585	18	F
938941895	450000585	19	F
938941894	450000585	18	F
938941893	450000585	19	F
938941892	450000585	23	F
938941891	450000585	18	F
938941890	450000585	22	F
938941889	450000585	22	F
938941888	450000585	21	F
938941887	450000585	19	F
938941886	450000585	19	F
938941885	450000585	24	F
938941884	450000585	20	F
938941883	450000585	18	F
938941882	450000585	19	F
938941881	450000585	21	F
938941880	450000585	21	F
938941879	450000585	19	F
938941878	450000585	18	F
938941877	450000585	23	F
938941876	450000585	19	F
938941875	450000585	18	F
938941874	450000585	23	F
938941873	450000585	18	F
938941872	450000585	19	F
938941871	450000585	18	F
938941870	450000585	19	F
938941869	450000585	19	F
938941868	450000585	20	F
938941867	450000585	22	F
938941866	450000585	19	F
938941865	450000585	19	F
938941864	450000585	22	F
938941863	450000585	22	F
938941862	450000585	22	F
938941861	450000585	18	F
938941860	450000585	19	F
938941859	450000585	22	F
938941858	450000585	22	F
938941857	450000585	19	F
938941856	450000585	18	F
938941855	450000585	18	F
938941854	450000585	18	F
938941853	450000585	19	F
938941852	450000585	19	F
938941851	450000585	22	F
938941850	450000585	20	F
938941849	450000585	20	F
938941848	450000585	19	F
938941847	450000585	20	F
938941846	450000585	21	F
938941845	450000585	20	F
938941844	450000585	18	F
938941843	450000585	20	F
938941842	450000585	21	F
938941841	450000585	22	F
938941840	450000585	19	F
938941839	450000585	22	F
938941838	450000585	18	F
938941837	450000585	20	F
938941836	450000585	24	F
938941835	450000585	19	F
938941834	450000585	19	F
938941833	450000585	18	F
938941832	450000585	27	F
938941831	450000585	18	F
938941830	450000585	18	F
938941829	450000585	19	F
938941828	450000585	19	F
938941827	450000585	19	F
938941826	450000585	19	F
938941825	450000585	18	F
938941824	450000585	19	F
938941823	450000585	22	F
938941822	450000585	19	F
938941821	450000585	18	F
938941820	450000585	19	F
938941819	450000585	22	F
938941818	450000585	21	F
938941817	450000585	19	F
938941816	450000585	19	F
938941815	450000585	21	F
938941814	450000585	19	F
938941813	450000585	19	F
938941812	450000585	19	F
938941811	450000585	19	F
938941810	450000585	20	F
938941809	450000585	19	F
938941808	450000585	19	F
938941807	450000585	21	F
938941806	450000585	21	F
938941805	450000585	24	F
938941804	450000585	23	F
938941803	450000585	22	F
938941802	450000585	19	F
938941801	450000585	21	F
938941800	450000585	19	F
938941799	450000585	23	F
938941798	450000585	21	F
938941797	450000585	21	F
938941796	450000585	22	F
938941795	450000585	18	F
938941794	450000585	21	F
938941793	450000585	20	F
938941792	450000585	20	F
938941791	450000585	19	F
938941790	450000585	20	F
938941789	450000585	23	F
938941788	450000585	24	F
938941787	450000585	20	F
938941786	450000585	18	F
938941785	450000585	21	F
938941784	450000585	18	F
938941783	450000585	18	F
938941782	450000585	22	F
938941781	450000585	23	F
938941780	450000585	22	F
938941779	450000585	19	F
938941778	450000585	18	F
938941777	450000585	22	F
938941776	450000585	18	F
938941775	450000585	19	F
938941774	450000585	19	F
938941773	450000585	18	F
938941772	450000585	19	F
938941771	450000585	22	F
938941770	450000585	18	F
938941769	450000585	18	F
938941768	450000585	22	F
938941767	450000585	18	F
938941766	450000585	18	F
938941765	450000585	18	F
938941764	450000585	19	F
938941763	450000585	22	F
938941762	450000585	18	F
938941761	450000585	21	F
938941760	450000585	19	F
938941759	450000585	22	F
938941758	450000585	20	F
938941757	450000585	19	F
938941756	450000585	28	F
938941755	450000585	19	F
938941754	450000585	19	F
938941753	450000585	21	F
938941752	450000585	19	F
938941751	450000585	19	F
938941750	450000585	19	F
938941749	450000585	19	F
938941748	450000585	19	F
938941747	450000585	21	F
938941746	450000585	18	F
938941745	450000585	23	F
938941744	450000585	19	F
938941743	450000585	18	F
938941742	450000585	19	F
938941741	450000585	19	F
938941740	450000585	26	F
938941739	450000585	18	F
938941738	450000585	18	F
938941737	450000585	18	F
938941736	450000585	20	F
938941735	450000585	20	F
938941734	450000585	19	F
938941733	450000585	20	F
938941732	450000585	19	F
938941731	450000585	19	F
938941730	450000585	21	F
938941729	450000585	19	F
938941728	450000585	20	F
938941727	450000585	19	F
938941726	450000585	18	F
938941725	450000585	20	F
938941724	450000585	19	F
938941723	450000585	20	F
938941722	450000585	24	F
938941721	450000585	23	F
938941720	450000585	23	F
938941719	450000585	21	F
938941718	450000585	22	F
938941717	450000585	24	F
938941716	450000585	19	F
938941715	450000585	20	F
938941714	450000585	23	F
938941713	450000585	22	F
938941712	450000585	20	F
938941711	450000585	20	F
938941710	450000585	21	F
938941709	450000585	20	F
938941708	450000585	18	F
938941707	450000585	17	F
938941706	450000585	16	F
938941705	450000585	17	F
938941704	450000585	17	F
938941703	450000585	17	F
938941702	450000585	17	F
938941701	450000585	17	F
938941700	450000585	17	F
938941699	450000585	22	M
938941698	450000585	18	M
938941697	450000585	19	M
938941696	450000585	19	M
938941695	450000585	22	M
938941694	450000585	21	M
938941693	450000585	18	M
938941692	450000585	24	M
938941691	450000585	19	M
938941690	450000585	21	M
938941689	450000585	20	M
938941688	450000585	22	M
938941687	450000585	18	M
938941686	450000585	23	M
938941685	450000585	21	M
938941684	450000585	19	M
938941683	450000585	19	M
938941682	450000585	19	M
938941681	450000585	19	M
938941680	450000585	19	M
938941679	450000585	19	M
938941678	450000585	18	M
938941677	450000585	19	M
938941676	450000585	20	M
938941675	450000585	18	M
938941674	450000585	21	M
938941673	450000585	19	M
938941672	450000585	19	M
938941671	450000585	19	M
938941670	450000585	19	M
938941669	450000585	19	M
938941667	450000585	18	M
938941666	450000585	22	M
938941665	450000585	21	M
938941664	450000585	29	M
938941663	450000585	22	M
938941662	450000585	19	M
938941661	450000585	19	M
938941660	450000585	19	M
938941659	450000585	27	M
938941658	450000585	20	M
938941657	450000585	22	M
938941656	450000585	19	M
938941655	450000585	22	M
938941654	450000585	22	M
938941653	450000585	21	M
938941652	450000585	24	M
938941651	450000585	19	M
938941650	450000585	21	M
938941649	450000585	24	M
938941648	450000585	20	M
938941647	450000585	20	M
938941646	450000585	20	M
938941645	450000585	18	M
938941644	450000585	20	M
938941643	450000585	18	M
938941642	450000585	21	M
938941641	450000585	21	M
938941640	450000585	21	M
938941639	450000585	22	M
938941638	450000585	18	M
938941637	450000585	20	M
938941636	450000585	18	M
938941635	450000585	21	M
938941634	450000585	23	M
938941633	450000585	19	M
938941632	450000585	19	M
938941631	450000585	20	M
938941630	450000585	19	M
938941629	450000585	24	M
938941628	450000585	18	M
938941627	450000585	19	M
938941626	450000585	23	M
938941625	450000585	18	M
938941624	450000585	20	M
938941623	450000585	19	M
938941622	450000585	19	M
938941621	450000585	21	M
938941620	450000585	20	M
938941619	450000585	19	M
938941618	450000585	20	M
938941617	450000585	20	M
938941616	450000585	18	M
938941615	450000585	22	M
938941614	450000585	18	M
938941613	450000585	18	M
938941612	450000585	24	M
938941611	450000585	19	M
938941610	450000585	18	M
938941609	450000585	21	M
938941608	450000585	23	M
938941607	450000585	19	M
938941606	450000585	19	M
938941605	450000585	18	M
938941604	450000585	18	M
938941603	450000585	20	M
938941602	450000585	19	M
938941601	450000585	19	M
938941600	450000585	19	M
938941599	450000585	23	M
938941598	450000585	24	M
938941597	450000585	18	M
938941596	450000585	22	M
938941595	450000585	22	M
938941594	450000585	18	M
938941593	450000585	19	M
938941592	450000585	22	M
938941591	450000585	18	M
938941590	450000585	19	M
938941589	450000585	21	M
938941588	450000585	21	M
938941587	450000585	19	M
938941586	450000585	19	M
938941585	450000585	18	M
938941584	450000585	22	M
938941583	450000585	20	M
938941582	450000585	22	M
938941581	450000585	22	M
938941580	450000585	18	M
938941579	450000585	21	M
938941578	450000585	19	M
938941577	450000585	20	M
938941576	450000585	21	M
938941575	450000585	19	M
938941574	450000585	19	M
938941573	450000585	19	M
938941572	450000585	18	M
938941571	450000585	21	M
938941570	450000585	18	M
938941569	450000585	22	M
938941568	450000585	19	M
938941567	450000585	19	M
938941566	450000585	19	M
938941565	450000585	19	M
938941564	450000585	18	M
938941563	450000585	19	M
938941562	450000585	24	M
938941561	450000585	23	M
938941560	450000585	23	M
938941559	450000585	22	M
938941558	450000585	18	M
938941557	450000585	18	M
938941556	450000585	19	M
938941555	450000585	19	M
938941554	450000585	19	M
938941553	450000585	18	M
938941552	450000585	24	M
938941551	450000585	18	M
938941550	450000585	19	M
938941549	450000585	19	M
938941548	450000585	22	M
938941547	450000585	19	M
938941546	450000585	19	M
938941545	450000585	19	M
938941544	450000585	21	M
938941543	450000585	23	M
938941542	450000585	19	M
938941541	450000585	22	M
938941540	450000585	18	M
938941539	450000585	21	M
938941538	450000585	18	M
938941537	450000585	22	M
938941536	450000585	22	M
938941535	450000585	49	M
938941534	450000585	19	M
938941533	450000585	22	M
938941532	450000585	19	M
938941531	450000585	18	M
938941530	450000585	20	M
938941529	450000585	19	M
938941528	450000585	18	M
938941527	450000585	18	M
938941526	450000585	24	M
938941525	450000585	18	M
938941524	450000585	19	M
938941523	450000585	18	M
938941522	450000585	19	M
938941521	450000585	24	M
938941520	450000585	23	M
938941519	450000585	22	M
938941518	450000585	23	M
938941517	450000585	19	M
938941516	450000585	22	M
938941515	450000585	18	M
938941514	450000585	21	M
938941513	450000585	19	M
938941512	450000585	19	M
938941511	450000585	19	M
938941510	450000585	22	M
938941509	450000585	19	M
938941508	450000585	20	M
938941507	450000585	19	M
938941506	450000585	19	M
938941505	450000585	18	M
938941504	450000585	19	M
938941503	450000585	18	M
938941502	450000585	18	M
938941501	450000585	22	M
938941500	450000585	19	M
938941499	450000585	18	M
938941498	450000585	20	M
938941497	450000585	25	M
938941496	450000585	22	M
938941495	450000585	26	M
938941494	450000585	18	M
938941493	450000585	19	M
938941492	450000585	20	M
938941491	450000585	22	M
938941490	450000585	22	M
938941489	450000585	19	M
938941488	450000585	19	M
938941487	450000585	22	M
938941486	450000585	18	M
938941485	450000585	22	M
938941484	450000585	20	M
938941483	450000585	18	M
938941482	450000585	20	M
938941481	450000585	21	M
938941480	450000585	23	M
938941479	450000585	18	M
938941478	450000585	19	M
938941477	450000585	19	M
938941476	450000585	20	M
938941475	450000585	19	M
938941474	450000585	19	M
938941473	450000585	23	M
938941472	450000585	18	M
938941471	450000585	23	M
938941470	450000585	42	M
938941469	450000585	19	M
938941468	450000585	22	M
938941467	450000585	22	M
938941466	450000585	19	M
938941465	450000585	22	M
938941464	450000585	22	M
938941463	450000585	22	M
938941462	450000585	18	M
938941461	450000585	24	M
938941460	450000585	18	M
938941459	450000585	20	M
938941458	450000585	20	M
938941457	450000585	20	M
938941456	450000585	19	M
938941455	450000585	19	M
938941454	450000585	22	M
938941453	450000585	19	M
938941452	450000585	19	M
938941451	450000585	20	M
938941450	450000585	19	M
938941449	450000585	22	M
938941448	450000585	23	M
938941447	450000585	18	M
938941446	450000585	33	M
938941445	450000585	19	M
938941444	450000585	21	M
938941443	450000585	23	M
938941442	450000585	18	M
938941441	450000585	18	M
938941440	450000585	21	M
938941439	450000585	20	M
938941438	450000585	23	M
938941437	450000585	19	M
938941436	450000585	19	M
938941435	450000585	18	M
938941434	450000585	18	M
938941433	450000585	24	M
938941432	450000585	18	M
938941431	450000585	19	M
938941430	450000585	20	M
938941429	450000585	22	M
938941428	450000585	20	M
938941427	450000585	19	M
938941426	450000585	19	M
938941425	450000585	18	M
938941424	450000585	30	M
938941423	450000585	21	M
938941422	450000585	19	M
938941421	450000585	21	M
938941420	450000585	19	M
938941419	450000585	20	M
938941418	450000585	22	M
938941417	450000585	21	M
938941416	450000585	19	M
938941415	450000585	22	M
938941414	450000585	21	M
938941413	450000585	18	M
938941412	450000585	19	M
938941411	450000585	20	M
938941410	450000585	19	M
938941409	450000585	18	M
938941408	450000585	18	M
938941407	450000585	23	M
938941406	450000585	20	M
938941405	450000585	19	M
938941404	450000585	18	M
938941403	450000585	24	M
938941402	450000585	21	M
938941401	450000585	21	M
938941400	450000585	23	M
938941399	450000585	18	M
938941398	450000585	25	M
938941397	450000585	22	M
938941396	450000585	19	M
938941395	450000585	23	M
938941394	450000585	24	M
938941393	450000585	21	M
938941392	450000585	22	M
938941391	450000585	21	M
938941390	450000585	18	M
938941389	450000585	22	M
938941388	450000585	19	M
938941387	450000585	19	M
938941386	450000585	18	M
938941385	450000585	18	M
938941384	450000585	19	M
938941383	450000585	19	M
938941382	450000585	23	M
938941381	450000585	19	M
938941380	450000585	22	M
938941379	450000585	19	M
938941378	450000585	46	M
938941377	450000585	21	M
938941376	450000585	18	M
938941375	450000585	18	M
938941374	450000585	20	M
938941373	450000585	21	M
938941372	450000585	19	M
938941371	450000585	19	M
938941370	450000585	21	M
938941369	450000585	19	M
938941368	450000585	18	M
938941367	450000585	20	M
938941366	450000585	18	M
938941365	450000585	23	M
938941364	450000585	19	M
938941363	450000585	24	M
938941362	450000585	21	M
938941361	450000585	23	M
938941360	450000585	18	M
938941359	450000585	30	M
938941358	450000585	19	M
938941357	450000585	19	M
938941356	450000585	19	M
938941355	450000585	23	M
938941354	450000585	20	M
938941353	450000585	19	M
938941352	450000585	18	M
938941351	450000585	24	M
938941350	450000585	22	M
938941349	450000585	19	M
938941348	450000585	21	M
938941347	450000585	19	M
938941346	450000585	19	M
938941345	450000585	18	M
938941344	450000585	21	M
938941343	450000585	24	M
938941342	450000585	19	M
938941341	450000585	23	M
938941340	450000585	20	M
938941339	450000585	24	M
938941338	450000585	22	M
938941337	450000585	19	M
938941336	450000585	19	M
938941335	450000585	23	M
938941334	450000585	24	M
938941333	450000585	18	M
938941332	450000585	20	M
938941331	450000585	23	M
938941330	450000585	19	M
938941329	450000585	50	M
938941328	450000585	20	M
938941327	450000585	21	M
938941326	450000585	21	M
938941325	450000585	21	M
938941324	450000585	19	M
938941323	450000585	19	M
938941322	450000585	19	M
938941321	450000585	21	M
938941320	450000585	19	M
938941319	450000585	21	M
938941318	450000585	20	M
938941317	450000585	19	M
938941316	450000585	19	M
938941315	450000585	18	M
938941314	450000585	19	M
938941313	450000585	18	M
938941312	450000585	24	M
938941311	450000585	18	M
938941310	450000585	19	M
938941309	450000585	18	M
938941308	450000585	23	M
938941307	450000585	24	M
938941306	450000585	23	M
938941305	450000585	26	M
938941304	450000585	19	M
938941303	450000585	19	M
938941302	450000585	19	M
938941301	450000585	19	M
938941300	450000585	24	M
938941299	450000585	19	M
938941298	450000585	18	M
938941297	450000585	22	M
938941296	450000585	21	M
938941295	450000585	20	M
938941294	450000585	18	M
938941293	450000585	19	M
938941292	450000585	19	M
938941291	450000585	22	M
938941290	450000585	19	M
938941289	450000585	20	M
938941288	450000585	20	M
938941287	450000585	18	M
938941286	450000585	19	M
938941285	450000585	26	M
938941284	450000585	20	M
938941283	450000585	18	M
938941282	450000585	21	M
938941281	450000585	20	M
938941280	450000585	19	M
938941279	450000585	24	M
938941278	450000585	18	M
938941277	450000585	19	M
938941276	450000585	20	M
938941275	450000585	21	M
938941274	450000585	18	M
938941273	450000585	19	M
938941272	450000585	23	M
938941271	450000585	23	M
938941270	450000585	19	M
938941269	450000585	18	M
938941268	450000585	18	M
938941267	450000585	19	M
938941266	450000585	19	M
938941265	450000585	20	M
938941264	450000585	19	M
938941263	450000585	25	M
938941262	450000585	19	M
938941261	450000585	20	M
938941260	450000585	19	M
938941259	450000585	18	M
938941258	450000585	24	M
938941257	450000585	20	M
938941256	450000585	19	M
938941255	450000585	19	M
938941254	450000585	19	M
938941253	450000585	18	M
938941252	450000585	23	M
938941251	450000585	19	M
938941250	450000585	19	M
938941249	450000585	19	M
938941248	450000585	19	M
938941247	450000585	18	M
938941246	450000585	21	M
938941245	450000585	24	M
938941244	450000585	23	M
938941243	450000585	18	M
938941242	450000585	19	M
938941241	450000585	18	M
938941240	450000585	18	M
938941239	450000585	21	M
938941238	450000585	19	M
938941237	450000585	18	M
938941236	450000585	18	M
938941235	450000585	21	M
938941234	450000585	18	M
938941233	450000585	18	M
938941232	450000585	21	M
938941231	450000585	18	M
938941230	450000585	22	M
938941229	450000585	21	M
938941228	450000585	19	M
938941227	450000585	24	M
938941226	450000585	21	M
938941225	450000585	18	M
938941224	450000585	22	M
938941223	450000585	19	M
938941222	450000585	20	M
938941221	450000585	24	M
938941220	450000585	22	M
938941219	450000585	28	M
938941218	450000585	22	M
938941217	450000585	18	M
938941216	450000585	21	M
938941215	450000585	19	M
938941214	450000585	21	M
938941213	450000585	21	M
938941212	450000585	22	M
938941211	450000585	21	M
938941210	450000585	19	M
938941209	450000585	19	M
938941208	450000585	20	M
938941207	450000585	18	M
938941206	450000585	19	M
938941205	450000585	23	M
938941204	450000585	22	M
938941203	450000585	23	M
938941202	450000585	18	M
938941201	450000585	19	M
938941200	450000585	24	M
938941199	450000585	23	M
938941198	450000585	18	M
938941197	450000585	21	M
938941196	450000585	22	M
938941195	450000585	18	M
938941194	450000585	33	M
938941193	450000585	19	M
938941192	450000585	19	M
938941191	450000585	23	M
938941190	450000585	19	M
938941189	450000585	23	M
938941188	450000585	18	M
938941187	450000585	22	M
938941186	450000585	21	M
938941185	450000585	24	M
938941184	450000585	23	M
938941183	450000585	19	M
938941182	450000585	21	M
938941181	450000585	24	M
938941180	450000585	18	M
938941179	450000585	20	M
938941178	450000585	20	M
938941177	450000585	19	M
938941176	450000585	18	M
938941175	450000585	19	M
938941174	450000585	21	M
938941173	450000585	20	M
938941172	450000585	18	M
938941171	450000585	18	M
938941170	450000585	19	M
938941169	450000585	21	M
938941168	450000585	21	M
938941167	450000585	19	M
938941166	450000585	22	M
938941165	450000585	19	M
938941164	450000585	27	M
938941163	450000585	22	M
938941162	450000585	19	M
938941161	450000585	19	M
938941160	450000585	19	M
938941159	450000585	20	M
938941158	450000585	23	M
938941157	450000585	22	M
938941156	450000585	21	M
938941155	450000585	19	M
938941154	450000585	22	M
938941153	450000585	21	M
938941152	450000585	22	M
938941151	450000585	21	M
938941150	450000585	21	M
938941149	450000585	20	M
938941148	450000585	18	M
938941147	450000585	24	M
938941146	450000585	20	M
938941145	450000585	19	M
938941144	450000585	19	M
938941143	450000585	19	M
938941142	450000585	22	M
938941141	450000585	22	M
938941140	450000585	28	M
938941139	450000585	22	M
938941138	450000585	19	M
938941137	450000585	18	M
938941136	450000585	19	M
938941135	450000585	21	M
938941134	450000585	22	M
938941133	450000585	24	M
938941132	450000585	18	M
938941131	450000585	18	M
938941130	450000585	24	M
938941129	450000585	19	M
938941128	450000585	19	M
938941127	450000585	21	M
938941126	450000585	19	M
938941125	450000585	18	M
938941124	450000585	22	M
938941123	450000585	20	M
938941122	450000585	23	M
938941121	450000585	21	M
938941120	450000585	20	M
938941119	450000585	19	M
938941118	450000585	18	M
938941117	450000585	19	M
938941116	450000585	18	M
938941115	450000585	19	M
938941114	450000585	19	M
938941113	450000585	22	M
938941112	450000585	18	M
938941111	450000585	19	M
938941110	450000585	21	M
938941109	450000585	24	M
938941108	450000585	21	M
938941107	450000585	19	M
938941106	450000585	21	M
938941105	450000585	18	M
938941104	450000585	18	M
938941103	450000585	19	M
938941102	450000585	23	M
938941101	450000585	22	M
938941100	450000585	21	M
938941099	450000585	20	M
938941098	450000585	19	M
938941097	450000585	21	M
938941096	450000585	19	M
938941095	450000585	19	M
938941094	450000585	18	M
938941093	450000585	20	M
938941092	450000585	20	M
938941091	450000585	18	M
938941090	450000585	18	M
938941089	450000585	18	M
938941088	450000585	20	M
938941087	450000585	19	M
938941086	450000585	18	M
938941085	450000585	19	M
938941084	450000585	19	M
938941083	450000585	21	M
938941082	450000585	19	M
938941081	450000585	22	M
938941080	450000585	19	M
938941079	450000585	19	M
938941078	450000585	19	M
938941077	450000585	18	M
938941076	450000585	23	M
938941075	450000585	19	M
938941074	450000585	20	M
938941073	450000585	24	M
938941072	450000585	21	M
938941071	450000585	24	M
938941070	450000585	18	M
938941069	450000585	22	M
938941068	450000585	20	M
938941067	450000585	18	M
938941066	450000585	21	M
938941065	450000585	22	M
938941064	450000585	19	M
938941063	450000585	19	M
938941062	450000585	21	M
938941061	450000585	18	M
938941060	450000585	22	M
938941059	450000585	19	M
938941058	450000585	19	M
938941057	450000585	22	M
938941056	450000585	24	M
938941055	450000585	21	M
938941054	450000585	20	M
938941053	450000585	18	M
938941052	450000585	18	M
938941051	450000585	18	M
938941050	450000585	22	M
938941049	450000585	22	M
938941048	450000585	19	M
938941047	450000585	19	M
938941046	450000585	19	M
938941045	450000585	27	M
938941044	450000585	19	M
938941043	450000585	20	M
938941042	450000585	22	M
938941041	450000585	18	M
938941040	450000585	21	M
938941039	450000585	20	M
938941038	450000585	20	M
938941037	450000585	18	M
938941036	450000585	19	M
938941035	450000585	23	M
938941034	450000585	19	M
938941033	450000585	22	M
938941032	450000585	21	M
938941031	450000585	18	M
938941030	450000585	19	M
938941029	450000585	22	M
938941028	450000585	22	M
938941027	450000585	18	M
938941026	450000585	19	M
938941025	450000585	22	M
938941024	450000585	32	M
938941023	450000585	20	M
938941022	450000585	18	M
938941021	450000585	19	M
938941020	450000585	19	M
938941019	450000585	19	M
938941018	450000585	19	M
938941017	450000585	23	M
938941016	450000585	20	M
938941015	450000585	22	M
938941014	450000585	23	M
938941013	450000585	24	M
938941012	450000585	19	M
938941011	450000585	19	M
938941010	450000585	19	M
938941009	450000585	18	M
938941008	450000585	18	M
938941007	450000585	19	M
938941006	450000585	22	M
938941005	450000585	23	M
938941004	450000585	23	M
938941003	450000585	20	M
938941002	450000585	19	M
938941001	450000585	20	M
938941000	450000585	24	M
938940999	450000585	23	M
938940998	450000585	18	M
938940997	450000585	19	M
938940996	450000585	18	M
938940995	450000585	20	M
938940994	450000585	18	M
938940993	450000585	23	M
938940992	450000585	23	M
938940991	450000585	19	M
938940990	450000585	18	M
938940989	450000585	24	M
938940988	450000585	19	M
938940987	450000585	20	M
938940986	450000585	22	M
938940985	450000585	18	M
938940984	450000585	19	M
938940983	450000585	19	M
938940982	450000585	22	M
938940981	450000585	20	M
938940980	450000585	18	M
938940979	450000585	19	M
938940978	450000585	22	M
938940977	450000585	19	M
938940976	450000585	20	M
938940975	450000585	19	M
938940974	450000585	20	M
938940973	450000585	22	M
938940972	450000585	21	M
938940971	450000585	19	M
938940970	450000585	18	M
938940969	450000585	18	M
938940968	450000585	18	M
938940967	450000585	18	M
938940966	450000585	24	M
938940965	450000585	22	M
938940964	450000585	18	M
938940963	450000585	21	M
938940962	450000585	18	M
938940961	450000585	20	M
938940960	450000585	19	M
938940959	450000585	19	M
938940958	450000585	22	M
938940957	450000585	21	M
938940956	450000585	18	M
938940955	450000585	18	M
938940954	450000585	19	M
938940953	450000585	20	M
938940952	450000585	24	M
938940951	450000585	18	M
938940950	450000585	22	M
938940949	450000585	21	M
938940948	450000585	19	M
938940947	450000585	19	M
938940946	450000585	19	M
938940945	450000585	20	M
938940944	450000585	19	M
938940943	450000585	19	M
938940942	450000585	23	M
938940941	450000585	19	M
938940940	450000585	20	M
938940939	450000585	19	M
938940938	450000585	23	M
938940937	450000585	22	M
938940936	450000585	18	M
938940935	450000585	20	M
938940934	450000585	20	M
938940933	450000585	20	M
938940932	450000585	19	M
938940931	450000585	21	M
938940930	450000585	24	M
938940929	450000585	19	M
938940928	450000585	22	M
938940927	450000585	18	M
938940926	450000585	18	M
938940925	450000585	18	M
938940924	450000585	23	M
938940923	450000585	23	M
938940922	450000585	22	M
938940921	450000585	21	M
938940920	450000585	20	M
938940919	450000585	34	M
938940918	450000585	21	M
938940917	450000585	18	M
938940916	450000585	19	M
938940915	450000585	19	M
938940914	450000585	29	M
938940913	450000585	22	M
938940912	450000585	23	M
938940911	450000585	20	M
938940910	450000585	18	M
938940909	450000585	23	M
938940908	450000585	19	M
938940907	450000585	19	M
938940906	450000585	20	M
938940905	450000585	19	M
938940904	450000585	19	M
938940903	450000585	23	M
938940902	450000585	22	M
938940901	450000585	21	M
938940900	450000585	22	M
938940899	450000585	20	M
938940898	450000585	18	M
938940897	450000585	21	M
938940896	450000585	18	M
938940895	450000585	20	M
938940894	450000585	24	M
938940893	450000585	21	M
938940892	450000585	19	M
938940891	450000585	23	M
938940890	450000585	18	M
938940889	450000585	19	M
938940888	450000585	21	M
938940887	450000585	18	M
938940886	450000585	18	M
938940885	450000585	22	M
938940884	450000585	18	M
938940883	450000585	22	M
938940882	450000585	22	M
938940881	450000585	23	M
938940880	450000585	20	M
938940879	450000585	19	M
938940878	450000585	20	M
938940877	450000585	19	M
938940876	450000585	21	M
938940875	450000585	18	M
938940874	450000585	18	M
938940873	450000585	21	M
938940872	450000585	19	M
938940871	450000585	21	M
938940870	450000585	21	M
938940869	450000585	19	M
938940868	450000585	24	M
938940867	450000585	19	M
938940866	450000585	19	M
938940865	450000585	19	M
938940864	450000585	18	M
938940863	450000585	19	M
938940862	450000585	19	M
938940861	450000585	18	M
938940860	450000585	22	M
938940859	450000585	19	M
938940858	450000585	23	M
938940857	450000585	18	M
938940856	450000585	19	M
938940855	450000585	31	M
938940854	450000585	18	M
938940853	450000585	24	M
938940852	450000585	19	M
938940851	450000585	18	M
938940850	450000585	19	M
938940849	450000585	19	M
938940848	450000585	18	M
938940847	450000585	19	M
938940846	450000585	19	M
938940845	450000585	20	M
938940844	450000585	21	M
938940843	450000585	20	M
938940842	450000585	20	M
938940841	450000585	19	M
938940840	450000585	20	M
938940839	450000585	19	M
938940838	450000585	20	M
938940837	450000585	25	M
938940836	450000585	21	M
938940835	450000585	18	M
938940834	450000585	23	M
938940833	450000585	19	M
938940832	450000585	20	M
938940831	450000585	19	M
938940830	450000585	20	M
938940829	450000585	19	M
938940828	450000585	22	M
938940827	450000585	19	M
938940826	450000585	20	M
938940825	450000585	23	M
938940824	450000585	22	M
938940823	450000585	21	M
938940822	450000585	18	M
938940821	450000585	18	M
938940820	450000585	19	M
938940819	450000585	20	M
938940818	450000585	21	M
938940817	450000585	21	M
938940816	450000585	21	M
938940815	450000585	19	M
938940814	450000585	19	M
938940813	450000585	19	M
938940812	450000585	18	M
938940811	450000585	19	M
938940810	450000585	19	M
938940809	450000585	19	M
938940808	450000585	19	M
938940807	450000585	19	M
938940806	450000585	23	M
938940805	450000585	19	M
938940804	450000585	19	M
938940803	450000585	19	M
938940802	450000585	19	M
938940801	450000585	19	M
938940800	450000585	20	M
938940799	450000585	21	M
938940798	450000585	21	M
938940797	450000585	22	M
938940796	450000585	21	M
938940795	450000585	23	M
938940794	450000585	18	M
938940793	450000585	18	M
938940792	450000585	20	M
938940791	450000585	19	M
938940790	450000585	22	M
938940789	450000585	19	M
938940788	450000585	19	M
938940787	450000585	19	M
938940786	450000585	22	M
938940785	450000585	24	M
938940784	450000585	19	M
938940783	450000585	24	M
938940782	450000585	22	M
938940781	450000585	19	M
938940780	450000585	19	M
938940779	450000585	18	M
938940778	450000585	19	M
938940777	450000585	23	M
938940776	450000585	18	M
938940775	450000585	18	M
938940774	450000585	22	M
938940773	450000585	19	M
938940772	450000585	19	M
938940771	450000585	23	M
938940770	450000585	19	M
938940769	450000585	22	M
938940768	450000585	19	M
938940767	450000585	22	M
938940766	450000585	18	M
938940765	450000585	23	M
938940764	450000585	22	M
938940763	450000585	22	M
938940762	450000585	20	M
938940761	450000585	26	M
938940760	450000585	18	M
938940759	450000585	22	M
938940758	450000585	19	M
938940757	450000585	21	M
938940756	450000585	21	M
938940755	450000585	23	M
938940754	450000585	18	M
938940753	450000585	19	M
938940752	450000585	20	M
938940751	450000585	19	M
938940750	450000585	18	M
938940749	450000585	18	M
938940748	450000585	21	M
938940747	450000585	19	M
938940746	450000585	22	M
938940745	450000585	20	M
938940744	450000585	19	M
938940743	450000585	19	M
938940742	450000585	19	M
938940741	450000585	24	M
938940740	450000585	18	M
938940739	450000585	22	M
938940738	450000585	22	M
938940737	450000585	23	M
938940736	450000585	18	M
938940735	450000585	22	M
938940734	450000585	23	M
938940733	450000585	22	M
938940732	450000585	23	M
938940731	450000585	18	M
938940730	450000585	18	M
938940729	450000585	23	M
938940728	450000585	19	M
938940727	450000585	19	M
938940726	450000585	19	M
938940725	450000585	21	M
938940724	450000585	19	M
938940723	450000585	20	M
938940722	450000585	23	M
938940721	450000585	21	M
938940720	450000585	21	M
938940719	450000585	27	M
938940718	450000585	19	M
938940717	450000585	20	M
938940716	450000585	22	M
938940715	450000585	18	M
938940714	450000585	19	M
938940713	450000585	19	M
938940712	450000585	19	M
938940711	450000585	19	M
938940710	450000585	18	M
938940709	450000585	19	M
938940708	450000585	19	M
938940707	450000585	19	M
938940706	450000585	19	M
938940705	450000585	17	M
938940704	450000585	17	M
938940703	450000585	17	M
938940702	450000585	17	M
938940701	450000585	17	M
939897596	450037476	77	F
939897594	450037476	82	F
939897593	450037476	77	F
939897592	450037476	76	F
939897591	450037476	78	F
939351108	450037476	58	F
939897597	450037476	89	F
939897595	450037476	84	F
940358494	450037476	59	M
940358493	450037476	53	M
940625696	450037476	104	M
940625697	450037476	92	M
940625698	450037476	88	M
940625699	450037476	93	M
940625700	450037476	65	M
939897590	450037476	87	F
939897589	450037476	81	F
939897588	450037476	87	F
939897587	450037476	87	F
939897586	450037476	76	F
939897585	450037476	95	F
939897584	450037476	80	F
939897583	450037476	83	F
939897582	450037476	88	F
939897581	450037476	105	F
939897580	450037476	86	F
939897579	450037476	73	F
940625713	450037476	67	M
940625714	450037476	79	M
940625715	450037476	90	M
940625716	450037476	85	M
940625717	450037476	72	M
940625701	450037476	67	M
940625702	450037476	82	M
940625703	450037476	90	M
940625704	450037476	66	M
940625705	450037476	71	M
940625706	450037476	81	M
940625707	450037476	71	M
940625708	450037476	85	M
940625709	450037476	81	M
940625710	450037476	88	M
940625711	450037476	75	M
940625712	450037476	89	M
940358496	450037476	40	M
940358495	450037476	51	M
939897617	450037476	85	F
939897616	450037476	95	F
939897615	450037476	86	F
939897614	450037476	70	F
939897613	450037476	76	F
939897612	450037476	83	F
939897611	450037476	77	F
939897610	450037476	75	F
939897609	450037476	88	F
939897608	450037476	99	F
939897607	450037476	88	F
939897606	450037476	82	F
939897605	450037476	78	F
939897604	450037476	76	F
939897603	450037476	79	F
939897602	450037476	77	F
939897601	450037476	77	F
939897600	450037476	87	F
939897599	450037476	85	F
939897598	450037476	82	F
939351104	450037476	42	F
939351105	450037476	60	F
939351106	450037476	21	F
939351107	450037476	58	F
