sp_id	latitude	longitude
517412563	41.3091234	-105.5643806
517415467	41.1366634	-104.8156508
517412998	41.3250334	-105.5509606
517411597	41.3091234	-105.5908806
503011772	39.5951726	-104.8904229
517413298	41.2906594	-105.5314046
517396588	41.2259439	-111.9667792
517419832	41.4171634	-105.6031105
517412313	41.3222694	-105.5673126
503211396	39.9090686	-104.9966199
517411830	41.3129134	-105.6311405
517412553	41.2974334	-105.5378806
517412063	41.3141234	-105.5949506
517433379	42.0461613	-104.9581036
517412971	41.3236134	-105.5905206
517411813	41.2989134	-105.5954806
517412811	41.3276734	-105.5727906
503014353	39.6054836	-104.8960609
517411613	41.3030234	-105.5948206
517411171	41.3112444	-105.5960466
517412615	41.3060034	-105.5681106
517416052	41.1516194	-104.8092928
517411527	41.2974034	-105.6257606
517418045	41.0880824	-104.4656349
517412751	41.3131634	-105.5534306
517412301	41.3169154	-105.5862976
517415314	41.1354534	-104.8177308
517412616	41.3047634	-105.5786106
517411842	41.3106234	-105.5919206
517411580	41.3125134	-105.6297206
517412162	41.3091964	-105.5763166
517414287	41.1387234	-104.8198908
517417459	41.1381334	-104.7860108
503264772	40.5566335	-105.0936308
517411575	41.3058434	-105.6149906
517414747	41.1782434	-104.8302908
517417965	41.1788234	-104.7839808
517411952	41.3131334	-105.5937406
517412466	41.2762034	-105.5789806
517412182	41.3061184	-105.5704116
517418016	41.1672834	-104.7863808
517412913	41.3255034	-105.5903206
517412539	41.2986434	-105.5776706
517412264	41.3178894	-105.5807946
517412889	41.3279134	-105.5663006
517411936	41.3153934	-105.5909706
517417114	41.1628976	-104.7853689
517412774	41.3200134	-105.5810306
517411715	41.1511535	-105.9818705
517412887	41.3238134	-105.5621706
517412351	41.3101334	-105.5828406
517413299	41.2906594	-105.5314046
502812929	39.0901339	-108.6043102
517411582	41.2942734	-105.5923906
517412544	41.3050934	-105.5859306
517412118	41.2848244	-105.5853866
517416063	41.1364744	-104.8051108
517411524	41.3108434	-105.5941506
517412100	41.3104944	-105.5871226
517419228	41.1717233	-104.0560709
517412094	41.3061214	-105.5682356
517412397	41.3086234	-105.5822606
517420222	41.7866335	-107.2495251
517412633	41.3093934	-105.5579306
517412006	41.3268834	-105.6118206
516809628	36.8092926	-75.9871191
517411319	41.3957554	-105.8799215
517413004	41.3295834	-105.5807706
517412528	41.3052734	-105.5712406
517412453	41.3102234	-105.5666306
517416938	41.1598634	-104.8007308
517432752	42.3284082	-104.7221076
517416551	41.1398034	-104.8013608
517411982	41.3137234	-105.5949906
517411334	41.3053354	-105.5942776
517414816	41.1813934	-104.8279208
517417890	41.1882234	-104.7855308
517416397	41.1355834	-104.8005208
517412726	41.3103534	-105.5556306
503221385	39.7974236	-104.9196809
517412749	41.3222434	-105.5502806
517416855	41.1589034	-104.8061108
513005174	35.4817568	-97.6190051
517414006	41.2859834	-105.5249206
517412966	41.3259834	-105.5721806
517412203	41.3093204	-105.5621506
517412644	41.3077834	-105.5756906
517433251	42.0486733	-104.9557316
517412783	41.3291834	-105.5762606
517411806	41.3097234	-105.5927906
517414026	41.3811534	-105.5029806
515938930	32.7029643	-96.8772935
517419184	41.1831333	-104.0665909
503239380	40.6104133	-103.2215712
517419021	41.1832534	-104.4962508
517416663	41.1242334	-104.8093908
503244090	40.4008135	-104.7300709
517419847	41.8986333	-105.2812806
503252843	40.5318335	-105.0299208
503263057	40.5485835	-105.0790808
517416285	41.1425543	-104.7973785
517411157	41.3180554	-105.6347765
517396181	41.2256359	-111.9676002
517414752	41.1976834	-104.8245908
517412851	41.3309634	-105.5730906
517413770	41.1729134	-105.0453807
517412492	41.3071734	-105.5864806
517416955	41.1597334	-104.8026108
517412620	41.3055134	-105.5715306
517411757	41.3252334	-105.6185806
517411285	41.2313895	-106.0872305
517418028	41.1615834	-104.7946008
517412892	41.3214734	-105.5550706
517413987	41.3013234	-105.5331306
517412895	41.3265934	-105.5898906
517411264	41.3066364	-105.6292456
517412842	41.3228834	-105.5414206
517411948	41.3144934	-105.5916706
517416570	41.1379834	-104.8109208
517412710	41.3068034	-105.5614906
517411897	41.4029534	-105.8177505
517412125	41.3085494	-105.5546226
517411840	41.3098634	-105.6227606
517412462	41.3005134	-105.5677306
517412113	41.3088974	-105.5557006
513004645	35.4795638	-97.6273731
503263504	40.5535885	-105.0860908
517504190	42.8416733	-106.3727102
517411146	41.1941815	-106.0860845
517412442	41.2970934	-105.5746506
517411932	41.3172134	-105.5897606
517413089	41.3231734	-105.5502806
503257921	40.5487535	-105.0637108
517411519	41.3106634	-105.5945506
517411364	41.3279654	-105.5917006
517412827	41.3293334	-105.5854406
517412833	41.3279834	-105.5762306
517417446	41.1388834	-104.7870708
513003596	35.4925338	-97.6353031
517413996	41.2905134	-105.5345206
517419240	41.5045554	-105.7458055
517412854	41.3296834	-105.5743606
517412941	41.3281334	-105.5657506
517412393	41.2978334	-105.5645406
517411697	41.3106234	-105.6234806
517411608	41.2907934	-105.5896506
517411353	41.3162824	-105.5917646
517412086	41.3142234	-105.5928506
517412655	41.3088734	-105.5664506
517411508	41.3007334	-105.6330906
517411556	41.3042534	-105.5946106
517411267	41.3005834	-105.5961136
517397563	41.2202839	-111.9623592
517411449	41.2917934	-105.5911906
517412140	41.3090174	-105.5581266
517412950	41.3304834	-105.5720406
517412137	41.3066404	-105.5524346
517412893	41.3139334	-105.5910206
517417075	41.1384014	-104.7939818
517413266	41.1678154	-104.8417818
517418621	41.1442534	-104.7225308
517413006	41.3255734	-105.5833406
517412072	41.3140634	-105.5929406
517414286	41.1372334	-104.8200908
503211300	39.8980516	-104.9965969
517504194	42.8448333	-106.3819802
517411624	41.3087134	-105.6314605
517412780	41.3239434	-105.5608606
517397584	41.2191739	-111.9638292
517420304	41.7875775	-107.2403661
517412646	41.2957834	-105.5809506
517411405	41.3122534	-105.5987746
517419431	41.7397224	-105.9755504
517412834	41.3227334	-105.5611006
503264765	40.5576035	-105.0924908
517411940	41.3255034	-105.5903206
517419135	41.2879340	-104.2138600
517417143	41.1448134	-104.7744408
517411228	41.1506255	-105.9666335
517411443	41.3061534	-105.6251706
517411344	41.3267234	-105.5918196
517412505	41.3056734	-105.5704006
517411938	41.3256434	-105.5897706
517413992	41.2981434	-105.5283506
517411814	41.3115534	-105.5939106
517415758	41.1337734	-104.8163108
517412947	41.3130034	-105.5554606
517416115	41.1194544	-104.8053078
508099774	39.0731120	-94.5865636
517412265	41.3152794	-105.5770946
517411124	41.3118404	-105.5934406
517412737	41.3034434	-105.5778806
517411592	41.3105334	-105.5926706
517415154	41.1339824	-104.8145558
517414396	41.1345534	-104.8213708
517416078	41.1341074	-104.8085648
517412742	41.3276934	-105.5737006
517417516	41.1427034	-104.7943208
517412385	41.3055434	-105.5854806
503261688	40.5472275	-105.0773688
517411223	41.3101964	-105.5947456
517411220	41.2499014	-105.6125446
502993726	39.7423866	-104.8375159
517411101	41.3119734	-105.5945086
517413431	41.1222134	-104.8458508
517412568	41.1640734	-105.5720406
517414299	41.1274934	-104.8279108
517411984	41.3163534	-105.5978806
517411460	41.3019034	-105.5906606
517412677	41.3059934	-105.5470706
517413303	41.2931404	-105.5354316
508103175	39.0829930	-94.5829336
517412048	41.3253634	-105.5916506
517412465	41.3038134	-105.5815906
517412657	41.3081734	-105.5655606
517411835	41.3037134	-105.6357305
517419277	41.6872464	-106.4138383
517412481	41.3067334	-105.5515406
517412890	41.3299134	-105.5856006
517411894	41.3761534	-105.7925405
503170317	39.9844736	-105.2490148
517411208	41.2763894	-105.5995806
517412991	41.3293334	-105.5841706
517411907	41.3952434	-105.9021405
517504180	42.8471433	-106.3738402
517412671	41.2769434	-105.5798606
517412326	41.3250014	-105.5706276
517411517	41.3077134	-105.5948706
517432538	42.4446232	-104.9969905
502331913	37.7978151	-122.4380478
517416324	41.1355534	-104.8026708
517415030	41.1706934	-104.8193708
517411764	41.3115534	-105.6191206
517411283	41.2999024	-105.6153096
517410625	41.3348965	-106.3224394
517412027	41.3215534	-105.5931806
517411651	41.1712435	-105.8862205
517411901	41.3041234	-105.5920706
517411978	41.3065234	-105.6010106
517414077	41.1372284	-104.8210628
517411535	41.2981134	-105.6392905
517411793	41.3106234	-105.5919206
517413995	41.2930734	-105.5194006
502811513	39.1084669	-108.6379572
517415390	41.1410434	-104.8174908
517412260	41.3316694	-105.5878806
517412375	41.3108734	-105.5795906
517413297	41.2906594	-105.5314046
517412277	41.3188284	-105.5706446
517411854	41.3107934	-105.5945306
503264509	40.5527925	-105.0906778
517411992	41.3215534	-105.5931806
503264951	40.5554435	-105.0890108
517414017	41.2933034	-105.5324006
517420493	41.7927541	-107.2350650
517411920	41.2983834	-105.6220806
517412075	41.3137234	-105.5949906
517416064	41.1378564	-104.8046308
517411663	41.3037134	-105.6357305
517412672	41.3068034	-105.5650606
517412302	41.3316694	-105.5878806
517411960	41.3145234	-105.5922706
517411864	41.3097534	-105.6213106
517411766	41.3157634	-105.6155006
517411453	41.3086134	-105.6273006
517411299	41.3164094	-105.6317945
517419830	41.4237934	-105.6122005
517412520	41.3068034	-105.5604406
517412214	41.2986804	-105.5624396
517412268	41.3151224	-105.5892606
517416339	41.1377434	-104.7983708
517411384	41.3132564	-105.5907726
517420296	41.7892675	-107.2421591
517412703	41.3085534	-105.5604306
517419633	41.7337083	-105.4455055
517411654	41.3731834	-105.7605805
517412952	41.3255034	-105.5903206
517411451	41.3150034	-105.6256606
517411496	41.3065834	-105.6281206
517411352	41.3173454	-105.5929956
517417086	41.1292414	-104.7923118
517412028	41.3140934	-105.5939706
517412325	41.3182924	-105.5874126
517411441	41.3132566	-105.5907676
513003413	35.4823943	-97.6331489
517411476	41.2983934	-105.6186706
517411979	41.3273534	-105.5929906
517415462	41.1336234	-104.8177008
517413023	41.3265934	-105.5898906
517412077	41.3062534	-105.6005106
517411614	41.3115734	-105.5944506
517412111	41.3008084	-105.5473026
517412518	41.3061334	-105.5475906
517412902	41.3256934	-105.5800206
517412092	41.3251234	-105.5986506
517412758	41.3232634	-105.5621706
517413039	41.3130834	-105.5871706
517412519	41.2602734	-105.5688206
517498756	42.5025632	-105.0260355
517412548	41.2926134	-105.5891206
503225495	39.9373535	-104.8206009
517417321	41.1397634	-104.7957308
517411127	41.1314825	-105.9203705
517414398	41.1319134	-104.8212908
517416857	41.1598234	-104.8000308
517411892	41.2996134	-105.5962406
517412475	41.3097534	-105.5822606
517412471	41.3022634	-105.5656906
517411661	41.3106234	-105.5919206
517419432	41.6663774	-106.0720074
503266094	40.5532635	-105.0950708
517419074	41.3747138	-104.2633201
517415113	41.1338934	-104.8148018
517412564	41.3019334	-105.5659006
517411807	41.3106634	-105.5945506
517504200	42.8471333	-106.3753002
517414012	41.2967234	-105.5194606
517412000	41.3259534	-105.5991406
517411261	41.3112304	-105.5958556
517412619	41.3087934	-105.5613206
517412081	41.3143434	-105.5915206
517412754	41.3229334	-105.5587506
517411855	41.3086434	-105.6236106
517413097	41.1247174	-105.2997027
517498754	42.5017242	-105.0261915
517419241	41.5951254	-105.4420756
517412386	41.3075534	-105.5568706
517412300	41.3193184	-105.5809436
517411716	41.3064034	-105.6271206
517417718	41.1867234	-104.7868108
517412378	41.2970834	-105.5764006
503211855	39.9064536	-104.9944309
517411115	41.1951164	-105.7951485
517411635	41.3036134	-105.5935706
517412753	41.3298934	-105.5786306
517413339	41.2979234	-105.5203606
517411201	41.3090684	-105.5937406
503244397	40.4031635	-104.7230609
517411622	41.3083834	-105.5942506
517412808	41.3254234	-105.5688606
517412868	41.3223134	-105.5564606
512652434	46.9898320	-96.8936219
517414001	41.2940834	-105.5150906
517411705	41.3112434	-105.5944606
517415381	41.1331434	-104.8188008
517412824	41.3225034	-105.5470906
517411888	41.1793535	-105.8625005
517411723	41.3097334	-105.5913806
517410668	41.2984271	-106.1422356
517413064	41.3272234	-105.5736406
517411985	41.3094234	-105.6014806
517411289	41.3109554	-105.5949786
503211353	39.8853396	-104.9918659
517412334	41.3316694	-105.5878806
517412602	41.3011634	-105.5374706
517433303	42.0554063	-104.9525536
515936804	32.6978943	-96.8696935
517411971	41.3215534	-105.5931806
503228242	39.9523825	-104.7802649
517412901	41.3187934	-105.5872406
517413740	41.1826634	-104.8350408
512654897	46.8828220	-97.0490019
517411839	41.3152834	-105.6176406
517412795	41.3201134	-105.5910006
517412210	41.3085074	-105.5845506
517414881	41.1709934	-104.8302108
517413964	41.2873134	-105.5279306
517417010	41.1620434	-104.7988108
517412053	41.3280834	-105.5913206
517411786	41.3099434	-105.5946206
517412661	41.3044934	-105.5676206
517412497	41.3057834	-105.5727906
517411304	41.3061254	-105.5900266
517413082	41.3165234	-105.5841706
517413978	41.2966034	-105.5365406
517412663	41.3015734	-105.5793206
517411754	41.3074434	-105.5950206
517412809	41.3209434	-105.5565206
517412040	41.3217334	-105.6123106
517412552	41.2962134	-105.5748906
517412905	41.3323034	-105.5784506
517411498	41.3029734	-105.5899406
517417491	41.1354134	-104.7821508
517412524	41.3050134	-105.5718506
517413821	41.1945134	-105.2363407
517412970	41.3199834	-105.5614806
502813988	39.0863539	-108.5901802
517411312	41.3110644	-105.5949676
517412018	41.3133634	-105.5937106
503225383	39.9245065	-104.8371879
517414590	41.1308734	-104.8217308
517412687	41.3089534	-105.5670506
517414981	41.1762034	-104.8273108
517412750	41.3215834	-105.5786606
517412514	41.3011334	-105.5825306
517412002	41.3144834	-105.5928206
517412362	41.2978334	-105.5631806
517412745	41.3214434	-105.5718206
517413979	41.2949134	-105.5326706
517411271	41.3109314	-105.5934086
517412001	41.3187234	-105.5923406
517412003	41.3150934	-105.5914406
517414525	41.1264534	-104.8302308
517411534	41.3001134	-105.5943206
517412130	41.3098174	-105.5746936
503011765	39.5951726	-104.8904229
517412963	41.3227534	-105.5736506
517417102	41.2000494	-104.7775398
517412283	41.3228454	-105.5768636
517412333	41.3216164	-105.5692516
517412275	41.3266814	-105.5764236
517419350	41.4257584	-105.7820465
508100882	39.0839300	-94.5834466
517411681	41.3095834	-105.6311105
503211387	39.8853396	-104.9918659
517411815	41.1762435	-105.8610505
517419824	41.4158634	-105.6124605
517413313	41.2896754	-105.5289546
517411286	41.2900394	-105.5952286
517411152	41.3121684	-105.5958496
517416897	41.1588634	-104.8049308
517412723	41.3075834	-105.5579906
517417026	41.1585334	-104.7998608
503270729	40.5365035	-105.1580108
517411509	41.3085034	-105.6286606
517412237	41.3124114	-105.5859796
517412404	41.3073634	-105.5763806
517411928	41.3255234	-105.6127706
517412065	41.3227434	-105.6087306
517414020	41.2980634	-105.5216006
517412765	41.3810234	-105.5394706
517411796	41.2974134	-105.6248106
517411155	41.3062034	-105.5940416
517412807	41.3649234	-105.5504306
517411862	41.3018634	-105.5941606
517412679	41.3078334	-105.5510906
517412988	41.3243934	-105.5683406
517413066	41.3229634	-105.5481606
517411177	41.2751364	-105.5983506
517411399	41.3224174	-105.5935926
517411828	41.3071034	-105.6179006
517412736	41.2959034	-105.5738506
517412107	41.3085044	-105.5672956
517412478	41.2957834	-105.5809506
517411394	41.3249054	-105.5921616
517419730	41.6676048	-106.0703865
517411585	41.3072934	-105.6251806
517411269	41.3109004	-105.5949846
517412888	41.3130034	-105.5554606
517413337	41.0839446	-105.5113583
517416180	41.1603614	-104.8062958
517412359	41.3108734	-105.5800606
517411308	41.3101984	-105.5947706
517412029	41.3069534	-105.6017406
517414989	41.1762034	-104.8273108
517412837	41.3176034	-105.5894406
517419679	41.5822906	-105.9377379
503220185	39.8027556	-104.9313399
517412071	41.3265234	-105.5946306
517411795	41.3065234	-105.5936806
517414018	41.2953434	-105.5318406
517416979	41.1592634	-104.8072108
517411526	41.1881934	-105.7760005
517411243	41.3127734	-105.5921276
517415420	41.1339834	-104.8142808
517413007	41.3218234	-105.5534006
517412642	41.2968134	-105.5429906
517412010	41.3101434	-105.6014306
517411618	41.3067134	-105.5936606
517414302	41.1303134	-104.8196608
517411758	41.3247934	-105.6196906
517415308	41.1330434	-104.8164908
517411511	41.3022434	-105.5954406
517396586	41.2190839	-111.9653592
517411414	41.2999044	-105.6129575
517415005	41.1850234	-104.8209308
503017691	39.6096826	-104.9023019
517414014	41.3024634	-105.5340306
517412562	41.3004434	-105.5631906
517411994	41.3254434	-105.5924206
517416265	41.1603134	-104.7988478
517411728	41.2994434	-105.6115006
517413051	41.3330334	-105.5848206
517419435	41.7453034	-105.9755504
517412128	41.3097004	-105.5882716
503225735	39.9585635	-104.8219709
517416222	41.1603614	-104.8062958
517411293	41.1898825	-105.8992745
517411314	41.3128504	-105.5958876
502330881	37.8000251	-122.4400878
517412994	41.3216034	-105.5659306
503211383	39.8997386	-104.9930589
517412554	41.2991634	-105.5653506
517412815	41.3239034	-105.5723906
517413060	41.3303334	-105.5813706
503263480	40.5575995	-105.0875108
517413034	41.3223534	-105.5649306
517411736	41.3088834	-105.5930006
515933879	32.6938143	-96.8626735
517411746	41.3076734	-105.6280006
517414010	41.2935434	-105.5317106
517411179	41.3118034	-105.5934446
517417439	41.1440434	-104.7945208
517414250	41.1324234	-104.8199408
517412288	41.3255034	-105.5880016
517411924	41.3106234	-105.5919206
517416566	41.1453234	-104.8000808
517412291	41.3266674	-105.5798926
517411837	41.2646334	-105.6001706
517411708	41.1721135	-105.8613005
517412532	41.3103534	-105.5556306
517412690	41.3100234	-105.5679906
517417297	41.1443634	-104.7779608
517420245	41.7916395	-107.2406731
517411636	41.3124434	-105.5938106
517415585	41.1339834	-104.8142808
517412879	41.3264834	-105.5864106
517412160	41.3085934	-105.5672956
517412651	41.2554834	-105.5543606
517411359	41.3256684	-105.5906106
517411561	41.3027234	-105.5910906
503228487	39.9640035	-104.7685609
503251851	40.5330235	-105.0250508
517411367	41.3162274	-105.5929686
517411687	41.3097934	-105.5954106
517413983	41.2811134	-105.5315606
517413993	41.2982534	-105.5344906
517419310	41.8637744	-106.5612683
503228182	39.9722995	-104.7560799
517417258	41.1337734	-104.7719908
517412421	41.2990334	-105.5659706
517419188	41.1725033	-104.0566709
517412432	41.3097034	-105.5759806
517416202	41.1602914	-104.7969398
517411401	41.3173454	-105.5929956
517414670	41.1203134	-104.8206808
517411848	41.3119234	-105.5953206
517417119	41.1628976	-104.7853689
503262094	40.5492235	-105.0783008
517411596	41.3140634	-105.6252306
517415614	41.1407534	-104.8157508
517411794	41.3106234	-105.5919206
512653907	46.9113020	-96.9074119
517417404	41.1360634	-104.7694708
517419855	41.7384333	-105.4466905
513003159	35.4932778	-97.6335521
517412476	41.3038834	-105.5756406
517415245	41.1379234	-104.8154908
517416960	41.1635934	-104.8085008
517411132	41.3119324	-105.5934306
517412789	41.3151034	-105.5860406
517418683	41.1349434	-104.7089208
517412580	41.3069434	-105.5747806
517412042	41.3179934	-105.5924506
503223764	39.8011636	-104.9058109
517661145	43.8537660	-104.2003475
502330876	37.7999751	-122.4405578
517411668	41.3090534	-105.5956206
517412204	41.2919994	-105.5855506
517411859	41.3106234	-105.5919206
517413031	41.3306734	-105.5759206
517411731	41.3087634	-105.5934306
517411528	41.2987134	-105.6367806
517413072	41.3141834	-105.5896806
517412960	41.3183234	-105.5780906
517411505	41.3151534	-105.9704205
517411841	41.2910634	-105.5902906
517413054	41.3260034	-105.5711006
517397583	41.2223139	-111.9616392
517411203	41.3100774	-105.5950696
517411501	41.3117434	-105.5944306
517412061	41.3111734	-105.6011306
517419841	41.7456034	-105.9723404
517419092	41.0314140	-104.3052608
517412320	41.3278784	-105.5823456
517412558	41.3003734	-105.5807906
503242702	40.3966795	-104.7170869
517412730	41.3039134	-105.5780006
517411382	41.3237064	-105.5894996
517412033	41.3260934	-105.5998406
517412250	41.3124114	-105.5859796
517397233	41.2310699	-111.9634732
517412007	41.3142134	-105.5923106
517414003	41.2923534	-105.5148906
517412675	41.3039334	-105.5449106
503244049	40.3997035	-104.7255209
517411521	41.2926634	-105.5900406
517412008	41.3224434	-105.5913006
503211268	39.8993806	-104.9965969
517413037	41.3255034	-105.5903206
517412097	41.3082154	-105.5744456
503213050	39.8961436	-104.9933509
517412483	41.3122634	-105.5878506
517411973	41.3163834	-105.5986506
513003553	35.4864638	-97.6357631
517412665	41.3080034	-105.5548906
503245194	40.4053835	-104.7344909
517412083	41.3148134	-105.5987006
517416440	41.1338834	-104.8099108
517411336	41.3043774	-105.5942526
517411755	41.2995234	-105.5929506
517411949	41.3265234	-105.5946306
517411703	41.2974234	-105.6212606
517411342	41.3089964	-105.5925386
517411721	41.3114134	-105.5944706
517416121	41.1224764	-104.8017268
503221233	39.8056086	-104.9264579
517396700	41.2202239	-111.9660992
517412583	41.3073534	-105.5520606
517412948	41.3199834	-105.5614806
517412079	41.3215534	-105.5931806
517413491	41.1000834	-104.8540108
517411291	41.3110644	-105.5949676
517414661	41.1253734	-104.8195308
517413308	41.2826844	-105.5232106
517432753	42.2697842	-104.7510906
517416523	41.1448834	-104.7981208
517662435	43.6457233	-108.2121896
517411659	41.3039434	-105.5895706
517413991	41.2920734	-105.5363706
517420320	41.7896445	-107.2451121
517412731	41.3043134	-105.5791506
517661739	43.6496353	-108.2088026
503228180	39.9546275	-104.7778509
517412935	41.3130934	-105.5903406
517419027	41.2738613	-104.2827889
517412540	41.3103534	-105.5556306
517419840	41.7434034	-105.9793604
517412457	41.3095234	-105.5813906
517412938	41.3227834	-105.5522906
517413027	41.3260234	-105.5751506
517413456	41.1302034	-104.8327808
517411111	41.1105645	-106.0112665
517413309	41.3030844	-105.5119096
503226452	39.9535335	-104.8163509
517412479	41.3018334	-105.5655806
517417320	41.1345434	-104.7748608
517414220	41.1387234	-104.8198908
517412499	41.3052234	-105.5827406
517411643	41.3069434	-105.5923106
517412693	41.3085534	-105.5691706
517411560	41.3089734	-105.5947306
517411402	41.3142604	-105.5905156
517411656	41.3123134	-105.5912006
517418150	41.3178743	-104.5862348
517411767	41.3057834	-105.5918906
517411905	41.3118734	-105.5945506
517412984	41.3269034	-105.5673806
517412114	41.3098124	-105.5573836
517413341	41.3002934	-105.5304906
517412601	41.3051634	-105.5793106
517417101	41.2007604	-104.7773828
517411324	41.3108774	-105.5906216
517411818	41.3092234	-105.6309705
517411137	41.3383964	-105.9487055
517412533	41.2921834	-105.5791406
517661729	43.6472673	-108.2064126
517411857	41.3113834	-105.5958306
512653138	46.9317320	-96.9182819
517417397	41.1428134	-104.7861608
517413025	41.3243334	-105.5904506
517432730	42.2687832	-104.7414736
517411388	41.3176724	-105.5927486
517412444	41.3121334	-105.5885906
517412668	41.3042434	-105.5847006
517411955	41.3215534	-105.5931806
517411277	41.1351075	-105.7667845
517411909	41.3114534	-105.5952406
517412629	41.3104334	-105.5802406
517413318	41.0757544	-105.4959196
517413965	41.2938934	-105.5218306
517411244	41.2936214	-105.5908176
503237973	40.6182543	-103.2061972
517412292	41.3307314	-105.5844166
517412579	41.3086934	-105.5804206
517412424	41.2937834	-105.5882806
517412278	41.3148894	-105.5853406
517412525	41.3078734	-105.5626506
517411631	41.3018634	-105.5915806
517413994	41.2952134	-105.5121406
502328883	37.7978551	-122.4456478
517416465	41.1437334	-104.8040708
517411448	41.1440435	-105.7831005
503238534	40.6105133	-103.2270682
517412285	41.4033304	-105.5817825
517662446	43.6452233	-108.2082996
517415169	41.1331384	-104.8173298
517417024	41.1620434	-104.7988108
517411493	41.3118134	-105.5940006
517412423	41.3087034	-105.5720206
502332866	37.8001651	-122.4374878
512653397	46.8897720	-96.9007319
503211808	39.8863636	-104.9956509
512652441	46.9790320	-96.8787219
503252610	40.5253625	-105.0262968
517414192	41.1339434	-104.8250108
517412238	41.3124114	-105.5859796
517412144	41.3085494	-105.5546226
517411128	41.3118384	-105.5906986
517414007	41.2974134	-105.5343106
517411300	41.3120044	-105.5948656
517411906	41.3105334	-105.5945606
503253600	40.5307815	-105.0408058
517411490	41.1729435	-105.8684505
517412181	41.2920424	-105.5882966
517412323	41.3188284	-105.5706446
517412857	41.3198634	-105.5896206
503254056	40.5318435	-105.0425308
517411306	41.3111264	-105.5959406
517414347	41.1387334	-104.8216608
517412944	41.3229634	-105.5821706
517418562	41.1368234	-104.7394808
517419834	41.4149934	-105.6095505
517412452	41.2995234	-105.5671406
517419676	41.4397340	-104.1314004
517411411	41.0811247	-106.0100953
517415965	41.1807134	-104.8161208
503211405	39.8853396	-104.9918659
517412631	41.3082634	-105.5825406
517411617	41.1481535	-105.9807805
517418126	41.0372904	-104.6728378
517413096	41.1212514	-105.3118246
517411180	41.3066364	-105.6292456
517412732	41.3085534	-105.5604306
517412464	41.3048234	-105.5686506
517411918	41.3124734	-105.5897506
517412656	41.3078934	-105.5714806
517412057	41.3217334	-105.6123106
517411820	41.3092534	-105.6229306
517411331	41.2999024	-105.6153096
517412284	41.3227744	-105.5768666
517661664	43.6466243	-108.2224346
517412945	41.3250134	-105.5519506
517412231	41.3124114	-105.5859796
517412727	41.2836534	-105.5824806
517415176	41.1488944	-104.8182678
517411817	41.3164234	-105.6236706
513003247	35.4848218	-97.6365841
517419831	41.4185234	-105.5972305
517411803	41.3066434	-105.5897006
517412087	41.3224634	-105.5915406
517412308	41.3236064	-105.5494846
517412031	41.3142134	-105.5923106
517412173	41.3008084	-105.5473026
517412678	41.3074134	-105.5844506
517411326	41.3953874	-105.8514975
503225679	39.9672035	-104.8292109
517412360	41.3000534	-105.5641406
517411590	41.2984434	-105.6163206
517411845	41.3037434	-105.5960606
517413026	41.3217834	-105.5642506
517412493	41.3103534	-105.5556306
517417707	41.1581434	-104.7917008
517432371	41.9585903	-105.4610315
502812925	39.0923039	-108.5939202
517413058	41.3217934	-105.5429506
517411902	41.3221534	-105.6198506
517411537	41.3093634	-105.6219906
517412891	41.3161334	-105.5875106
517415587	41.1379134	-104.8182308
517411957	41.3142934	-105.5928406
517413973	41.2958334	-105.5231806
517411523	41.3113334	-105.5954506
517411670	41.2786734	-105.5963106
517411763	41.3041034	-105.6163306
517411555	41.2785534	-105.5970206
503244181	40.4048735	-104.7267409
517419815	41.7673133	-104.8165107
517395216	41.2328169	-111.9701362
517415546	41.1339834	-104.8142808
503228258	39.9787715	-104.7439639
503238737	40.5715933	-103.2513512
517416479	41.1357134	-104.8123208
517412074	41.3199034	-105.5917006
517412918	41.3303334	-105.5774506
517417916	41.1643834	-104.7890708
503225188	39.9722725	-104.8295969
517419060	41.3167513	-104.2105579
517411409	41.1669429	-105.8888546
517412709	41.3109234	-105.5813706
517412813	41.3164034	-105.5776606
517411248	41.3954904	-105.8357965
517417215	41.1373034	-104.7780408
503260070	40.5394535	-105.0735208
517411965	41.3208734	-105.5921406
517419063	41.1818713	-104.0669509
517413654	41.2344334	-104.8656907
517412489	41.3050034	-105.5747006
508103034	39.0829930	-94.5829336
517412535	41.3088734	-105.5594206
517419430	41.8435014	-106.0004664
517503367	42.8497963	-106.3836262
517411478	41.3083034	-105.6032106
517417895	41.1910134	-104.7944908
517416499	41.1355834	-104.8005208
502813220	39.1078039	-108.6248102
517412396	41.2999034	-105.5675806
517411330	41.3202074	-105.6717675
517412885	41.3221634	-105.5451106
517412344	41.3258441	-105.5795879
517412946	41.3263834	-105.5770006
517411967	41.3217034	-105.5974306
517411466	41.2963535	-106.1400804
517412733	41.3048534	-105.5657906
517412645	41.3064234	-105.5668706
517411515	41.3079034	-105.5943106
517412609	41.3034534	-105.5847806
513004675	35.4848238	-97.6304831
517412044	41.3153534	-105.5948206
517433582	42.4186932	-104.7086406
517412296	41.3222694	-105.5673126
517412516	41.3011634	-105.5374706
517411819	41.3112834	-105.5951506
517412840	41.3305134	-105.5826106
517411378	41.3162274	-105.5929686
517419022	41.4041573	-104.2831509
517413091	41.3221034	-105.5802206
517412330	41.3316694	-105.5878806
503264859	40.5535735	-105.0927608
517412012	41.3127434	-105.5930006
517412763	41.3193734	-105.5798106
517411510	41.3095934	-105.6191106
517412132	41.3090174	-105.5581266
517411341	41.3108234	-105.5921976
517413316	41.3925554	-105.5184256
517411623	41.3113134	-105.6311505
517417527	41.1304634	-104.7720408
517432756	42.3286032	-104.7215486
517412593	41.3093934	-105.5888806
515938040	32.7048343	-96.8739435
517411290	41.3007374	-105.5960986
517411881	41.1928934	-105.8010005
517415360	41.1407534	-104.8157508
517411679	41.3069834	-105.6212306
517412388	41.3030934	-105.5778906
517411563	41.3086134	-105.5947706
517412949	41.3236034	-105.5689406
503211911	39.8862936	-104.9940009
517417099	41.1809644	-104.7841258
517411734	41.2995234	-105.5929506
517411672	41.3108234	-105.6174506
517412420	41.3097734	-105.5625606
517415096	41.1339824	-104.8145558
517413029	41.3237434	-105.5509306
517414150	41.1790314	-104.8238068
517661297	43.8507020	-104.2365165
517412289	41.3178894	-105.5807946
517412353	41.3013334	-105.5623606
517412894	41.3319834	-105.5742706
517412090	41.3273734	-105.5914906
503259143	40.5462235	-105.0708208
517411684	41.3130234	-105.6176906
517411166	41.2777994	-105.6740215
517411574	41.3082134	-105.6224306
517412043	41.3260934	-105.5998406
517412030	41.3097334	-105.6007906
517413990	41.2824534	-105.5242006
517411778	41.3080334	-105.6161306
517412818	41.3211034	-105.5784306
517412085	41.3172934	-105.5925206
517412456	41.3104334	-105.5794806
517412095	41.3095544	-105.5667316
517412486	41.3000534	-105.5797706
517411298	41.3118114	-105.5920506
517412198	41.3113124	-105.5857226
513003167	35.4932808	-97.6339431
517411504	41.2974334	-105.6175806
517411825	41.1721135	-105.8613005
517411259	41.3068794	-105.6232426
503244115	40.3992135	-104.7213009
517411822	41.3116634	-105.6243506
517411540	41.3106434	-105.5915406
517411935	41.3090034	-105.6002106
517412603	41.3081734	-105.5655606
503211831	39.8862936	-104.9940009
517411107	41.2976665	-106.1407834
517412196	41.3099454	-105.5769636
517412110	41.3051154	-105.5686826
517412073	41.3173434	-105.5998606
517413015	41.3291334	-105.5779206
517412365	41.3050534	-105.5827606
517413389	41.1298734	-104.8406408
517419297	41.8771494	-106.5364393
517411189	41.2956344	-105.5942876
517415206	41.1319334	-104.8151608
517411824	41.3036134	-105.5935706
517412912	41.3270634	-105.5729306
517414305	41.1372334	-104.8200908
517411440	41.3132547	-105.5907704
517433476	42.3008457	-104.8506655
517417103	41.1635454	-104.7845938
517417208	41.1340734	-104.7855608
517411995	41.3128834	-105.6003406
517410187	41.2977515	-106.1409524
517662769	43.6476573	-108.2267616
517411781	41.2932234	-105.6289806
517412845	41.3319634	-105.5760306
517411522	41.3037134	-105.6357305
517412500	41.3038734	-105.5763506
517417122	41.1628976	-104.7853689
517503395	42.8291637	-106.3961661
517412243	41.3124114	-105.5859796
517412707	41.3001534	-105.5757006
517412119	41.3088864	-105.5556276
517411452	41.3145534	-105.6184306
517662481	43.6387333	-108.2141396
517412694	41.3081734	-105.5678806
517413074	41.3131634	-105.5534306
517411377	41.3256654	-105.5920806
517411933	41.3275934	-105.5947706
517412494	41.3064534	-105.5739706
517413035	41.3272134	-105.5758106
517419239	41.6514954	-105.5079155
503264912	40.5568735	-105.0894908
517411934	41.3144534	-105.5988506
517417263	41.1381434	-104.7882808
517415251	41.1350334	-104.8129308
517412021	41.3133734	-105.5929406
503251479	40.5255695	-105.0264178
517413009	41.3215134	-105.5773306
517417917	41.1611034	-104.7926308
517419441	41.6663774	-106.0720074
517414005	41.3016934	-105.5305206
517412572	41.3100334	-105.5823506
503019369	39.6087336	-104.9027509
517419819	41.4413534	-105.7363705
517419820	41.4490634	-105.8342405
517412501	41.3078034	-105.5760106
517411567	41.1638635	-105.9016805
517411542	41.3159134	-105.6191606
517411215	41.2999024	-105.6153096
517411210	41.3119684	-105.5948696
517419179	41.1772533	-104.0764909
517411823	41.3097534	-105.6221206
517411730	41.3067634	-105.6281306
517412920	41.3195034	-105.5882706
517411633	41.3108434	-105.5941506
517503375	42.8455163	-106.3688382
517411455	41.3118734	-105.5950906
517412743	41.3189534	-105.5885406
517412899	41.3263634	-105.5823106
517412820	41.3200834	-105.5905106
517412621	41.3068634	-105.5520206
517416385	41.1356734	-104.8065708
517412417	41.2942134	-105.5780806
517411158	41.3108344	-105.5936896
517412648	41.2632034	-105.5632906
517412586	41.2983434	-105.5735906
517412674	41.3088034	-105.5645506
517411310	41.3119754	-105.5945336
517412976	41.3214434	-105.5498606
517412782	41.3265034	-105.5488606
517411358	41.3129754	-105.5954486
517412357	41.2967934	-105.5766406
517411328	41.3110454	-105.5948096
517411323	41.3957554	-105.8799215
517412398	41.2975334	-105.5787906
503253191	40.5273635	-105.0321808
517415736	41.1331434	-104.8188008
517411520	41.3157634	-105.6155006
517411456	41.3173434	-105.6328005
517412266	41.3133824	-105.5598626
517413038	41.3130034	-105.5554606
517413092	41.3647734	-105.5602706
517411869	41.3081434	-105.6209006
513004218	35.4788828	-97.6271051
503244034	40.3927635	-104.7249009
517417842	41.1612734	-104.7912508
517412856	41.3256234	-105.5787706
517412969	41.3262434	-105.5667506
517412990	41.3298234	-105.5762706
517411487	41.1688835	-105.8973305
517411653	41.3107734	-105.5953106
517412414	41.3064234	-105.5852406
517411332	41.2530934	-105.7081675
502332905	37.7995851	-122.4366178
517412767	41.3199834	-105.5614806
517411395	41.3239244	-105.5922646
517419348	41.4249894	-105.7833505
517412347	41.3064234	-105.5650206
517412035	41.3130134	-105.6003206
517411578	41.2062234	-105.8523205
517412458	41.3008134	-105.5805506
517412510	41.2922534	-105.5396106
517413046	41.3236134	-105.5675406
517412943	41.3277034	-105.5769406
517417832	41.1583834	-104.7936308
517413915	41.1891834	-104.8427507
517412461	41.3050134	-105.5738106
517414022	41.2679534	-105.5310406
517412259	41.3124114	-105.5859796
517411236	41.2848164	-105.5966206
515933882	32.7022343	-96.8623935
517412691	41.2995134	-105.5657606
517411858	41.3060234	-105.5945106
517412985	41.3218434	-105.5565206
517412588	41.3039434	-105.5786906
503254094	40.5365335	-105.0406808
517415066	41.1339824	-104.8145558
517411941	41.3199434	-105.5941306
517411329	41.3079374	-105.5925026
517411383	41.3189904	-105.5913246
517411489	41.1363635	-106.0043005
517411188	41.3111504	-105.5947436
517412987	41.3210834	-105.5616006
517416294	41.1891675	-104.8033485
517412415	41.3075534	-105.5490406
516809058	36.8063516	-75.9905391
517414723	41.1696834	-104.8206708
517417240	41.1372434	-104.7867208
517412932	41.3228234	-105.5435706
517412305	41.3267694	-105.5797406
517414737	41.1754834	-104.8293308
517416244	41.1603614	-104.8062958
517411699	41.1910434	-105.8161805
517432731	42.2697382	-104.7485016
517418620	41.1320934	-104.7440908
517418174	41.1873841	-104.4166707
517415131	41.1339824	-104.8145558
517417040	41.1384804	-104.7887678
517411539	41.2955834	-105.6334606
517411198	41.3112304	-105.5958556
517412076	41.3141434	-105.5936306
517413292	41.0148594	-105.2458777
517412355	41.2922534	-105.5396106
517412013	41.3235734	-105.5913006
517411412	41.2999044	-105.6129575
517419243	41.6718494	-105.8025385
517414019	41.2953434	-105.5318406
517411192	41.3108654	-105.5921516
517411176	41.3101914	-105.5946466
517411464	41.3074734	-105.6152806
517413050	41.3231134	-105.5561906
502330973	37.7999751	-122.4405578
517412784	41.3160334	-105.5859706
517411919	41.3107734	-105.5953106
517412878	41.3245934	-105.5597406
517412346	41.3092034	-105.5828606
517415805	41.1369134	-104.8173208
517412306	41.3223434	-105.5673106
517411357	41.3173454	-105.5929956
517413081	41.3261434	-105.5525706
517411491	41.3184834	-105.6214306
517417455	41.1379734	-104.7904608
517411536	41.3093634	-105.6272906
517419714	41.6676048	-106.0703865
517413019	41.3230734	-105.5607106
503168945	39.9720536	-105.2583108
517411890	41.1780635	-105.8593905
517412327	41.3188284	-105.5706446
517433387	42.0515363	-104.9609356
517411691	41.3106234	-105.5919206
517412485	41.3074834	-105.5479706
503264506	40.5554905	-105.0929128
517412067	41.3217334	-105.6123106
517413986	41.2973134	-105.5232306
517413086	41.3229634	-105.5492406
517661380	43.8505370	-104.2379415
503172016	39.9763136	-105.2442608
512652450	46.9830120	-96.8863619
517416590	41.1427634	-104.8081708
517412681	41.2977834	-105.5637106
517419296	41.8735294	-106.5518273
517412847	41.3311034	-105.5791206
517412697	41.2975734	-105.5422006
517417745	41.1592334	-104.7929708
517433481	42.3008457	-104.8506655
517412369	41.3074434	-105.5850106
517411782	41.1253335	-106.0185105
503018347	39.6076436	-104.9006309
508103340	39.0829930	-94.5829336
517411207	41.2180864	-105.7669505
517411275	41.3026254	-105.5969686
517415751	41.1341534	-104.8182708
517411865	41.2719634	-105.5972806
517417200	41.1422134	-104.7928908
517412699	41.3090034	-105.5629706
517411646	41.3086134	-105.5916006
517415189	41.1515204	-104.8185628
517412507	41.3011334	-105.5583706
517411156	41.2593094	-105.6535356
517411234	41.3108654	-105.5921516
517411340	41.2683364	-105.5963906
517412597	41.3018834	-105.5815306
517411106	41.3153755	-106.1362304
517414029	41.3958034	-105.5147106
517661330	43.8487750	-104.1897345
517412796	41.3228834	-105.5414206
517412884	41.3131634	-105.5540406
517412860	41.3255934	-105.5785206
517412626	41.3066934	-105.5499806
517412531	41.3050134	-105.5638306
517413466	41.1312334	-104.8380608
517411990	41.3215534	-105.5931806
517411900	41.3126234	-105.6242506
517416177	41.1603134	-104.7988478
517412078	41.3233934	-105.5913206
517419844	41.8565533	-104.9580806
517411797	41.3115234	-105.5952306
517411742	41.2626834	-105.5983006
517418619	41.1339534	-104.7477208
517411829	41.3109634	-105.5957106
517411206	41.3108144	-105.5894866
517412293	41.3149164	-105.5851906
517412517	41.3073634	-105.5602906
517411882	41.3130134	-105.6304405
517415086	41.1339824	-104.8145558
517412122	41.3082154	-105.5744456
517412187	41.3097004	-105.5882716
517411644	41.3118634	-105.5942706
517412455	41.3052134	-105.5853706
503212454	39.8853396	-104.9904479
503211858	39.8916236	-104.9943709
517415534	41.1339834	-104.8142808
517411887	41.3088234	-105.5955306
517412613	41.2927234	-105.5883006
517411637	41.3120834	-105.5903306
517417169	41.1367934	-104.7697508
517432751	42.2628452	-104.7415076
517411532	41.3026434	-105.8508505
517415272	41.1331434	-104.8188008
517412979	41.3240934	-105.5873006
502330915	37.7998351	-122.4412278
517413020	41.3275834	-105.5824506
517412199	41.3097004	-105.5882716
517411254	41.2631014	-105.5986596
503226191	39.9233165	-104.8139649
517412185	41.1326844	-105.5462986
517418440	41.1359434	-104.7505808
517412582	41.2958834	-105.5781806
517412967	41.3223834	-105.5571906
517412864	41.3214334	-105.5652306
517412714	41.3078734	-105.5669106
517412798	41.3112134	-105.5759106
517411776	41.3108534	-105.6227606
503228692	39.9709735	-104.7679309
517419437	41.5289674	-106.0707674
517411163	41.3112304	-105.5958556
517418186	41.1441744	-104.4552709
517412717	41.3094734	-105.5586706
517415528	41.1416234	-104.8186008
517412839	41.3204634	-105.5809806
517411968	41.3274034	-105.5940806
517412541	41.3058634	-105.5816106
517412286	41.3227744	-105.5768666
517412978	41.3219634	-105.5513206
517416341	41.1382334	-104.8102308
516809710	36.8077226	-75.9895891
503239201	40.6113733	-103.2155612
517412957	41.3209734	-105.5502706
517411710	41.3093634	-105.6240106
517412526	41.3104234	-105.5886506
517411707	41.3119934	-105.5899206
517411406	41.3253844	-105.6005996
517419800	41.6509334	-105.5072305
517411610	41.3004434	-105.5942806
517412866	41.3226934	-105.5492406
517411693	41.2616334	-105.7292805
517412571	41.3091234	-105.5686506
517411609	41.3053234	-105.6243006
517417160	41.1379934	-104.7872208
517412009	41.3245234	-105.6103206
517412401	41.3085534	-105.5604306
513004642	35.4880938	-97.6272431
503264816	40.5537535	-105.0911308
517419825	41.4234234	-105.6025705
517397606	41.2222939	-111.9612192
503013674	39.6047866	-104.8947399
517412926	41.3302434	-105.5759106
517412318	41.3338914	-105.5767226
517412806	41.3260134	-105.5687506
517411701	41.3115234	-105.5952306
517412348	41.3099834	-105.5867206
517411639	41.3087534	-105.5928606
517411571	41.3087634	-105.5934306
517412761	41.3286034	-105.5733306
517412685	41.3095734	-105.5888606
517412039	41.3177834	-105.5924706
503254109	40.5331835	-105.0409208
517412131	41.3005634	-105.5779746
517418429	41.1352734	-104.7405908
517412592	41.2974834	-105.5405406
517417014	41.1635934	-104.8085008
517411712	41.3130234	-105.6176906
517412848	41.3212234	-105.5544406
517417746	41.1896634	-104.7687308
517411784	41.2301934	-105.8038405
517413018	41.3323034	-105.5772106
512653081	46.8873780	-96.9000669
517417713	41.1581134	-104.7972808
517413348	41.1259134	-104.8398508
517396584	41.2210739	-111.9656692
517411777	41.3096034	-105.5954306
517411525	41.3028634	-105.5953806
517411512	41.3009034	-105.5942906
517411648	41.3066234	-105.7892305
517416359	41.1361334	-104.8040208
517419867	41.8170133	-105.2819206
517416319	41.1558134	-104.8098008
517412161	41.2658004	-105.5779326
517411768	41.2522334	-105.7137005
517411445	41.3114734	-105.5944606
517414997	41.1745734	-104.8291408
517411930	41.3012634	-105.6027806
503260832	40.5432425	-105.0760108
517415521	41.1331834	-104.8178908
517411202	41.3112304	-105.5958556
517412022	41.3125734	-105.5913306
517411544	41.2721034	-105.5993006
517419349	41.4425144	-105.9400135
503244020	40.3931635	-104.7229209
517418388	41.1393034	-104.7603108
517411193	41.3090684	-105.5937406
517411641	41.3106734	-105.6197506
517416931	41.1588634	-104.8049308
517412279	41.3125024	-105.5753956
517411213	41.3109284	-105.5948356
517412614	41.2990434	-105.5673506
517411931	41.3080334	-105.6032306
517419823	41.4203034	-105.9561805
517411548	41.3159134	-105.6267105
517411232	41.3016334	-105.5945376
517416129	41.1213374	-104.8027888
517413296	41.2147944	-105.4440056
517411899	41.1687235	-105.9136805
517412163	41.3085494	-105.5546226
517411475	41.3116734	-105.5944406
517412982	41.3236434	-105.5608006
517411131	41.3107704	-105.5906826
517411151	41.3111314	-105.5960126
517414218	41.1432234	-104.8270108
517662527	43.6446233	-108.2117296
517411346	41.3150784	-105.5967626
517419106	41.2151942	-104.0986610
517411929	41.3238734	-105.5918106
517414440	41.1376834	-104.8206008
517412849	41.3294034	-105.5762606
517412534	41.2997434	-105.5668206
517414023	41.3010634	-105.5101906
517413489	41.0954634	-104.8409408
517412587	41.3085834	-105.5759206
517413030	41.3327434	-105.5795206
517412830	41.3226934	-105.5492406
517411474	41.2909534	-105.6307706
517411726	41.3105334	-105.5926706
517411676	41.1622435	-105.9036405
517412634	41.2958834	-105.5781806
517413010	41.3229434	-105.5532506
517412512	41.3027834	-105.5409606
517412176	41.3097004	-105.5882716
503025897	39.7890836	-104.9210909
517411167	41.1966634	-105.6368846
517415299	41.1416134	-104.8129808
517413052	41.3199834	-105.5614806
517411620	41.3105334	-105.5945606
517417461	41.1374634	-104.7744708
517411605	41.2556034	-105.7013105
517412769	41.3204934	-105.5827006
517418177	41.1948334	-104.3960391
517412324	41.3276764	-105.5861876
517412395	41.3034034	-105.5868706
517432493	42.0652162	-106.1934457
517412123	41.3091924	-105.5633986
517411404	41.3297734	-105.6093656
517412142	41.3076004	-105.5779216
517411551	41.3123134	-105.5952306
517412381	41.3018734	-105.5848106
517413984	41.3006734	-105.5284606
517417241	41.1370434	-104.7834608
517413980	41.2968534	-105.5139106
517411339	41.2459164	-105.6935705
517411844	41.2973834	-105.6339506
517412747	41.3256334	-105.5563406
517411889	41.3088334	-105.5922406
517416235	41.1603134	-104.7988478
517412914	41.3809834	-105.5375306
517412617	41.3088634	-105.5585206
503227252	39.9576985	-104.8049409
517411112	41.0558665	-106.0110765
517412382	41.3013334	-105.5640006
517412496	41.3078734	-105.5669106
517417882	41.1598634	-104.7916708
503253573	40.5319875	-105.0419408
517413080	41.3310834	-105.5798806
513004627	35.4856138	-97.6248631
517411109	41.1105645	-106.0112665
517662436	43.6469233	-108.2097596
515942979	32.6997043	-96.8864135
517412708	41.2991434	-105.5746006
517411224	41.3109654	-105.5948316
517411879	41.3122834	-105.5949506
517413529	41.1187634	-104.8469308
517412628	41.3113434	-105.5877706
517417108	41.1588124	-104.7927528
517411749	41.3061134	-105.5951006
517412858	41.3139634	-105.5889306
517412089	41.3134434	-105.5950206
517418654	41.1263334	-104.7490708
517417124	41.1628976	-104.7853689
517412814	41.3263334	-105.5818006
517413602	41.1960134	-105.2003007
517411903	41.3110134	-105.7704305
513005755	35.4835838	-97.6231131
517411541	41.3060134	-105.5936806
516811288	36.7797406	-75.9590902
517419086	41.3755343	-104.3296603
517414002	41.2920534	-105.5206906
517419352	41.4190734	-105.5982465
517412513	41.3078734	-105.5669106
517411276	41.3118114	-105.5920506
503264850	40.5552635	-105.0915208
517412910	41.3306634	-105.5807806
503254114	40.5349035	-105.0422308
517412718	41.3076834	-105.5537806
515932502	32.7053303	-96.8592065
517412916	41.3217934	-105.5415906
517413195	41.1181324	-104.8325088
517412158	41.3098384	-105.5747506
517411495	41.1354235	-105.9999405
517411211	41.3119954	-105.5947206
517411257	41.3100934	-105.5948556
517411975	41.3209434	-105.5929206
517419839	41.7496434	-105.9740504
517412923	41.3282234	-105.5792706
517413311	41.2937454	-105.5015726
517412036	41.3135234	-105.5996906
517412590	41.3060434	-105.5831806
517411891	41.3296334	-105.6195705
517411126	41.3026254	-105.5969686
517412596	41.2652334	-105.5772806
517411133	41.3089704	-105.5923946
517412019	41.3254934	-105.6103206
517411735	41.3091834	-105.6259106
517498762	42.5018482	-105.0260535
515933869	32.6978943	-96.8620535
517411724	41.3115834	-105.5952306
517411577	41.3106234	-105.5919206
517411506	41.2582234	-105.5992906
517412725	41.3094734	-105.5586706
502812704	39.1063767	-108.5962988
517412670	41.3070234	-105.5870906
517417373	41.1422734	-104.7975608
517411216	41.3156634	-105.6202946
517412805	41.3246034	-105.5866106
517412883	41.3314234	-105.5748506
517413013	41.3306634	-105.5807806
517412147	41.2919994	-105.5855506
517412329	41.3316694	-105.5878806
517411993	41.3255834	-105.5946806
502815277	39.0641039	-108.5691402
517413068	41.3232034	-105.5527406
517411671	41.3144134	-105.6154306
517412930	41.3217234	-105.5544406
517411611	41.3004034	-105.6111306
517411604	41.1843335	-106.1300305
517411595	41.2300534	-105.8421905
517412776	41.3232934	-105.5839906
517411602	41.3078734	-105.6317105
517413976	41.2957734	-105.5194606
517412557	41.2910734	-105.5834206
502812698	39.1063767	-108.5962988
517411184	41.3109314	-105.5934086
517412190	41.3084474	-105.5649806
515933876	32.6922743	-96.8620135
517411549	41.2709135	-106.0750705
517413053	41.3185334	-105.5864506
517412933	41.3217934	-105.5424806
517412980	41.3291934	-105.5759006
517416894	41.1588634	-104.8049308
515940829	32.6917443	-96.8821935
503238920	40.6061533	-103.2086212
517418006	41.1592334	-104.7929708
517412188	41.2624744	-105.5426306
517412816	41.3236334	-105.5724106
517661409	43.8465360	-104.2106815
517412986	41.3314334	-105.5802706
517432662	42.2622033	-105.2462405
517411143	41.3118034	-105.5934446
517412205	41.2534134	-105.5534576
517411722	41.3084534	-105.5934706
517412575	41.2968034	-105.5728006
517412361	41.2967934	-105.5746406
503245347	40.4015535	-104.7341109
517411991	41.3238534	-105.6115006
517411279	41.2694554	-105.6005136
517433480	42.3008457	-104.8506655
517412276	41.4071484	-105.5839515
517413099	41.1247174	-105.2997027
517414025	41.2856534	-105.5280406
517412379	41.3023134	-105.5820406
517417442	41.1401634	-104.7902608
517413056	41.3212734	-105.5427006
517412331	41.3188284	-105.5706446
517663236	43.6397533	-108.2254196
517412632	41.3003734	-105.5743806
517411660	41.3118834	-105.5956506
517415814	41.1407534	-104.8157508
517411675	41.3092534	-105.6266506
517411976	41.3200934	-105.5996906
517413985	41.2775534	-105.5292706
517411122	41.2854064	-105.6628475
503252950	40.5331235	-105.0294508
517411553	41.3105934	-105.5945506
517411969	41.3151534	-105.5935206
517412735	41.2783934	-105.5674606
517396187	41.2226339	-111.9652452
517417004	41.1635934	-104.8085008
517411642	41.3092534	-105.6229306
517411500	41.3066134	-105.6251706
502812619	39.0858269	-108.5955002
517418185	41.2367844	-104.3688108
517411600	41.3096234	-105.5946506
517413087	41.3309534	-105.5847906
517412470	41.2955334	-105.5797406
517412309	41.3228634	-105.5768636
517412168	41.1768404	-105.5667526
517414542	41.1344434	-104.8241808
517417274	41.1386634	-104.7920408
517412409	41.3091234	-105.5686506
515938488	32.6981153	-96.8786465
517412578	41.2983334	-105.5651506
517412647	41.3059934	-105.5470706
517411808	41.3088434	-105.5942106
517410784	41.2986835	-106.1428104
517433370	42.0543113	-104.9527216
517414004	41.2943534	-105.5244906
517412712	41.3086334	-105.5768506
517412764	41.3263634	-105.5823106
517412715	41.2996934	-105.5637906
517417947	41.1605434	-104.7896108
517397594	41.2202439	-111.9636792
517417998	41.1595134	-104.7916708
517412387	41.3023334	-105.5790806
517412234	41.3124114	-105.5859796
517411579	41.3027434	-105.5926206
515932482	32.7055803	-96.8587745
503254147	40.5259135	-105.0374208
517413599	41.1860934	-105.2249707
517411546	41.3015334	-105.5955106
517411594	41.2768034	-105.6791305
517412770	41.3159134	-105.5868706
503010707	39.6018316	-104.8912219
513004646	35.4889638	-97.6272531
517411953	41.3249734	-105.5939906
517411615	41.3109334	-105.5953006
517412999	41.3253134	-105.5757806
517412973	41.3298934	-105.5783906
517412897	41.3256434	-105.5897706
517412627	41.2906934	-105.5776706
517412272	41.3156934	-105.5826286
517419434	41.7442824	-105.9764914
517412474	41.3103934	-105.5866806
517411296	41.3108234	-105.5921976
517411130	41.2980334	-106.0124815
517412843	41.3267934	-105.5853706
517413975	41.2924434	-105.5207006
508103349	39.0826430	-94.5802636
517412799	41.3311034	-105.5757306
517412972	41.3284934	-105.5748906
517412844	41.3305434	-105.5743206
517411199	41.3127734	-105.5921276
517415731	41.1407534	-104.8157508
517411533	41.2911634	-105.5966306
517412508	41.2957834	-105.5809506
517411165	41.3132924	-105.6167506
517662425	43.6466133	-108.2181696
517411241	41.3112324	-105.5958796
517411922	41.1511935	-105.9801305
517411307	41.3120614	-105.5958866
517411104	41.2972705	-106.1271934
517412993	41.3199834	-105.5614806
517412358	41.3100934	-105.5848606
517411733	41.3092834	-105.6176006
517432747	42.2628452	-104.7415076
517413988	41.2938734	-105.5090606
517412821	41.3258134	-105.5667606
517411559	41.3112534	-105.5946106
516809267	36.8069626	-75.9893591
516809286	36.8082126	-75.9901491
503252633	40.5234155	-105.0310338
517412585	41.3075134	-105.5705306
517412523	41.2979734	-105.5601306
517411997	41.3239034	-105.5912706
517411337	41.2999024	-105.6153096
503211376	39.8983936	-104.9965969
517411917	41.2889134	-105.5970906
517411685	41.3145534	-105.6184306
517412964	41.3235334	-105.5553806
517411142	41.2313895	-106.0872305
517412787	41.3173534	-105.5853106
517433474	42.3008457	-104.8506655
517411790	41.3065234	-105.5936806
517412755	41.3231334	-105.5860606
517411738	41.2787034	-105.6737505
517413384	41.1210534	-104.8491408
517413036	41.3244034	-105.5758206
517411355	41.3132564	-105.5907726
517411260	41.2291834	-105.7215015
517412170	41.3097004	-105.5882716
517411886	41.3722734	-105.9463905
517413079	41.3302434	-105.5759106
513005677	35.4857838	-97.6202031
517413972	41.2924334	-105.5165006
517413065	41.3201134	-105.5910006
517411573	41.2495934	-105.7152705
517411100	41.3202074	-105.6717675
517411214	41.3956744	-105.8885445
517419111	41.2218550	-104.1195361
517411226	41.3100934	-105.5948556
517412610	41.3060234	-105.5605506
517411964	41.3201134	-105.5922206
517411483	41.1021135	-106.0085405
517412356	41.3051234	-105.5868306
517412037	41.3135034	-105.5910706
517412254	41.3124114	-105.5859796
517416502	41.1408934	-104.8072608
503026890	39.7842636	-104.9240109
517411652	41.3056734	-105.6238806
517411219	41.2611224	-105.6032366
517416394	41.1364034	-104.8046608
517412873	41.3254134	-105.5810706
517412874	41.3255034	-105.5903206
517411408	41.2999044	-105.6129575
517412178	41.3097004	-105.5882716
517412623	41.3101034	-105.5821006
517412060	41.3228034	-105.5927006
517416039	41.1523964	-104.8083398
517412802	41.3173034	-105.5844906
517415548	41.1329934	-104.8151408
517412701	41.3051734	-105.5795606
513003277	35.4834668	-97.6332731
517411673	41.2845534	-105.5962906
517411868	41.3105034	-105.5913506
517411987	41.3135034	-105.5910706
517413485	41.1206634	-104.8320308
517412389	41.3080434	-105.5661906
517414027	41.3919634	-105.5342906
517412560	41.3020634	-105.5768306
517412363	41.2993434	-105.5669306
517412650	41.3054034	-105.5885206
517411787	41.2938234	-105.5905706
517412643	41.3089334	-105.5815706
517412757	41.3317234	-105.5731106
503229682	39.9952035	-104.6349909
513004528	35.4929638	-97.6266431
517411398	41.3115014	-105.6004096
515938009	32.6960743	-96.8738035
517413071	41.3283934	-105.5797206
517412961	41.3212034	-105.5572106
517411349	41.3189904	-105.5913246
503225784	39.9694635	-104.8298509
517433434	42.0497613	-104.9623676
516809061	36.8054836	-75.9917371
517415361	41.1373634	-104.8138008
517419126	41.1135843	-104.1208411
517413049	41.3201134	-105.5910006
517417523	41.1444034	-104.7727108
517414328	41.1341334	-104.8283808
517411939	41.3152334	-105.5927406
517413094	41.2882534	-105.5321966
517412101	41.3090174	-105.5581266
517411632	41.3092934	-105.5902106
517411503	41.2927734	-105.6305306
517411650	41.3060934	-105.5938406
517411187	41.3118114	-105.5920506
508101072	39.0777500	-94.5847926
517411638	41.3112534	-105.5946106
517411190	41.2866094	-105.5984566
517412124	41.3090174	-105.5581266
517411169	41.3112464	-105.5960706
517411983	41.3212634	-105.6083506
517417687	41.0000734	-104.7749408
517411565	41.3170234	-105.6213106
517413003	41.3298534	-105.5846506
517414090	41.1350134	-104.8211408
517411309	41.3119504	-105.5959836
517411250	41.3110414	-105.5947606
517411174	41.3109314	-105.5934086
502332848	37.7995351	-122.4370778
517412567	41.3003734	-105.5807906
517418000	41.1598634	-104.7916708
517415124	41.1339824	-104.8145558
517411821	41.2917434	-105.5905006
517413261	41.1991214	-105.2442877
517412349	41.2978634	-105.5725706
513005775	35.4894038	-97.6201331
517411772	41.3101734	-105.5920906
503172123	39.9803936	-105.2459208
517416859	41.1607234	-104.8016608
503254049	40.5323635	-105.0425008
503229794	39.9787635	-104.7008709
517412566	41.3049834	-105.5814906
517661372	43.8514400	-104.2137745
517416328	41.1378034	-104.7966208
517412269	41.3222694	-105.5673126
517412556	41.3033834	-105.5704306
517411801	41.3074434	-105.5943606
517413566	41.1696534	-104.8418908
517412722	41.3054934	-105.5762906
517432738	42.2677342	-104.7520206
517412213	41.3088864	-105.5556276
517413315	41.3955244	-105.5325386
517411295	41.3109394	-105.5936766
503212968	39.9062536	-104.9920509
517412445	41.3014334	-105.5680406
517412974	41.3147934	-105.5900306
517411294	41.3075844	-105.6164086
517412565	41.2914834	-105.5847306
517433673	42.0578233	-104.9273206
517413095	41.1084964	-105.3333766
517411268	41.3127734	-105.5921276
517413343	41.1239534	-105.3019606
517417432	41.1453234	-104.7697708
517418459	41.1434834	-104.7491108
516811985	36.7741526	-75.9643092
517412781	41.3263634	-105.5763706
517412368	41.3058634	-105.5609806
517412995	41.3243734	-105.5688806
517412208	41.3093204	-105.5621506
517411885	41.1521535	-105.9847505
517411272	41.1393005	-105.8654155
517412577	41.3108734	-105.5800606
517412760	41.3233234	-105.5419306
517415753	41.1336234	-104.8150408
503171040	39.9789536	-105.2510308
517411356	41.3136744	-105.6064876
517412898	41.3236734	-105.5551106
517411866	41.3091934	-105.5915306
517411368	41.3277534	-105.5918686
517412145	41.3098714	-105.5753906
517411871	41.3136434	-105.6197606
517415125	41.1339824	-104.8145558
517412434	41.3103534	-105.5556306
517411719	41.3117534	-105.5957506
517412831	41.3212534	-105.5440506
503254024	40.5318835	-105.0414208
517412312	41.3295584	-105.5847136
517411872	41.2559834	-105.7003705
517412975	41.3234934	-105.5729406
517411785	41.2983734	-105.6246706
503252599	40.5255695	-105.0264178
502328889	37.7987151	-122.4435378
517413306	41.2847274	-105.5084876
517412216	41.3097004	-105.5882716
517411447	41.3086134	-105.5947706
517419213	41.1774833	-104.0755909
517396207	41.2256359	-111.9676002
517412942	41.3302034	-105.5705406
517411022	41.0107035	-106.1701105
517433621	42.2327132	-104.9452106
517417306	41.1388534	-104.7842708
517411371	41.3279374	-105.5917036
517504171	42.8448333	-106.3819802
517411237	41.3121734	-105.5959216
517412150	41.3085934	-105.5672956
517412669	41.3083534	-105.5843606
517411914	41.3121434	-105.5917606
517417308	41.1391034	-104.7758408
517418288	41.1349934	-104.7644908
517411432	41.3132566	-105.5907676
517412958	41.3248334	-105.5905106
503211823	39.9060436	-104.9936409
517412412	41.3091234	-105.5686506
517411333	41.3110644	-105.5949676
503229625	39.9901735	-104.6582309
517411375	41.3279654	-105.5917006
517419725	41.6676048	-106.0703865
517411779	41.3068034	-105.6197206
517413084	41.3250334	-105.5513306
517411851	41.3122934	-105.5950406
517412738	41.3052434	-105.5727906
517661745	43.6449213	-108.2127136
517417793	41.1606334	-104.7872108
517411962	41.3191734	-105.5923206
517413585	41.2220034	-104.8776607
517413014	41.3222434	-105.5488406
517412023	41.3259434	-105.5944206
517417786	41.1610034	-104.7896108
517414760	41.1730834	-104.8276908
517412383	41.1737734	-105.5534606
517412175	41.3097004	-105.5882716
517411096	41.3111264	-105.5959406
517412692	41.3053134	-105.5631406
517411396	41.3260924	-105.5931086
517414961	41.1668934	-104.8281708
517412495	41.2962234	-105.5731106
517412482	41.2573234	-105.5527106
517412183	41.3098364	-105.5575296
517396739	41.2321739	-111.9693592
517412886	41.3263634	-105.5823106
517411360	41.3129994	-105.6068366
517412487	41.2991334	-105.5782506
517412303	41.3274764	-105.5849586
517412068	41.3161934	-105.5938506
517412139	41.3088864	-105.5556276
517412551	41.3070534	-105.5784806
517413237	41.2907954	-105.1173697
517412522	41.3058134	-105.5699206
517412549	41.3068034	-105.5812506
517412850	41.3250334	-105.5825106
517414310	41.1387234	-104.8198908
517412164	41.3097004	-105.5882716
517411538	41.3140534	-105.6164706
503211379	39.8990566	-104.9965969
517411379	41.3266604	-105.5919736
517662366	43.6582864	-108.2198556
517412459	41.2747534	-105.5850706
503244658	40.3994405	-104.7348979
517414878	41.1737434	-104.8273408
517411095	41.1422205	-105.9350135
517418564	41.1307534	-104.7510308
517411649	41.3101734	-105.5920906
517412786	41.3240234	-105.5470606
503257947	40.5505635	-105.0659208
503023800	39.7848936	-104.9139409
517412936	41.3181734	-105.5899006
517413989	41.2836334	-105.5263306
517419724	41.6676048	-106.0703865
517411942	41.3227534	-105.5919306
517411717	41.3092734	-105.5920606
517411765	41.2927134	-105.5906406
517411488	41.3084534	-105.6268506
517413008	41.3212234	-105.5492306
517661170	43.8508150	-104.1980755
517417244	41.1317334	-104.7801108
517412861	41.3247534	-105.5837106
517411588	41.3112434	-105.5939406
517412546	41.2563134	-105.5541606
517412055	41.3072134	-105.6022506
517412491	41.2997434	-105.5654506
517417001	41.1926434	-104.8083908
517411645	41.2581234	-105.6991405
517411182	41.2599654	-105.6045976
517412245	41.3124114	-105.5859796
517411093	41.1898845	-105.8991195
503229773	39.9578035	-104.6259010
517411446	41.1756435	-105.8460705
517411966	41.3277334	-105.5921806
503172072	39.9764636	-105.2421908
517412340	41.3273334	-105.5879586
517412166	41.3097004	-105.5882716
517412299	41.3149614	-105.5797346
517412574	41.3103534	-105.5556306
517412314	41.3223434	-105.5673106
517415642	41.1395534	-104.8176508
517411789	41.1734835	-105.8596805
503265625	40.5555255	-105.0949158
517412908	41.3145634	-105.5862306
517414404	41.1360734	-104.8195808
517397235	41.2191789	-111.9593922
517411970	41.3130734	-105.5929706
517411853	41.3105234	-105.5940606
517417003	41.1598334	-104.8068808
517419244	41.6718494	-105.8025385
517411141	41.3126654	-105.5906956
517412172	41.2698654	-105.5429186
517413016	41.3254034	-105.5500606
517414462	41.1305634	-104.8231908
517411514	41.3093034	-105.6191106
517411752	41.3065434	-105.5897106
517661748	43.6461383	-108.2088526
517413017	41.3303334	-105.5782306
517414021	41.2968834	-105.5219906
503229612	39.9911635	-104.6541009
517411229	41.3015444	-105.5945476
517414935	41.1681534	-104.8267808
503260706	40.5433645	-105.0766098
517418945	41.1799434	-104.6135508
517411450	41.3113534	-105.5945106
517412408	41.3048134	-105.5815206
517411481	41.0813435	-106.0086605
517412133	41.3097004	-105.5882716
517412155	41.3090664	-105.5591276
517412403	41.3109534	-105.5878206
517662521	43.6402233	-108.2110196
517411550	41.3165934	-105.6197906
517417860	41.1598334	-104.7965708
517418069	41.1593674	-104.7195118
517411564	41.2917934	-105.5911906
517412153	41.3085494	-105.5546226
517411531	41.3130234	-105.6176906
503026750	39.7917736	-104.9216709
517411910	41.3086134	-105.5947706
517412817	41.3151634	-105.5791306
517413892	41.1527034	-105.0848607
517413430	41.1209134	-104.8473408
517417797	41.1606134	-104.7860708
517412049	41.3189034	-105.5923506
517412080	41.3146834	-105.5987106
517412779	41.3302034	-105.5705406
517412659	41.3081234	-105.5880606
517411194	41.3127734	-105.5921276
517416539	41.1361334	-104.8052908
517416926	41.1620434	-104.7988108
517411239	41.3118384	-105.5906986
517412509	41.3067334	-105.5515406
517412477	41.3076134	-105.5799206
517412536	41.3082434	-105.5694206
516809127	36.8054836	-75.9917371
517412658	41.3073334	-105.5652306
517412618	41.3064734	-105.5458606
517412180	41.3085494	-105.5546226
517412555	41.3069934	-105.5614706
517412900	41.3219434	-105.5626506
517432536	42.0972733	-105.6414704
517412138	41.3088864	-105.5556276
517415470	41.1329934	-104.8151408
517411485	41.3420034	-105.6447305
517414013	41.2966634	-105.5085306
517411591	41.3066234	-105.5949906
517413630	41.1766734	-104.8358908
517432551	42.2372232	-104.9664806
503253988	40.5323635	-105.0425008
517432492	42.0652162	-106.1934457
517412794	41.3177134	-105.5853606
515942970	32.6921443	-96.8895835
517411811	41.3122734	-105.5955106
517413045	41.3245134	-105.5488506
517432668	42.0571133	-104.9818206
503244104	40.3942935	-104.7277309
517411153	41.3119234	-105.5947286
517418209	41.0895034	-104.5232507
517413863	41.1822634	-104.8347508
517412953	41.3131634	-105.5534306
517412310	41.3265214	-105.5892016
517411665	41.3106334	-105.6268806
517412392	41.3100934	-105.5848606
515934846	32.6996343	-96.8637335
517411751	41.3118134	-105.5940006
517414697	41.1225334	-104.8279708
517417296	41.1378334	-104.7855008
517410667	41.2984271	-106.1422356
517412559	41.3103534	-105.5556306
517411774	41.3011434	-105.5955506
517411893	41.2541034	-105.6002906
517412875	41.3309534	-105.5836406
517411998	41.3136234	-105.5936906
517411302	41.3117844	-105.5934466
517411374	41.3237674	-105.5921366
517411798	41.3101634	-105.5918506
517412666	41.3031834	-105.5798106
517412052	41.3146434	-105.5942406
503225516	39.9410535	-104.8353509
517412907	41.3244734	-105.5723306
517411568	41.3119234	-105.5953206
517412380	41.3036034	-105.5808406
517413338	41.2973534	-105.5336406
503244711	40.4044905	-104.7349529
517411629	41.3112434	-105.5939406
517412940	41.3232734	-105.5850906
517411518	41.3129234	-105.6325605
517418008	41.1606334	-104.7872108
517415650	41.1348634	-104.8163308
517415034	41.1354044	-104.8141658
517416884	41.1598634	-104.8007308
517411255	41.3110564	-105.5948226
517411139	41.2956344	-105.5942876
517432567	42.2646533	-105.0425206
517414684	41.1196134	-104.8297208
502812572	39.0888559	-108.6029862
517412803	41.3280434	-105.5734106
517412810	41.3211634	-105.5681106
517412263	41.3227744	-105.5768666
517411197	41.3954924	-105.8361415
517411530	41.3120734	-105.6329205
517411513	41.3105534	-105.5939006
517411144	41.3110644	-105.5949676
517417233	41.1335234	-104.7886908
517412635	41.3103534	-105.5556306
517411183	41.3202074	-105.6717675
517412126	41.2928494	-105.5394256
517412050	41.3246434	-105.5917306
517417204	41.1440434	-104.7945208
517411313	41.3102034	-105.5948696
517412870	41.3246034	-105.5904206
517413076	41.3191834	-105.5910006
517412682	41.2993934	-105.5650306
516809212	36.8089726	-75.9941891
517411690	41.3071134	-105.5945106
517411988	41.3108434	-105.6022806
517412295	41.3316694	-105.5878806
517412443	41.3072734	-105.5643506
517412405	41.3086834	-105.5625006
517412088	41.3142934	-105.5928406
517413997	41.3017034	-105.5331406
517411175	41.3119424	-105.5935756
517419024	41.4039443	-104.2304629
517412281	41.3276054	-105.5800916
515941936	32.6929743	-96.8853235
517412695	41.2937834	-105.5882806
517412104	41.3097004	-105.5882716
517411880	41.2947034	-105.6329206
517411980	41.3240334	-105.5932406
517413570	41.1486034	-105.2335807
517412955	41.3139334	-105.5910206
517412038	41.3178934	-105.5919206
517411662	41.3056834	-105.6361905
517412729	41.3095134	-105.5724006
517412570	41.3017334	-105.5652606
503225572	39.9632535	-104.8205909
517414093	41.1326674	-104.8182618
517416951	41.1620434	-104.7988108
517411810	41.2938234	-105.5910306
517411245	41.3119874	-105.5947306
517411677	41.3137734	-105.6214006
517412273	41.3228634	-105.5768636
517412934	41.3211334	-105.5789706
517411709	41.3159834	-105.6235406
517411150	41.3118214	-105.5934426
517415746	41.1352034	-104.8189908
517412604	41.3074334	-105.5472306
517411113	41.0757685	-106.0104535
517412394	41.3064734	-105.5458606
517412407	41.3100934	-105.5848606
517417302	41.1402134	-104.7962408
517411626	41.3125334	-105.6255206
517412719	41.3100734	-105.5528006
517412431	41.2891034	-105.5783306
517411744	41.3112434	-105.5939406
517411365	41.3274964	-105.5918166
517412282	41.3270654	-105.5834236
517418700	41.1291634	-104.7396908
517416964	41.1620434	-104.7988108
503243569	40.3935655	-104.7189479
517412790	41.3241634	-105.5741206
517412773	41.3241334	-105.5538406
517415549	41.1340934	-104.8137008
517412584	41.3109434	-105.5875306
517415305	41.1331434	-104.8188008
517411230	41.3029624	-105.5970196
517432727	42.2685312	-104.7414796
517412091	41.3061834	-105.6031406
517412064	41.3155734	-105.5934706
517412025	41.3278034	-105.6020906
517412812	41.3174234	-105.5840806
517411607	41.1707635	-105.8917805
517414028	41.3881834	-105.5354606
517412335	41.3228274	-105.5768646
517411680	41.3064734	-105.5905006
517418043	41.1009744	-104.4883438
517413032	41.3139734	-105.5876106
517411185	41.3143814	-105.6187826
517411318	41.3202074	-105.6717675
503239118	40.6102933	-103.2227512
517412167	41.3094364	-105.5644756
517412529	41.3007934	-105.5859606
517411912	41.3102634	-105.5945906
517413048	41.3139334	-105.5910206
517411116	41.3108984	-105.6079096
517412157	41.3050944	-105.5635526
517411981	41.3156034	-105.5940106
517412740	41.3097034	-105.5759806
517411769	41.3087534	-105.5928606
517411200	41.3110434	-105.5934496
517411780	41.2497934	-105.5982906
517411369	41.3279374	-105.5917036
517411836	41.3193634	-105.6213206
517416944	41.1596634	-104.8019908
517412716	41.2976134	-105.5635106
517411816	41.3086734	-105.6179106
502814223	39.0788239	-108.5828602
517419827	41.4129634	-105.5881105
517419011	41.2112834	-104.5826108
517412020	41.3253634	-105.5916506
517412819	41.3242734	-105.5750406
502812946	39.0964739	-108.6227702
517419787	41.4203333	-104.1721709
517415524	41.1361234	-104.8144208
517415207	41.1423534	-104.8181008
517414015	41.2924834	-105.5240006
517396577	41.2254139	-111.9681492
517415297	41.1337634	-104.8148208
517412376	41.2990734	-105.5624406
502328777	37.7971551	-122.4446078
517412430	41.3069934	-105.5866206
517412498	41.3074834	-105.5479706
503229205	39.9739085	-104.6466049
517412768	41.3223134	-105.5654306
517412711	41.3108734	-105.5800606
517411108	41.2973265	-106.1397584
517412005	41.3130934	-105.5989106
517412823	41.3303634	-105.5808506
517412904	41.3190034	-105.5801006
517411741	41.3085434	-105.6161106
517412436	41.3059534	-105.5720406
517503641	42.8221533	-106.3834202
517432376	42.0544373	-104.9630906
517415179	41.1339824	-104.8145558
517411407	41.3266604	-105.5919736
517411233	41.3089704	-105.5923946
517412822	41.3226934	-105.5481706
517412135	41.3086864	-105.5664866
517411926	41.2718934	-105.5984106
517411558	41.3009134	-105.5955806
502328033	37.7981851	-122.4469878
517412638	41.3062334	-105.5479806
517412956	41.3285234	-105.5657606
517412435	41.3035134	-105.5793706
517411140	41.3067724	-105.6336155
517412468	41.3103534	-105.5556306
517411321	41.3091124	-105.5938826
503225175	39.9603445	-104.8378199
517419148	41.1908033	-104.3585309
517411021	41.0799935	-106.1555705
503251986	40.5245035	-105.0224208
517411345	41.3102894	-105.6033096
515939954	32.6939043	-96.8798735
517413011	41.3223834	-105.5596906
517412981	41.3123334	-105.5873906
517415316	41.1339834	-104.8142808
517414024	41.3024634	-105.5340306
517414000	41.3006634	-105.5294806
517411125	41.1646855	-105.9009105
517412630	41.3035234	-105.5700606
517415327	41.1456234	-104.8170208
517411403	41.3115014	-105.6004096
517414008	41.2870834	-105.5294206
517413047	41.3239334	-105.5686406
517419821	41.4379434	-105.9429505
517413274	41.2236524	-104.9021427
517396733	41.2187939	-111.9667792
517412189	41.3095834	-105.5672576
517411809	41.2408734	-105.7432205
517411123	41.2758494	-105.5976076
517416492	41.1367234	-104.8098408
517412480	41.2999334	-105.5622906
517416844	41.1761234	-104.8094308
517412702	41.3086434	-105.5569706
517412410	41.3042234	-105.5881006
517504098	42.8478233	-106.3750302
517662496	43.6446633	-108.2146996
517418605	41.1349234	-104.7451308
517416984	41.1649534	-104.8068908
517411437	41.3132566	-105.5907676
517414584	41.1425334	-104.8279708
517419799	41.5732134	-105.6930905
517411946	41.3197434	-105.5932706
517417214	41.1428934	-104.7842808
517418017	41.1975334	-104.7954108
517412503	41.3107534	-105.5853306
517498769	42.4689592	-104.9684945
517415992	41.1717234	-104.8179008
517411852	41.3092834	-105.6176006
517412826	41.3274834	-105.5909706
517411385	41.3121554	-105.5986396
517413078	41.3130034	-105.5554606
517412084	41.3167534	-105.5911106
517411804	41.3083034	-105.5895306
517412336	41.3222694	-105.5673126
503242719	40.3935585	-104.7186399
517417405	41.1396634	-104.7711408
517412640	41.2941634	-105.5882706
517414061	41.1355264	-104.8226308
517411756	41.1952534	-105.8240605
517419723	41.6676048	-106.0703865
517412538	41.3054134	-105.5617706
517419846	41.9079033	-104.7161707
517412909	41.3260234	-105.5698306
517416540	41.1419034	-104.8038008
517412059	41.3132934	-105.5916506
517411363	41.3232454	-105.5912296
517412096	41.3100934	-105.5804336
517419729	41.6676044	-106.0703904
517411274	41.3005454	-105.5961176
517498763	42.5029052	-105.0260355
517412713	41.1676634	-105.5552406
517411627	41.3093634	-105.6226706
517411118	41.3090684	-105.5937406
517411704	41.3044534	-105.6266206
517412841	41.3212734	-105.5403006
517411870	41.3100134	-105.6336605
517412066	41.3111734	-105.6011306
517412872	41.3210434	-105.5513106
517412460	41.2997234	-105.5681506
517412134	41.2099384	-105.5608026
517414132	41.1214224	-104.8308438
503264508	40.5554905	-105.0929128
517412433	41.3002234	-105.5639106
517413002	41.3122234	-105.5560006
517416968	41.1620434	-104.7988108
517416138	41.1214594	-104.8067948
517411996	41.3268834	-105.6118206
517419833	41.4246834	-105.6022505
517412996	41.3122234	-105.5560006
517411727	41.3145134	-105.6163706
517411589	41.3065834	-105.6271206
517419438	41.8053344	-105.8962034
517411507	41.3121934	-105.6332005
517662353	43.6582864	-108.2198556
517411581	41.1688035	-105.8239505
517412662	41.3048834	-105.5806406
503244955	40.4043935	-104.7344609
502812719	39.1063767	-108.5962988
517412267	41.3274544	-105.5848496
517412921	41.3221034	-105.5394806
517412112	41.3085494	-105.5546226
517419015	41.1572434	-104.6910308
517413073	41.3249834	-105.5477106
517411463	41.3073034	-105.6296506
517416477	41.1453234	-104.8057008
517412925	41.3220334	-105.5730106
517412098	41.3097004	-105.5882716
516809122	36.8069706	-75.9903381
517412804	41.3305134	-105.5826106
503221433	39.8012636	-104.9199509
517416905	41.1620434	-104.7988108
517412011	41.3235034	-105.5918606
503244165	40.3979835	-104.7179209
517417462	41.1374634	-104.7744708
503238545	40.6128173	-103.2168802
517412605	41.2975534	-105.5736106
517412673	41.3091234	-105.5686506
517413385	41.1307834	-104.8399908
517416927	41.1620434	-104.7988108
517412371	41.2981834	-105.5663306
517412611	41.3054534	-105.5833706
517412915	41.3263834	-105.5741806
517412350	41.3020434	-105.5650606
517417417	41.1430934	-104.7943108
517412983	41.3212234	-105.5492306
517411950	41.3215534	-105.5931806
517412828	41.3210834	-105.5778406
517411833	41.3101734	-105.6199206
517416392	41.1347334	-104.7964008
517415252	41.1362334	-104.8156108
517416818	41.1311634	-104.7979508
517411231	41.3007374	-105.5960986
517411327	41.2895194	-105.5977146
503254013	40.5318835	-105.0414208
517411860	41.3094934	-105.5920406
517411849	41.3081034	-105.5956006
517412426	41.1664434	-105.5624506
517412689	41.3040134	-105.5799606
517411792	41.3040734	-105.5939406
517412391	41.3108334	-105.5798006
517412315	41.3283314	-105.5741326
517411552	41.3101734	-105.5906606
517412290	41.3266024	-105.5732626
517415649	41.1327834	-104.8160208
517411547	41.3029034	-105.5940706
517411256	41.2506455	-106.0800245
517416246	41.1602914	-104.7969398
517411135	41.3118034	-105.5934446
517415081	41.1335124	-104.8159438
517411667	41.3112934	-105.5931606
517412639	41.3077734	-105.5613706
517412451	41.3039334	-105.5449106
517412569	41.2978634	-105.5741506
517411732	41.3092534	-105.6229306
517411102	41.3071904	-105.5959526
517411149	41.3112304	-105.5958556
517412741	41.3218934	-105.5821606
517412400	41.2896134	-105.5887606
512653100	46.9057510	-96.9158049
517412778	41.3255534	-105.5715406
517416899	41.1597834	-104.7977908
517412343	41.3714664	-105.5496776
517412748	41.3225534	-105.5399706
517413057	41.3170934	-105.5899106
517411430	41.3132566	-105.5907676
517433331	42.0535343	-104.9630906
517417123	41.1628976	-104.7853689
517419838	41.8514534	-105.6732705
517413946	41.1847834	-104.8322108
517411943	41.3245334	-105.5987206
517411621	41.3117934	-105.5937606
517411586	41.3092834	-105.6176006
517411963	41.3131134	-105.5997706
517411316	41.3108234	-105.5921976
517412332	41.3324834	-105.5832856
503171113	39.9764236	-105.2526608
517412274	41.3228634	-105.5768636
516809146	36.8073236	-75.9902221
517411974	41.3273534	-105.5929906
517413998	41.2434534	-105.5282206
517411753	41.3069034	-105.5944206
517411674	41.2009034	-105.7932305
517663087	43.6368133	-108.2305596
517415962	41.1665034	-104.8130008
517412192	41.3097004	-105.5882716
517661623	43.6447613	-108.2085696
517412797	41.3250334	-105.5532706
517413012	41.3270634	-105.5729306
517412129	41.2627824	-105.5849986
517412919	41.3149034	-105.5888306
517411212	41.3072574	-105.5950666
517413774	41.1837534	-105.1754507
517414648	41.1250734	-104.8219008
517396188	41.2247439	-111.9660282
517416209	41.1603614	-104.8062958
517411459	41.3140334	-105.6236506
517661390	43.8555740	-104.2009265
517412881	41.3266934	-105.5848506
517412184	41.3097004	-105.5882716
517413083	41.3231634	-105.5759906
517415214	41.1317934	-104.8155208
517418439	41.1451634	-104.7484108
517411832	41.3118734	-105.5958706
502994546	39.7414206	-104.8421469
517411164	41.3202074	-105.6717675
517412664	41.2909234	-105.5783506
517412684	41.3072234	-105.5627106
517412706	41.3088234	-105.5618806
517415658	41.1339834	-104.8142808
517412504	41.3040334	-105.5801706
503253509	40.5325135	-105.0392248
517412903	41.3256434	-105.5897706
517411502	41.2995134	-105.5943506
517411625	41.3014434	-105.5915306
503213024	39.9113036	-104.9917509
503263538	40.5527485	-105.0886668
517396587	41.2301739	-111.9678392
517412056	41.3102734	-105.6000706
517419245	41.4269554	-105.7456725
517412511	41.3070834	-105.5803906
517411706	41.3124534	-105.5911706
517419231	41.4335753	-104.1313199
517419189	41.1782433	-104.0653509
517412595	41.2983434	-105.5744006
517412937	41.3283834	-105.5774606
517412589	41.3082834	-105.5829606
517412045	41.3259534	-105.5991406
517413838	41.1787334	-104.8403608
517414865	41.1766734	-104.8291808
517411695	41.3044534	-105.6266206
503170361	39.9848856	-105.2493828
517413063	41.3216234	-105.5725006
517411827	41.3250534	-105.6174706
517412543	41.3088034	-105.5791006
517411136	41.2763894	-105.5995806
503264494	40.5555235	-105.0947598
517412105	41.2934714	-105.5886076
517417112	41.1628976	-104.7853689
517412024	41.3135034	-105.5910706
517411834	41.3093134	-105.6164406
517412862	41.3238734	-105.5426206
517412959	41.3274834	-105.5909706
517413059	41.3274834	-105.5909706
517412502	41.3085534	-105.5604306
517411110	41.0564355	-106.0103375
517411783	41.3198434	-105.6195006
517412724	41.3049834	-105.5814906
517412876	41.3306734	-105.5793006
517411486	41.3091234	-105.5908806
517416918	41.1996234	-104.8022608
517412473	41.3064234	-105.5852406
517413210	41.2329894	-104.8918887
517413069	41.3255034	-105.5903206
515933872	32.7012543	-96.8603335
517413098	41.1247174	-105.2997027
517413090	41.3255634	-105.5709906
517416049	41.1347984	-104.8068078
517412201	41.3061214	-105.5702366
517663219	43.6449733	-108.2245096
517412454	41.3097034	-105.5759806
517412271	41.3196004	-105.5770066
517413093	41.2862634	-105.5285816
517412070	41.3265234	-105.5946306
517411850	41.3126634	-105.5951106
503015785	39.6033526	-104.8993979
517412624	41.3018834	-105.5820406
517433452	42.0561903	-104.9568066
517416158	41.1603134	-104.7988478
516809283	36.8092126	-75.9891591
503265996	40.5551035	-105.0949108
517411700	41.3070934	-105.5942706
517411788	41.3593834	-105.9031005
503243998	40.3988435	-104.7234209
517412321	41.3227744	-105.5768666
517411927	41.3178834	-105.5911406
517412016	41.3202434	-105.5932906
517411393	41.3279644	-105.5917006
517412174	41.3085494	-105.5546226
517662472	43.6375533	-108.2142496
517412413	41.3074934	-105.5857906
517419109	41.1510441	-104.1015811
517412801	41.3229434	-105.5502806
517411482	41.0821635	-106.0075405
517416188	41.1603614	-104.8062958
517412364	41.3000534	-105.5800806
517411242	41.3121674	-105.5958256
517416077	41.1409004	-104.7968908
517411954	41.3273334	-105.5926606
517413982	41.2925134	-105.5329306
517411570	41.3101734	-105.5906606
517412608	41.3075534	-105.5568706
517411603	41.3156134	-105.6236606
517411958	41.3212634	-105.6083506
517412791	41.3302434	-105.5729406
517413033	41.3245134	-105.5503606
517412772	41.3280434	-105.5824206
517412800	41.3255034	-105.5903206
517411630	41.3122934	-105.5951206
517411351	41.3266604	-105.5919736
517412082	41.3128534	-105.5956306
517412734	41.3059234	-105.5644906
508100918	39.0793790	-94.5832186
517413971	41.2840834	-105.5271806
517411740	41.3091934	-105.5915306
517411945	41.3256434	-105.5897706
517412099	41.2919994	-105.5855506
517412591	41.3102134	-105.5893306
517414009	41.3002634	-105.5363106
517416746	41.1253434	-104.8093908
517412428	41.3097034	-105.5759806
517416201	41.1597724	-104.7971358
517412792	41.3230734	-105.5607106
517412859	41.3130034	-105.5890306
517412352	41.2922734	-105.5409906
517411951	41.3101434	-105.6014306
517412989	41.3225234	-105.5435406
517411915	41.3054734	-105.6292906
503254067	40.5310835	-105.0409008
503260668	40.5433645	-105.0766098
517412297	41.3227744	-105.5768666
517412328	41.3248914	-105.5707636
517412472	41.3091234	-105.5643806
517411874	41.3001634	-105.5956306
517418678	41.1254834	-104.7528008
517419347	41.4249894	-105.7833505
517415500	41.1350034	-104.8159408
517410669	41.2984271	-106.1422356
517412785	41.3238634	-105.5823806
517412337	41.3167564	-105.5863136
517411145	41.2956344	-105.5942876
517412775	41.3195034	-105.5882706
517412793	41.3231734	-105.5674706
517411105	41.3203325	-106.1386254
517412951	41.3306534	-105.5820206
517412527	41.3070434	-105.5797806
517416351	41.1424134	-104.7990308
517419635	41.8529933	-105.3583695
517412855	41.3299134	-105.5851206
502992835	39.7477386	-104.8340509
517411916	41.3023934	-105.5948806
517411883	41.3112734	-105.6243506
517411771	41.2466334	-105.7197005
517416273	41.1602914	-104.7969398
503253998	40.5316635	-105.0397708
517413312	41.2839424	-105.5256136
517412680	41.3097834	-105.5781806
512653535	46.8931520	-96.9025019
517419058	41.1959333	-104.0625929
517413253	41.1693804	-104.8408198
517412865	41.3210834	-105.5523606
517411543	41.2991334	-105.6321906
517411468	41.2877235	-106.1284804
517412418	41.3048334	-105.5880406
517415683	41.1330434	-104.8164908
508100895	39.0793790	-94.5832186
517411846	41.3106234	-105.5907306
517412372	41.3068634	-105.5520206
517418215	41.2106536	-104.4783292
517412612	41.2740934	-105.5841306
517419727	41.6676048	-106.0703865
517411713	41.2493734	-105.5991506
517412506	41.3084934	-105.5867606
517412922	41.3209734	-105.5509006
517504199	42.8422233	-106.3661902
517411666	41.3099934	-105.5953906
517412867	41.3319134	-105.5736706
517412026	41.3217034	-105.5974306
517417152	41.1319334	-104.7762308
517417560	41.1366234	-104.7733408
517411743	41.3004034	-105.6111306
517411612	41.3072734	-105.6243206
517414957	41.1762034	-104.8273108
517418952	41.1560034	-104.6647808
517396183	41.2215049	-111.9647572
517411461	41.3106034	-105.6191206
516809216	36.8084826	-75.9894891
517411392	41.3229234	-105.5935216
503262097	40.5511335	-105.0776708
517412931	41.3248334	-105.5905106
517411114	41.0826845	-106.0102905
503244159	40.3931635	-104.7229209
517416981	41.1620434	-104.7988108
517412928	41.3246634	-105.5892206
517412374	41.3003534	-105.5675406
503238834	40.6167833	-103.2221512
517412270	41.3265794	-105.5750296
517412230	41.3124114	-105.5859796
517416072	41.1368884	-104.8039638
517412882	41.3247034	-105.5685506
502330906	37.7999551	-122.4397378
517411875	41.0208535	-105.7207006
517412869	41.3292734	-105.5743606
515942976	32.7034343	-96.8889735
517415850	41.1327834	-104.8160208
517412654	41.3034434	-105.5778806
517661106	43.8487920	-104.1883545
517415735	41.1326534	-104.8163808
517413970	41.2935534	-105.5245406
517504172	42.8408133	-106.3713902
517411977	41.3164934	-105.6007306
517411669	41.2989134	-105.5954806
517415313	41.1457934	-104.8174508
517412322	41.3149164	-105.5851906
517411678	41.3094934	-105.5946706
517412211	41.3097004	-105.5882716
503262239	40.5414735	-105.0784108
517413771	41.1903234	-104.8338708
517413981	41.2938734	-105.5090606
517411956	41.3074634	-105.6003706
517411826	41.3087434	-105.6214306
503254053	40.5340135	-105.0388108
503244143	40.4042535	-104.7226209
517412788	41.3211234	-105.5787006
517412759	41.3224434	-105.5593206
517412262	41.3188284	-105.5706446
517411292	41.2227495	-106.0892075
517411647	41.3097934	-105.6236106
517411366	41.3280254	-105.5918416
517412537	41.3080034	-105.5548906
517411454	41.3109334	-105.6236206
517411923	41.3120834	-105.5912306
517412377	41.2999134	-105.5656606
517412766	41.3272634	-105.5640306
517412977	41.3291334	-105.5789206
517413388	41.1269634	-104.8325108
517411467	41.2977835	-106.1400804
517415145	41.1336894	-104.8143958
512652518	46.9234120	-96.8649519
515941946	32.6953943	-96.8855035
517411117	41.2313895	-106.0872305
517412136	41.3085784	-105.5672956
517413977	41.3025234	-105.5330606
513005785	35.4845538	-97.6237631
517411593	41.2939634	-105.6268706
517661717	43.6403513	-108.2122116
517412117	41.3098714	-105.5753906
517413001	41.3112834	-105.5739906
517411361	41.3278874	-105.5918546
517412880	41.3232234	-105.5509106
517412354	41.3027834	-105.5607406
517412929	41.3221034	-105.5423006
517412103	41.3084604	-105.5672956
517411694	41.3100934	-105.6318505
517413269	41.1678154	-104.8417818
517411325	41.3202074	-105.6717675
517411972	41.3115734	-105.5992806
517419678	41.4184534	-104.2188672
517417531	41.1388334	-104.7778308
517411273	41.3091474	-105.5948676
517412728	41.3069834	-105.5753606
517411266	41.3118594	-105.5934386
517415525	41.1358634	-104.8136908
517411477	41.3115334	-105.5958106
517418197	41.0714570	-104.3613877
517411484	41.1051035	-106.0083305
517411120	41.3042034	-105.5913626
517414031	41.1871534	-105.4108406
517412195	41.3097004	-105.5882716
