sp_id	latitude	longitude
517423700	41.7888867	-110.5469694
517507439	43.2513769	-110.9322074
517432276	42.0843797	-110.9504393
517506651	42.9147027	-111.0009231
517423763	41.7977867	-110.5420384
517508692	43.4771636	-110.7612091
517508019	43.4744246	-110.7813031
517506369	42.6780437	-110.9575102
517508293	43.4844236	-110.7641691
517423836	41.7971558	-110.5385546
517507560	43.4743336	-110.7869191
517662738	43.8384675	-110.4433071
506926795	42.6590617	-111.6005380
517506271	42.7449457	-110.9434482
517423579	41.7921957	-110.5364634
517507245	43.0333236	-111.0121681
517508381	43.4805436	-110.7642091
517507458	43.0661540	-111.0116486
517423665	41.7900297	-110.5455394
517507247	43.0719356	-110.9918951
517507480	43.0210743	-111.0295877
517506570	42.7931837	-110.9227052
506983892	43.5274907	-111.9641328
517507445	43.2513769	-110.9322074
517508588	43.4807336	-110.7620291
517369240	40.7724450	-111.9580952
517508493	43.4793236	-110.7625591
517506681	42.9173217	-111.0022311
517506557	42.9824707	-111.0258991
517506364	42.6942157	-110.9287992
506926607	42.6576217	-111.6037450
517423726	41.7973367	-110.5443824
517507444	43.2513769	-110.9322074
517508307	43.4800236	-110.7576291
517508397	43.4792536	-110.7594691
517414287	41.1387234	-104.8198908
517663095	43.5189636	-110.7492091
517507770	43.4350936	-110.8018591
517508180	43.4799536	-110.7599291
517506323	42.7186447	-110.9335112
510784383	36.1523967	-115.2435122
517508589	43.4798836	-110.7627191
517507547	43.4695936	-110.8403091
517506662	42.9158467	-111.0007371
517339391	40.6847890	-111.8714783
517507236	43.0381356	-111.0122181
517506262	42.6637677	-110.9333382
517507449	43.2513769	-110.9322074
517662807	43.5319386	-110.8433351
517506748	42.7072240	-110.9389790
517506239	42.7509287	-110.9252992
517409944	41.2704438	-110.9686694
517507495	43.4702565	-110.7859762
517507413	43.0987456	-111.0229659
517507438	43.0719943	-110.9904381
517662741	43.5917086	-110.8128181
517507345	43.4583246	-110.7986531
517508524	43.4840836	-110.7641691
517508278	43.4750636	-110.7488291
517508595	43.4768936	-110.7463891
517508695	43.4729636	-110.7654791
517423775	41.8082067	-110.5341254
517423701	41.7874377	-110.5406084
517392858	41.2492439	-111.9932892
517423762	41.7900437	-110.5368274
517423722	41.7937447	-110.5442294
517506425	42.7207777	-110.9335632
517508635	43.4775636	-110.7634391
517508049	43.4838856	-110.7636691
517506654	42.9732016	-110.9599391
517508565	43.4216336	-110.7798391
517423697	41.7950787	-110.5399204
517508569	43.4792536	-110.7626991
517663345	43.5264036	-110.8506991
517506479	42.8319727	-110.9907041
517506332	42.7449457	-110.9434482
517506451	42.7139947	-110.9336012
517507216	43.1743466	-111.0083071
517423657	41.7942167	-110.5359274
517508581	43.4735036	-110.7514791
517508052	43.4245106	-110.7757181
517507550	43.4614036	-110.8108891
517506215	42.6778457	-110.9795182
517508647	43.4757636	-110.7550791
517507464	42.9962248	-111.0435893
517507291	43.4646436	-110.7932811
513096707	36.1816836	-95.9041335
517506661	42.9158467	-111.0007371
517506492	42.8744677	-110.9235962
517663169	43.8489935	-110.4182191
517508056	43.4797586	-110.7508131
517506702	42.9128457	-110.9997641
517509347	43.3917736	-110.7172291
517507454	43.2513769	-110.9322074
517432287	42.0844237	-110.9502913
517662753	43.5853416	-110.8288701
517507273	43.4722206	-110.7881071
517508353	43.4799436	-110.7680291
517508577	43.4792736	-110.7441791
517508624	43.4773936	-110.7703091
517506634	42.6203337	-110.9024192
517507331	43.4617596	-110.7977931
517508455	43.4258236	-110.7761691
517507749	43.4717136	-110.7876691
517506458	42.7253457	-110.9309262
517365391	40.7259046	-111.9401194
517432370	42.2620577	-110.1969284
517506288	42.7190817	-110.9336672
506146316	41.3053926	-93.1094237
517506868	42.9627556	-110.9801850
517508110	43.4730373	-110.7697172
517506401	42.7386327	-110.9532002
517508516	43.3759736	-110.7486791
517415280	41.1337734	-104.8163108
517506487	42.8744677	-110.9235962
517508773	43.4801736	-110.7639191
517506684	42.9158467	-111.0007371
517432281	42.1503507	-110.9781733
517423607	41.7885797	-110.5507494
517508253	43.4805236	-110.7627291
517340320	40.6808230	-111.8750583
517507850	43.4961736	-110.8696891
517508716	43.4801536	-110.7605691
517506689	42.9882086	-110.9606361
517415725	41.1349934	-104.8174808
517507895	43.5012136	-110.8683191
517284521	40.3227670	-111.6800174
517409982	41.3256038	-110.9973194
517508076	43.4259256	-110.7780781
517423743	41.7901167	-110.5366274
517508413	43.4801536	-110.7605691
517506305	42.6935977	-110.9297202
517506362	42.7242967	-110.9334772
517508654	43.4719336	-110.7625591
517432477	42.2632662	-110.1942867
517507766	43.4350936	-110.8018591
517508309	43.4788936	-110.7604091
517416086	41.1368884	-104.8039638
517508359	43.4792636	-110.7570691
517506222	42.6469307	-110.9334372
506146078	41.3150086	-93.1353557
517506709	42.9260747	-111.0047111
517507618	43.4614536	-110.7972991
517507280	43.4252736	-110.8057801
517506273	42.7253137	-110.9354042
517507228	43.0673046	-111.0116371
517507476	43.0210743	-111.0295877
517506412	42.7218797	-110.9355572
517508835	43.4767536	-110.7472191
517506736	42.9173967	-111.0040071
517432473	42.2207839	-110.7310988
517423740	41.7894307	-110.5476834
517508747	43.4724436	-110.7835591
517508165	43.4792536	-110.7598391
517508002	43.4821146	-110.7572021
517506274	42.7356057	-110.9531622
517506567	42.7940807	-110.9864912
517662920	43.7559236	-111.0190590
517508047	43.4233236	-110.7750511
517662850	43.8416371	-110.5084043
517423632	41.7969257	-110.5383964
517506763	42.7250056	-110.9494441
517432351	42.2571377	-110.1984474
517507728	43.4606736	-110.7951691
517508260	43.3749836	-110.7429391
517508707	43.4816236	-110.7615491
517506463	42.7249307	-110.9334452
517507878	43.4988336	-110.8688691
517423691	41.7888097	-110.5468384
517506872	42.9627556	-110.9801850
517506818	42.8096748	-110.9519986
517507643	43.4596436	-110.8126591
517508420	43.4807636	-110.7505891
517423623	41.7934657	-110.5389944
517423634	41.7933827	-110.5417024
517507233	43.0381356	-111.0122181
517507355	43.4739346	-110.7850991
517507198	43.0962366	-111.0213181
517507846	43.4985336	-110.8744091
517506289	42.7122437	-110.9335712
517423609	41.7690767	-110.5349584
517663338	43.5314436	-110.8429691
517508629	43.4163136	-110.7799791
517423712	41.7905827	-110.5439044
517506701	42.8966277	-110.9868161
517423708	41.7873427	-110.5543304
517506226	42.7413757	-110.9333442
517423827	41.7793978	-110.5376856
506926657	42.6547237	-111.6009880
517506691	42.9834456	-110.9727651
517662833	43.7175047	-110.3287470
517507721	43.4611936	-110.7952791
506146179	41.3444366	-93.1095127
517507527	43.4631536	-110.8017891
517423616	41.7983567	-110.5406534
517508018	43.4720746	-110.7630041
517423814	41.7793978	-110.5376856
517508757	43.4723436	-110.7816091
517507953	43.4245176	-110.7753841
517508481	43.4824036	-110.7627291
517507250	43.0333236	-111.0121681
517663112	43.5829136	-110.8325191
517507639	43.4669336	-110.7899291
517506356	42.7421337	-110.9331992
517662794	43.5308656	-110.8414881
517508775	43.4185336	-110.7755391
517390179	41.1084139	-112.0207492
517507256	42.9952986	-111.0173261
517507301	43.4589166	-110.8057021
517507565	43.4287436	-110.8026891
517507199	43.1108606	-111.0209041
517508197	43.4761836	-110.7652791
506926873	42.6567827	-111.5985820
517508756	43.4792536	-110.7598391
517506705	42.9172307	-111.0021131
517506300	42.7359217	-110.9333182
517508428	43.4724436	-110.7835591
517506367	42.7520867	-110.9976262
517423598	41.7843707	-110.5505474
517508830	43.4787936	-110.7640991
517508065	43.4793536	-110.7549761
506926876	42.6619837	-111.5844831
517507293	43.4609276	-110.7934271
506984415	43.5399237	-111.9758488
517507180	43.1574166	-111.0133771
517507185	43.1629486	-111.0230481
517508297	43.4814136	-110.7619991
517506640	42.9697866	-110.9728241
517506286	42.7418937	-110.9333472
517507371	42.9904586	-110.9647671
517507690	43.4712936	-110.7873591
506643663	42.3175797	-111.2997412
517507436	43.0987456	-111.0229659
517423599	41.7908637	-110.5360714
517507575	43.4617336	-110.7980991
517423771	41.7845297	-110.5406484
517508296	43.4859736	-110.7626991
517506409	42.6925587	-110.9607112
517432290	42.0809967	-110.9538373
517507246	43.0739946	-111.0002251
517506233	42.7299817	-110.9304942
517423773	41.7994587	-110.5351274
517423757	41.7988327	-110.5426064
517375232	40.7109560	-111.9921843
517423745	41.7902507	-110.5424264
517506879	42.9627556	-110.9801850
517508317	43.4792536	-110.7610091
506926808	42.6547087	-111.5962711
517423581	41.7876577	-110.5419384
517423831	41.7971558	-110.5385546
517506377	42.6236867	-110.9139952
517508190	43.4828936	-110.7646891
517509004	43.3944446	-110.7271681
517506472	42.7977037	-111.0087102
517663299	43.5307736	-110.8429491
517507470	43.0210743	-111.0295877
517423816	41.7793978	-110.5376856
517507475	42.9962248	-111.0435893
517508815	43.4799536	-110.7571991
517508591	43.4797436	-110.7609191
517423571	41.7951797	-110.5399874
517423653	41.7490957	-110.5252684
517423582	41.7983567	-110.5406534
517423629	41.7982757	-110.5407954
506926668	42.6775797	-111.5845010
517416428	41.1347134	-104.8090108
517507184	43.0968416	-111.0210351
517507744	43.4658036	-110.7911291
517506720	42.9170247	-110.9541251
517423825	41.7793978	-110.5376856
517508679	43.4792536	-110.7630291
517423812	41.7793978	-110.5376856
517432363	42.2584347	-110.3446954
517662883	43.5144452	-110.8541059
517507396	43.4868326	-110.8618851
517507506	43.4260136	-110.8001591
517508719	43.4792036	-110.7618091
517507423	43.0987456	-111.0229659
517423778	41.7696087	-110.3173075
517506876	42.9627556	-110.9801850
517423710	41.7827397	-110.5684584
517507512	43.4653136	-110.7942491
517423656	41.7942367	-110.5359264
506926910	42.6569737	-111.6037510
517508497	43.4771636	-110.7609291
517507732	43.4648236	-110.7955291
517506246	42.7257477	-110.9307072
517506481	42.7977107	-111.0070722
506643557	42.3156207	-111.3051642
517506674	42.9159507	-111.0008701
517432480	42.2632662	-110.1942867
517432347	42.2621557	-110.2005224
517508473	43.4787836	-110.7599991
517423618	41.7881797	-110.5488934
517507373	43.0003656	-110.9763481
517506275	42.7421337	-110.9331992
517423765	41.7991987	-110.5416404
517506762	42.7250056	-110.9494441
517507587	43.4622736	-110.7958191
517507415	43.0987456	-111.0229659
517506880	42.9627556	-110.9801850
517506560	42.9824707	-111.0263901
517432356	42.2532757	-110.2074274
517507715	43.4611836	-110.7949091
517507218	43.1743466	-111.0083071
517663348	43.5084636	-110.8596091
517508178	43.4792936	-110.7551091
517423611	41.7983577	-110.5345454
517423586	41.7979017	-110.5420564
517508080	43.4694256	-110.7520871
517432481	42.2632662	-110.1942867
517506248	42.7410967	-110.9331932
517507249	43.0739946	-111.0002251
517423739	41.7890017	-110.5388324
517506309	42.7276497	-110.9975252
517506490	42.8676287	-110.9058872
517508436	43.4719936	-110.7827791
517506461	42.6582107	-110.9332702
517432446	42.1505569	-110.9777258
517377216	40.7785510	-112.0094412
517507207	43.1743466	-111.0083071
517508402	43.4792036	-110.7618091
517506776	42.8748648	-110.9236739
517508219	43.4777436	-110.7609191
517507829	43.4613836	-110.8093391
517506416	42.7203567	-110.9337002
517506774	42.8748648	-110.9236739
517394449	41.2591609	-111.9726622
517508772	43.4729836	-110.7475291
517506283	42.7304927	-110.9333422
517507681	43.4622736	-110.7958191
517506491	42.8744677	-110.9235962
517508711	43.4739436	-110.7475891
517410450	41.2823718	-110.9494814
517507427	43.0987456	-111.0229659
517506744	42.9535546	-110.9630481
517432345	42.2571917	-110.1960014
517432369	42.2557157	-110.1944084
517506768	42.8019644	-111.0019144
517506329	42.6963417	-110.9332442
517506345	42.7428107	-110.9332012
506926689	42.6582937	-111.6005580
517508657	43.4780136	-110.7465691
517507942	43.4785696	-110.7620891
517507813	43.4869636	-110.8363791
517663154	43.5628936	-110.7693791
517432451	42.1505569	-110.9777258
517508510	43.4794536	-110.7696691
517432293	42.0883247	-110.9663913
517432365	42.2649177	-110.1906484
517423747	41.7891147	-110.5434584
517506633	42.5592747	-110.8954182
517423822	41.7793978	-110.5376856
506643577	42.3284197	-111.3062762
517508864	43.4807636	-110.7505891
517506643	42.9461987	-111.0051761
517662730	43.6523456	-110.7110451
517423640	41.7908677	-110.5362204
517506759	42.7250056	-110.9494441
517507380	42.9966746	-110.9726671
517423644	41.7947747	-110.5415634
517506730	42.9173967	-111.0040071
517508869	43.4792536	-110.7610091
517507901	43.4875706	-110.7624621
517508092	43.4227886	-110.7740361
517506355	42.7409087	-110.9333422
517506280	42.7371287	-110.9331772
517506860	42.5283942	-110.9820751
517506870	42.9627556	-110.9801850
517506669	42.9493957	-111.0103561
517506419	42.7449457	-110.9352542
517507276	43.4620416	-110.7976421
517506725	42.8966277	-110.9868161
517414120	41.1342324	-104.8205168
517506729	42.9682656	-110.9728971
517508618	43.4792636	-110.7642891
517507446	43.2513769	-110.9322074
517662796	43.5308656	-110.8414881
517432344	42.2649757	-110.1922954
517507702	43.4717136	-110.7876691
517432354	42.2570827	-110.1955954
517508067	43.4277856	-110.7795091
517506422	42.7255467	-110.9305642
517506379	42.7161327	-110.9333272
517432285	42.0854347	-110.9484663
517507977	43.4771766	-110.7721441
517432338	42.0288067	-110.0596375
517506238	42.7251427	-110.9271492
517423589	41.7872697	-110.5527334
517507363	43.4664366	-110.7932031
517507441	43.2513769	-110.9322074
517507763	43.4738936	-110.8373091
517662830	43.7175047	-110.3287470
517507179	43.1596046	-111.0286691
517369228	40.7759990	-111.9575212
517506760	42.6932846	-110.9298784
517506697	42.9162647	-111.0017301
517508258	43.4691336	-110.7480191
517423707	41.7928787	-110.5399044
517506712	42.9496347	-111.0106551
517506554	42.9825686	-111.0164511
517423650	41.7946177	-110.5373014
517507461	42.9962248	-111.0435893
517506714	42.9388477	-110.9728261
517508612	43.4792536	-110.7598391
517506864	42.9627556	-110.9801850
517342294	40.6740430	-111.8786773
517376524	40.7741640	-112.0046492
517506685	42.9149017	-111.0010461
517389115	41.1036189	-112.0224352
506926741	42.6556627	-111.6037830
517506867	42.9627556	-110.9801850
517507973	43.4276036	-110.7788481
517508069	43.4784506	-110.7608281
506146381	41.3447616	-93.1770227
517423766	41.7870217	-110.5490584
517506668	42.9158427	-111.0008021
517508096	43.4730373	-110.7697172
517423590	41.7891147	-110.5434504
517506556	42.9825807	-111.0252581
517506221	42.7209257	-110.9213772
517508779	43.4821336	-110.7640891
517508176	43.4799536	-110.7569591
517507827	43.4728436	-110.7875791
517506438	42.7428497	-110.9333512
517506865	42.9627556	-110.9801850
517506314	42.7422137	-110.9333482
517506675	42.9158467	-111.0007371
517506316	42.6554757	-110.9332742
517506678	42.9244817	-111.0031071
517508235	43.4750736	-110.7620591
517663173	43.5866036	-110.8289791
517507254	43.0102906	-111.0440041
517506343	42.7302257	-110.9530142
517508043	43.4743956	-110.7815401
517423593	41.7895427	-110.5407804
506643598	42.3200147	-111.2978882
517507820	43.4653136	-110.7942491
517508109	43.4730373	-110.7697172
517507261	43.4583226	-110.7981281
517506630	42.5642517	-110.8970892
506643670	42.3575017	-111.3046132
517423704	41.7955917	-110.5387634
517506666	42.9170077	-110.9597241
517506667	42.9158427	-111.0008021
517507231	43.0719956	-110.9903411
517507607	43.4668436	-110.8070191
517508357	43.4788936	-110.7592391
517423597	41.7994127	-110.5440824
517423833	41.7971558	-110.5385546
517391152	41.0927559	-112.0046662
517507456	43.2513769	-110.9322074
517423533	41.7705467	-110.5379874
517506881	42.9627556	-110.9801850
517409481	41.2498768	-110.9721744
517423596	41.7841037	-110.5570484
517506370	42.6941077	-110.9290712
517508247	43.4724436	-110.7827791
517508215	43.4767036	-110.7592891
517376527	40.7699840	-112.0028092
517508650	43.4807636	-110.7505891
517506758	42.7250056	-110.9494441
517423714	41.7736697	-110.5486884
506643569	42.3179267	-111.3007522
517508077	43.4187296	-110.7749181
517432474	42.2632662	-110.1942867
517423537	41.7687267	-110.5378984
517508842	43.4792636	-110.7661791
517506392	42.6928387	-110.9413642
517506424	42.7352647	-110.9529992
517663276	43.5337536	-110.8423391
517432483	42.2632662	-110.1942867
517506407	42.6779037	-110.9701962
517508014	43.5056106	-110.7716921
506146297	41.3083416	-93.1095257
517506373	42.6778417	-110.9791242
517432283	42.0854347	-110.9484663
517508717	43.4878536	-110.7626691
517507819	43.4299536	-110.7950891
517507281	43.4607926	-110.7934271
517432286	42.0847037	-110.9502863
517508332	43.4815436	-110.7608891
517423715	41.7937267	-110.5406414
517507909	43.4875016	-110.7624611
517508158	43.4805236	-110.7627291
517506321	42.7218797	-110.9362612
517423680	41.7965747	-110.5437974
517506417	42.7416947	-110.9333462
517507428	43.0987456	-111.0229659
517423601	41.8010667	-110.5488274
517423676	41.7901167	-110.5366274
517506777	42.8748648	-110.9236739
517506468	42.7487757	-110.9455382
517507234	43.0620026	-111.0101411
517339427	40.6858500	-111.8714733
517508641	43.4814536	-110.7534191
517506645	42.9294027	-111.0072991
517423735	41.7826777	-110.5687974
517423843	41.7971558	-110.5385546
517506406	42.6924827	-110.9834832
517506366	42.6606907	-111.0387592
506643582	42.3175877	-111.3014222
517507862	43.4926136	-110.8624591
517507452	43.2513769	-110.9322074
517432362	42.2032257	-110.1805964
517423821	41.7793978	-110.5376856
517379589	40.7768840	-112.0232792
517423638	41.7906637	-110.5453704
517508832	43.4736736	-110.7595791
517506636	42.5826567	-110.9038982
517508290	43.4783236	-110.7615291
517423672	41.7913297	-110.5389674
517507503	43.4728936	-110.7843291
506146448	41.3840366	-93.1290067
517508542	43.4162736	-110.7708291
517507481	43.4702565	-110.7859762
517389658	41.1053939	-112.0232692
517507211	43.1567176	-111.0056591
517506778	42.8748648	-110.9236739
517506659	42.9242067	-111.0027211
517507407	43.4985826	-110.8671301
517508097	43.4730373	-110.7697172
517507241	43.0333236	-111.0121681
517507197	43.1274606	-111.0246181
517663324	43.5300836	-110.8428891
517423753	41.7632847	-110.4488784
517423658	41.7890357	-110.5389114
517508884	43.4789236	-110.7684391
517507826	43.4715336	-110.7880191
506926686	42.6767007	-111.6260380
510787013	36.1439967	-115.2542732
517506478	42.7997187	-111.0028572
517508833	43.4323636	-110.7849291
517506700	42.9682656	-110.9728971
517423563	41.7902047	-110.5465274
517508200	43.4254236	-110.7768591
517506694	42.9549646	-110.9556691
517508013	43.4782496	-110.7607141
513096971	36.2061496	-95.9119265
517423764	41.7872727	-110.5527584
517391139	41.0927559	-112.0046662
517423636	41.7947887	-110.5381344
517508546	43.4807636	-110.7505891
517432299	42.0912937	-110.9500573
517506473	42.7988287	-111.0028512
517508443	43.4788936	-110.7592391
517410798	41.1544838	-110.8500894
517506256	42.7410967	-110.9331932
517506292	42.7263237	-110.9335192
517507950	43.5056106	-110.7716921
517508785	43.4793636	-110.7603191
517508737	43.4824036	-110.7627291
517507994	43.4797586	-110.7508131
517507614	43.4692336	-110.8083791
517506569	42.7922677	-110.9381782
517663184	43.5880736	-110.8291091
517507739	43.4639036	-110.7914291
517507435	43.0987456	-111.0229659
506926624	42.6547467	-111.6060010
517423685	41.7908127	-110.5360844
517410968	41.2473338	-110.9379094
517506252	42.6936717	-110.9298682
517508284	43.4792536	-110.7615791
517508479	43.4794836	-110.7440091
517662860	43.8416371	-110.5084043
517423570	41.7888327	-110.5417864
517423758	41.7956027	-110.5391004
517423564	41.7901177	-110.5367274
517663260	43.5308336	-110.8477191
517423742	41.7984467	-110.5361014
517423569	41.7843057	-110.5570234
517432367	42.2651257	-110.1966184
517508405	43.4696836	-110.7685391
517507292	43.4653546	-110.7959191
517423646	41.7952267	-110.5729274
517663182	43.5850336	-110.8357191
517662896	43.5144452	-110.8541059
517506214	42.6949187	-110.9998712
506643593	42.3175567	-111.3078452
517507580	43.4597236	-110.8109391
517285412	40.3251770	-111.6790484
517432478	42.2632662	-110.1942867
517506629	42.6190597	-110.9140122
510785473	36.1581147	-115.2462392
506982756	43.5087137	-111.9389108
517508726	43.4767136	-110.7653691
517508156	43.4828936	-110.7640891
517507232	43.0338126	-111.0120931
517507932	43.4782496	-110.7607141
517506695	42.9748586	-110.9492091
517506389	42.7409087	-110.9331932
517432278	42.0818957	-110.9564593
517374322	40.7394760	-111.9861702
517507212	43.0875676	-111.0186781
517507220	43.1611676	-111.0264461
517663295	43.5300836	-110.8428891
517508008	43.4730766	-110.7445341
517423614	41.7894307	-110.5476834
517507588	43.4608136	-110.7944491
517507933	43.4787386	-110.7622891
517339327	40.6753190	-111.8715103
517507897	43.4985736	-110.8764991
517507984	43.4797456	-110.7663731
517432487	42.2632662	-110.1942867
517507374	42.9912016	-110.9768211
517506745	42.9388477	-110.9728261
506643679	42.3180607	-111.3105012
517508144	43.4730373	-110.7697172
517508765	43.4799536	-110.7599291
517507824	43.4726836	-110.7892791
517508807	43.4777436	-110.7579291
517506485	42.8718947	-110.8988452
517508059	43.4793216	-110.7684321
517507665	43.4214236	-110.8075191
517508057	43.4797666	-110.7493531
517506359	42.7252877	-110.9306462
517508350	43.4226436	-110.7758391
517506820	42.8096767	-110.9519946
517507611	43.4615736	-110.7958691
506643618	42.3176707	-111.3090672
517508648	43.4792936	-110.7558091
517506631	42.6121357	-110.8964982
517506351	42.7294877	-110.9311952
517506346	42.7100407	-110.9335322
517506402	42.7162417	-110.9332862
517340225	40.6784890	-111.8735133
517506429	42.7294137	-110.9277212
517507772	43.4616736	-110.7951391
517506384	42.7426527	-110.9531232
517506708	42.9209547	-111.0024831
506926702	42.6555277	-111.6036360
517423534	41.7640237	-110.5363664
506643651	42.3175607	-111.3220372
517508103	43.4730373	-110.7697172
517506258	42.7199007	-110.9295602
517507252	43.0104996	-111.0439991
517506871	42.9461837	-111.0032386
517507479	42.9962248	-111.0435893
517508674	43.4799436	-110.7647991
517507332	43.4645426	-110.7932821
517507711	43.4299536	-110.7950891
517662688	43.5888896	-110.7440191
517506284	42.7239917	-110.9528152
517506696	42.9426847	-111.0072531
517341051	40.6736840	-111.8734293
517507289	43.4661996	-110.7932471
517506632	42.5594827	-110.8954052
517432340	42.0282997	-110.0622045
517432479	42.2632662	-110.1942867
517507632	43.4723636	-110.7887291
517507217	43.1567176	-111.0056591
517507948	43.4875016	-110.7624611
517506319	42.7122437	-110.9335712
506146364	41.3321016	-93.1052767
517507469	43.0210743	-111.0295877
517506261	42.7382577	-110.9333342
517507810	43.4659036	-110.8100191
517508512	43.4794636	-110.7502091
517507907	43.4796526	-110.7660131
517423561	41.8004297	-110.5350514
517506428	42.7435767	-110.9282682
517508568	43.4805236	-110.7627291
517506732	42.9172547	-111.0022891
517506688	42.9384806	-110.9531081
517507500	43.4711636	-110.8027791
517506264	42.7355467	-110.9331672
517506301	42.6780057	-110.9717122
517432359	42.2641257	-110.2005994
517506769	42.8019644	-111.0019144
517507239	43.0333236	-111.0121681
517414220	41.1387234	-104.8198908
517506363	42.7238777	-110.9336462
517506644	42.9902166	-110.9744921
517341915	40.6867440	-111.8757993
517506761	42.7250056	-110.9494441
517506564	42.8477997	-110.9421382
517507189	43.0875676	-111.0186781
517506816	42.6887639	-110.9891879
506643477	42.3176707	-111.3090942
517663344	43.5304236	-110.8428891
506643402	42.3120597	-111.1282042
517506360	42.7422177	-110.9333482
517340732	40.6673340	-111.8723793
517508262	43.4807636	-110.7505891
517509009	43.3067606	-110.6784121
517663285	43.5317936	-110.8464491
517507255	42.9963377	-111.0436071
517506228	42.7072317	-110.9379972
517423759	41.7964277	-110.5393314
517507248	43.0333236	-111.0121681
517423682	41.7833857	-110.5529564
517508091	43.4203096	-110.7771211
517507227	43.1604766	-111.0165481
517423654	41.7921997	-110.5425654
517507309	43.4721796	-110.7882711
517506268	42.7242547	-110.9334792
517432301	42.0888667	-110.9493783
517508578	43.4811436	-110.7620291
517508330	43.4828936	-110.7646891
517508482	43.4771636	-110.7613991
517508242	43.4752836	-110.7438791
517423524	41.7742447	-110.5380184
517508802	43.4820736	-110.7655791
517508865	43.4788036	-110.7656491
517507377	43.0011436	-110.9784651
517340328	40.6842010	-111.8738743
517508216	43.4794836	-110.7443291
517506391	42.7100407	-110.9335322
517380503	40.7826340	-112.0347192
517391132	41.0942079	-112.0015572
517423669	41.7928107	-110.5400234
517508140	43.4730373	-110.7697172
517508203	43.4734036	-110.7812091
517507673	43.4709636	-110.7897491
517663174	43.5878536	-110.8271391
517423752	41.7909597	-110.5455374
517432472	42.2453044	-110.7327984
517508828	43.4808036	-110.7607091
517423627	41.8005727	-110.5358604
517506770	42.8748645	-110.9236788
517507507	43.4663336	-110.7926991
517506767	42.8019644	-111.0019144
517423684	41.7946797	-110.5372504
517506647	42.9245057	-111.0060931
510788021	36.1438667	-115.2589611
517507193	43.0875676	-111.0186781
517508559	43.4752836	-110.7620591
517423693	41.7948357	-110.5385464
517663273	43.5151436	-110.8444991
517507959	43.4793166	-110.7589761
517506749	42.7232848	-110.9527987
517507244	43.0333236	-111.0121681
517508652	43.4728236	-110.7627591
517508817	43.4807636	-110.7505891
517432342	42.2613617	-110.1943004
517506766	42.8019644	-111.0019144
506643526	42.3254497	-111.3068602
517410944	41.0009639	-110.8723694
517663180	43.5864436	-110.8277391
517432445	42.1505569	-110.9777258
517507182	43.0875676	-111.0186781
517506249	42.7510237	-110.9264062
517508238	43.4812336	-110.7667991
517506296	42.7476227	-110.9457222
517508245	43.4180436	-110.7797791
517508380	43.4792536	-110.7611991
517508358	43.4799536	-110.7633291
517432284	42.0854347	-110.9484663
517423621	41.7959117	-110.5419434
517423673	41.7889067	-110.5523804
517508705	43.4787936	-110.7595891
517508867	43.4788036	-110.7669291
517507944	43.4785806	-110.7662231
517663166	43.8522035	-110.3170991
517507418	43.0987456	-111.0229659
517508249	43.4199036	-110.7789091
517508486	43.4807636	-110.7505891
517432489	42.2632662	-110.1942867
506926867	42.6546237	-111.6040240
517507751	43.4674936	-110.7917391
517663171	43.8248835	-110.3591991
517508744	43.4877936	-110.7638091
517662713	43.5824696	-110.8374161
517506349	42.7574157	-110.9334532
517508345	43.4779736	-110.7542191
517506869	42.9171237	-110.9576694
517506690	42.9173967	-111.0040071
517507910	43.4203096	-110.7771211
517508893	43.4736736	-110.7611291
517508010	43.4782496	-110.7607141
510785834	36.1556947	-115.2441992
517507196	43.1108686	-111.0222131
517506711	42.9213237	-111.0023361
517423706	41.7964277	-110.5393314
517506282	42.7504397	-110.9334032
517432471	42.2501649	-110.7310785
517506637	42.6156667	-110.9004752
517423527	41.7823757	-110.5364684
517507467	42.9962248	-111.0435893
517508362	43.4824136	-110.7640891
517662923	43.7879736	-110.9585690
517508729	43.4815436	-110.7608891
517506562	42.9824946	-111.0125361
517508614	43.4812636	-110.7615491
517508311	43.4730236	-110.7837891
517508792	43.4748236	-110.7756791
517506874	42.9627556	-110.9801850
517506388	42.7188027	-110.9336632
517423568	41.7939577	-110.5376434
517506241	42.7294097	-110.9324422
517506747	42.7250056	-110.9494441
517507544	43.4619436	-110.7973491
517423615	41.7946647	-110.5372634
517507974	43.4774986	-110.7636631
517507785	43.4625436	-110.7958191
517423834	41.7971558	-110.5385546
517507958	43.4862936	-110.7624471
517508675	43.4782236	-110.7661691
517508259	43.4840836	-110.7641691
517662682	43.5395146	-110.8237261
517507453	43.2513769	-110.9322074
517377577	40.7820540	-112.0114792
517506555	42.9825656	-111.0185771
517506291	42.7285597	-110.9247892
517507224	43.1613136	-111.0168181
517508225	43.3648336	-110.7299991
517507176	43.0972636	-111.0211481
517506290	42.7431227	-110.9332012
517507949	43.4743086	-110.7830801
517506365	42.7475857	-110.9462002
517506635	42.6276937	-110.9170682
517507368	43.4625286	-110.8073671
517506250	42.7249777	-110.9335922
517507421	43.0987456	-111.0229659
517508372	43.4797436	-110.7627191
517506866	42.9627556	-110.9801850
517506738	42.9388477	-110.9728261
517507386	43.5006466	-110.8754761
517507928	43.4786836	-110.7607121
517507737	43.4623736	-110.7970391
517508871	43.4778536	-110.7686791
517432484	42.2632662	-110.1942867
517282956	40.3241140	-111.6966494
517506310	42.7261627	-110.9335282
517508821	43.4788936	-110.7592391
517507425	43.0987456	-111.0229659
517507975	43.4708036	-110.7829361
517506293	42.6236867	-110.9139952
517506297	42.7504397	-110.9334032
517508632	43.4812836	-110.7630291
517506476	42.8084777	-111.0121601
506952356	43.2004746	-111.0439871
517432297	42.1363077	-110.9148583
517506873	42.9627556	-110.9801850
517663271	43.5214936	-110.8498391
517507191	43.0875676	-111.0186781
517506775	42.8748648	-110.9236739
517423575	41.7914607	-110.5440124
517508128	43.4730373	-110.7697172
517507823	43.4597936	-110.8091591
517506322	42.7218797	-110.9355032
517507663	43.4585736	-110.7986991
517506650	42.9229877	-111.0023521
517506317	42.7078987	-110.9334992
517507443	43.2513769	-110.9322074
517506224	42.7203387	-110.9335512
517508538	43.4792536	-110.7613891
517423664	41.7938427	-110.5408184
517339396	40.6763310	-111.8715093
517506815	42.6887639	-110.9891879
517506565	42.7922277	-110.9332912
517663330	43.5292736	-110.8428291
517506395	42.6470537	-110.9624922
517507986	43.4733426	-110.7576881
517508383	43.4807636	-110.7505891
517507219	43.0875676	-111.0186781
517506703	42.9159547	-111.0010311
517507898	43.4838856	-110.7636691
517507450	43.2513769	-110.9322074
517339295	40.6858500	-111.8714733
517423817	41.7793978	-110.5376856
517506448	42.7755947	-110.9978002
517506469	42.8084727	-111.0128671
517409979	41.2503138	-110.9708394
517423649	41.7906637	-110.5455174
517423612	41.7921957	-110.5364634
517509372	43.3910736	-110.7243691
517423781	41.7680277	-110.3212384
517508168	43.4799536	-110.7581591
517506658	42.9099567	-110.9976771
517508425	43.4792636	-110.7653591
517432339	42.0295357	-110.0559485
517508739	43.4800936	-110.7645591
517506279	42.7302197	-110.9975812
517506488	42.8744677	-110.9235962
517423620	41.7928107	-110.5400234
517423531	41.7762647	-110.5401574
517506563	42.8478207	-110.9424042
517508598	43.4777436	-110.7609191
517507941	43.4233236	-110.7750511
517507426	43.0987456	-111.0229659
517509363	43.3409936	-110.7245891
517508440	43.4735036	-110.7503591
517423600	41.7908127	-110.5360844
517507463	42.9962248	-111.0435893
506643567	42.3175767	-111.2994192
517506218	42.7410967	-110.9331932
517507372	42.9912966	-110.9575631
517507192	43.0875676	-111.0186781
517410010	41.2511238	-110.9688494
517508753	43.4792536	-110.7580191
517507635	43.4588236	-110.7973891
517663303	43.5204236	-110.8526491
517432447	42.1505569	-110.9777258
517506660	42.9213497	-111.0024861
517341019	40.6754240	-111.8721993
517508499	43.4799536	-110.7633291
517506385	42.6808127	-110.9333822
517376512	40.7421940	-112.0021092
517507472	43.0210743	-111.0295877
517379616	40.7826840	-112.0268892
517508157	43.4790836	-110.7527191
517662795	43.5323486	-110.8431881
517508551	43.4792536	-110.7598391
517390561	41.1031339	-112.0119692
517507466	43.0210743	-111.0295877
517508454	43.4801936	-110.7609191
517423842	41.7971558	-110.5385546
517663177	43.5878436	-110.8264991
517423587	41.7938047	-110.5377044
517506858	42.5283942	-110.9820751
506145987	41.3358916	-93.1095947
517508672	43.4815436	-110.7608891
517508169	43.4812836	-110.7630291
517508873	43.5071636	-110.7566091
517423730	41.7882887	-110.5476804
517506648	42.9419337	-111.0072531
517507622	43.4619436	-110.7964591
517506713	42.9208377	-110.9953181
517423839	41.7971558	-110.5385546
517507223	43.1578466	-111.0068281
517663305	43.5307736	-110.8429491
517507641	43.4592836	-110.8280891
517508270	43.4725936	-110.7848991
517508463	43.4835336	-110.7633291
517507178	43.0875676	-111.0186781
517507625	43.4685836	-110.8093091
517423689	41.7943027	-110.5439734
517508426	43.4782136	-110.7597391
517339416	40.6757820	-111.8715093
517506386	42.7435257	-110.9286532
517506270	42.7078987	-110.9334992
517506456	42.7489917	-110.9332672
517506728	42.9388477	-110.9728261
517423832	41.7971558	-110.5385546
517508312	43.4816236	-110.7615491
517507430	43.0987456	-111.0229659
517432279	42.0854347	-110.9484663
517341032	40.6790440	-111.8720493
517507412	43.0987456	-111.0229659
517508522	43.4805236	-110.7627291
517507459	43.2513769	-110.9322074
517506656	42.9159537	-111.0009671
517508415	43.4821336	-110.7640891
517507462	43.0210743	-111.0295877
506146118	41.3284896	-93.1103287
517508170	43.4771636	-110.7613991
517506707	42.9147027	-111.0009231
517508347	43.4805236	-110.7627291
517423606	41.7901167	-110.5366274
517391119	41.0942079	-112.0015572
506643638	42.3162637	-111.3007982
506643724	42.3154377	-111.2946822
517508623	43.4741536	-110.7620691
517508292	43.4792536	-110.7627891
517506727	42.9390246	-110.9361151
517663288	43.5294236	-110.8448291
517423695	41.7830027	-110.5517504
517410307	41.2519748	-110.9391234
517423661	41.7869457	-110.5488234
517506875	42.9171237	-110.9576694
517508399	43.4815736	-110.7667991
517391819	41.2538639	-111.9964092
513088978	36.1891416	-95.8687995
506926618	42.6550527	-111.6037910
517507628	43.4299536	-110.7950891
517392889	41.2582839	-111.9914292
506643427	42.3289757	-111.2978802
517506646	42.9241827	-111.0027051
517507745	43.4354636	-110.7866091
517423702	41.7939827	-110.5407744
517508313	43.4696636	-110.7516891
517409599	41.2422598	-110.9873024
517423645	41.8082067	-110.5341254
517508066	43.4796526	-110.7629541
517508283	43.4798836	-110.7627191
517423535	41.7695237	-110.5371984
517506771	42.8748645	-110.9236788
517423648	41.7957407	-110.5419564
517508009	43.4870106	-110.7624551
517432302	42.0631457	-110.9744963
517506733	42.9173877	-111.0023281
517381383	40.7109943	-112.1092492
517663243	43.5165936	-110.8416291
517506371	42.7450667	-110.9343272
517508189	43.4823036	-110.7539891
517507253	43.0442676	-111.0134701
517506368	42.7198387	-110.9336862
517506772	42.8748645	-110.9236788
517506676	42.9714366	-110.9470451
517508116	43.4730373	-110.7697172
517508543	43.4807636	-110.7505891
517507195	43.0875676	-111.0186781
517508575	43.4788036	-110.7662091
517506719	42.9208377	-110.9953181
517507260	43.4346146	-110.7895871
517423751	41.7964607	-110.5395194
517507183	43.1743466	-111.0083071
517506380	42.7162417	-110.9332862
517507433	43.0987456	-111.0229659
517507214	43.1567176	-111.0056591
517508285	43.4762036	-110.7702291
517507922	43.4732716	-110.7481691
517432337	42.0791447	-110.3090704
517663283	43.5122136	-110.8490291
517423734	41.7843307	-110.5568744
506643545	42.3220907	-111.3048652
517507190	43.1292866	-111.0250651
517373248	40.7963540	-111.9822972
517662879	43.5224639	-110.8489489
517506483	42.8953877	-110.9279582
517507672	43.4351936	-110.7989791
517508536	43.4811936	-110.7608791
517507489	43.4702565	-110.7859762
517507213	43.1601536	-111.0337261
517508086	43.4785756	-110.7629591
517508275	43.4771636	-110.7613991
517506641	42.9161467	-111.0016571
517423578	41.7969307	-110.5414494
517662919	43.7763436	-111.0259590
517507577	43.4611836	-110.7949091
506643616	42.3190647	-111.2977372
517507337	43.4721356	-110.7882061
517423532	41.7762647	-110.5401574
517507906	43.4849816	-110.7636631
517508721	43.4840736	-110.7627491
517506234	42.6958167	-110.9999952
517507804	43.4692536	-110.7915791
517508414	43.4792536	-110.7580191
517507612	43.4588236	-110.7973891
517506304	42.7489917	-110.9332672
510787438	36.1511147	-115.2527591
517507867	43.4997536	-110.8676991
517423617	41.7934317	-110.5388044
517508622	43.4807636	-110.7505891
517507998	43.4782496	-110.7607141
517506223	42.6819047	-110.9825562
517508199	43.4815436	-110.7608891
517423761	41.7863327	-110.5406044
517507847	43.5010336	-110.8736391
517508343	43.3658336	-110.7406591
517423779	41.7702317	-110.3249804
517507477	42.9962248	-111.0435893
517508625	43.4792936	-110.7558091
517506721	42.8710267	-110.9822991
517508012	43.4796526	-110.7658281
517376210	40.7734700	-112.0044122
517506739	42.9335077	-110.9557371
506926647	42.7338817	-111.5449870
517423698	41.7863547	-110.5406044
517508788	43.4755136	-110.7826191
517507319	43.4645036	-110.7934341
517507201	43.1598876	-111.0109461
517508673	43.4806136	-110.7667991
517423694	41.8082067	-110.5341254
517507833	43.4977636	-110.8757491
517339409	40.6845370	-111.8714823
517507417	43.0987456	-111.0229659
517423686	41.7890787	-110.5406274
517506372	42.7507697	-110.9567062
517508027	43.4797586	-110.7508131
517423819	41.7793978	-110.5376856
517508166	43.4258836	-110.7746591
517508798	43.4779936	-110.7431091
517507221	43.1743466	-111.0083071
517508328	43.4757836	-110.7568991
517423585	41.7930297	-110.5371794
517507468	42.9962248	-111.0435893
517507967	43.4875016	-110.7624611
517423652	41.7921957	-110.5364634
517508590	43.4811936	-110.7608791
517423746	41.7902717	-110.5540614
517416070	41.1420574	-104.7989538
517423633	41.7938917	-110.5377634
517508229	43.4852036	-110.7633391
517508658	43.4242336	-110.7737891
506926673	42.6601077	-111.5977991
517432346	42.2587687	-110.1973564
517506737	42.9370147	-110.9633271
517506715	42.9390246	-110.9361151
517423729	41.7939777	-110.5377394
517506683	42.9160287	-111.0015851
513096695	36.2025036	-95.9040735
517508232	43.4807636	-110.7505891
517506680	42.9216137	-111.0023381
517432482	42.2632662	-110.1942867
517507364	43.4617596	-110.7967501
517367610	40.7738440	-111.9503293
517508177	43.4764536	-110.7431691
517508315	43.4236436	-110.7735291
517506878	42.9627556	-110.9801850
517508563	43.4788936	-110.7627491
506643590	42.3261917	-111.3070422
517508549	43.4747136	-110.7601391
517508548	43.4811936	-110.7608791
517423727	41.7914647	-110.5403994
517341392	40.6744000	-111.8754663
517423690	41.7915667	-110.5376634
517506340	42.6637107	-110.9277322
517423724	41.7908807	-110.5360664
517432368	42.2670967	-110.1925264
517507961	43.4245106	-110.7757181
517423696	41.7973077	-110.5428894
517506337	42.6236867	-110.9139952
517508475	43.4226436	-110.7758391
517506295	42.7233707	-110.9359582
517508727	43.4809136	-110.7620291
506643449	42.3155687	-111.2985072
517508801	43.4751036	-110.7742591
517507457	43.2513769	-110.9322074
517508878	43.4825436	-110.7640891
517508572	43.4793236	-110.7484991
517423687	41.7994527	-110.5436294
517507917	43.4784716	-110.7657761
517423705	41.7956427	-110.5389634
517506423	42.7143197	-110.9334572
517432357	42.2594757	-110.2005594
517506251	42.6236867	-110.9139952
517508628	43.4736536	-110.7843291
517508592	43.4741936	-110.7626191
517507778	43.4162536	-110.7870491
517423841	41.7971558	-110.5385546
510785489	36.1464947	-115.2443092
517508112	43.4730373	-110.7697172
517507796	43.4326136	-110.7858691
517663314	43.5317436	-110.8423191
517508596	43.4787036	-110.7658391
517507203	43.1743466	-111.0083071
517423583	41.8083907	-110.5346714
517506431	42.6780017	-110.9725892
517423709	41.7801827	-110.5643104
517507582	43.4658036	-110.7921491
517506877	42.9627556	-110.9801850
517508349	43.4278736	-110.7779791
517423619	41.8009117	-110.5349094
517423716	41.7952397	-110.5403584
517506420	42.7318767	-110.9532762
517423624	41.7481747	-110.4552374
517508790	43.4835336	-110.7633291
517507789	43.4595436	-110.7970991
517507985	43.3697256	-110.7382881
517423679	41.7974447	-110.5352904
517508379	43.4812336	-110.7667991
517506446	42.7440837	-110.9332072
517423610	41.7955757	-110.5387514
517432486	42.2632662	-110.1942867
517508193	43.4771636	-110.7613991
517508394	43.4787936	-110.7640991
517409923	41.2626238	-110.9738994
517508827	43.4706936	-110.7805291
517506757	42.7250056	-110.9494441
517389675	41.1016439	-112.0221092
517507410	43.4985826	-110.8671301
517662865	43.5850472	-110.8257678
517507215	43.1578466	-111.0068281
517506440	42.6293127	-110.9186442
517508063	43.4804096	-110.7632461
506643720	42.3137587	-111.3090712
517508507	43.4792536	-110.7608191
517432452	42.1505569	-110.9777258
517508520	43.4812536	-110.7646891
517423580	41.7887637	-110.5390154
517507696	43.4614536	-110.7924491
517423749	41.7935697	-110.5364294
517506471	42.8047617	-111.0055962
517423768	41.7837207	-110.5572244
517662878	43.5144452	-110.8541059
517508026	43.4742586	-110.7826111
517507378	43.0025976	-110.9735311
517508752	43.4791236	-110.7702791
517432303	42.0888667	-110.9493783
517506559	42.9825676	-111.0161211
517423780	41.7711847	-110.3170264
517506671	42.9158467	-111.0007371
517507416	43.0987456	-111.0229659
517508740	43.4809136	-110.7620291
517506255	42.7273327	-110.9318442
517506285	42.7253907	-110.9340482
517506817	42.6887639	-110.9891879
517506302	42.7242587	-110.9336282
517506639	42.9732476	-110.9483951
517508636	43.4775636	-110.7634391
517508274	43.4811936	-110.7608791
517508670	43.4757536	-110.7613991
517506308	42.7201997	-110.9335472
517507379	42.9969046	-110.9876171
517506861	42.9627556	-110.9801850
517506706	42.9217187	-111.0024881
517507931	43.4733426	-110.7576881
517507324	43.4416416	-110.8191131
517506682	42.9200837	-111.0023331
517423678	41.7853247	-110.5525104
517507226	43.1619476	-111.0187671
517506303	42.7072857	-110.9397682
517423525	41.7732837	-110.5460384
517507229	43.0571366	-111.0116611
506146301	41.3284976	-93.1095457
517507243	43.0333236	-111.0121681
517508187	43.4793236	-110.7484991
517507369	42.9986246	-110.9817571
517423584	41.7942877	-110.5425244
517506399	42.7807667	-110.9665922
517506475	42.7906117	-110.9978192
517423604	41.8082067	-110.5341254
517507473	43.0210743	-111.0295877
517506464	42.6871597	-110.9825922
506146138	41.3083416	-93.1095257
517507175	43.0875676	-111.0186781
510787414	36.1451247	-115.2563992
517423591	41.7929617	-110.5372694
506643708	42.3175817	-111.2998652
517423725	41.7902787	-110.5465234
517507964	43.4797666	-110.7493531
517423574	41.7964947	-110.5395424
517410065	41.2670138	-110.9683994
517506354	42.6741257	-111.0093822
517432295	42.0862347	-110.9665453
517432343	42.2538067	-110.2046374
517663146	43.5189636	-110.7492091
517508804	43.4820736	-110.7655791
517506418	42.7426527	-110.9531232
517423566	41.7830797	-110.5518364
517432292	42.0801467	-110.9551663
517432288	42.1167257	-110.9593153
517508844	43.4775636	-110.7634391
517508179	43.4730736	-110.7817391
517506742	42.9208377	-110.9953181
517506454	42.7242967	-110.9334772
517423728	41.7900947	-110.5525434
517432341	42.2553457	-110.2047694
517508758	43.4808036	-110.7607091
510787445	36.1449047	-115.2546192
517409570	41.2422518	-110.9916164
517506404	42.7413357	-110.9331952
517507987	43.4844666	-110.7638171
517410832	41.2668338	-110.9620494
517506710	42.9863776	-110.9728921
517379614	40.7738840	-112.0234892
517508182	43.4788036	-110.7669291
517423823	41.7793978	-110.5376856
517508759	43.4258236	-110.7761691
517508028	43.3237176	-110.7300201
506926932	42.6569243	-111.6021283
506926769	42.6551167	-111.6066700
517507429	43.0987456	-111.0229659
517506653	42.9209287	-111.0024831
517663278	43.5356036	-110.8304491
517506341	42.7414557	-110.9331952
517508763	43.4812836	-110.7620291
517410323	41.2461878	-110.9559994
517378526	40.7775540	-112.0159692
506146387	41.3116296	-93.1094257
517423755	41.7934657	-110.5388284
517507596	43.4639436	-110.8082291
517423662	41.7881797	-110.5478234
517662725	43.7656015	-110.5682061
506926695	42.6617897	-111.5849691
517662692	43.5395146	-110.8237261
517506743	42.9587136	-110.9728661
517506232	42.7196197	-110.9336792
517507357	43.4274086	-110.8005491
517508453	43.4792536	-110.7582991
506643505	42.3221277	-111.3119712
517508148	43.4730373	-110.7697172
517506348	42.7413757	-110.9331952
517423562	41.7872697	-110.5527334
517508781	43.4786336	-110.7604091
517507680	43.4708836	-110.7873291
517508041	43.4782496	-110.7607141
517415572	41.1339834	-104.8142808
506643438	42.2655487	-111.2721132
517506244	42.7537857	-110.9332672
517507311	43.4739626	-110.7848781
517506432	42.7209767	-110.9335692
517506335	42.7218797	-110.9352862
517507501	43.4314236	-110.8025691
517507338	43.4647046	-110.7934311
517432280	42.0841447	-110.9502953
517508620	43.4798836	-110.7605691
517432485	42.2632662	-110.1942867
517506724	42.8966277	-110.9868161
517506693	42.9159507	-111.0008701
517508521	43.4728336	-110.7576191
517507646	43.4709736	-110.8030691
517507194	43.1090166	-111.0168871
517409438	41.2437628	-110.9812624
517423754	41.8082067	-110.5341254
517432352	42.2612497	-110.2006384
517423631	41.7905147	-110.5493304
517506396	42.6236867	-110.9139952
517423737	41.7956027	-110.5391004
506146161	41.3253726	-93.1065637
517508470	43.4745536	-110.7836991
517506642	42.9469947	-111.0089781
517663175	43.5859736	-110.8282591
517508531	43.4878536	-110.7626691
517416035	41.1336784	-104.8097088
517507516	43.4742336	-110.7862791
517423756	41.7930897	-110.5370554
517507235	43.0765246	-111.0164671
517423628	41.7909597	-110.5455374
517508015	43.4797586	-110.7506231
517508713	43.4756736	-110.7492991
517507420	43.0987456	-111.0229659
517506722	42.9682656	-110.9728971
517506247	42.7180847	-110.9336522
517432298	42.0910277	-110.9499743
517506333	42.6827627	-110.9825652
517506718	42.8971677	-110.9965881
517409846	41.2610938	-110.9943894
517507708	43.4712136	-110.7890491
517508464	43.4792536	-110.7633991
517506750	42.7250056	-110.9494441
517423703	41.7904907	-110.5540244
517508866	43.4751036	-110.7742591
517663282	43.5321236	-110.8386291
517423528	41.7727557	-110.5383344
517423613	41.7838627	-110.5589824
517507608	43.4663336	-110.7926991
517506408	42.7408687	-110.9333422
517508153	43.4807636	-110.7505891
517506315	42.7412557	-110.9331942
517508767	43.4775036	-110.7453591
517507710	43.4623036	-110.7939791
517507488	43.4702565	-110.7859762
517507636	43.4302336	-110.7918391
506643706	42.2915877	-111.2896822
517508706	43.4284736	-110.7779591
517507929	43.4797586	-110.7508131
517410255	41.2551898	-110.9521044
517507440	43.2513769	-110.9322074
517507593	43.4616936	-110.8046791
517506480	42.8048007	-111.0006042
517508396	43.4736736	-110.7602391
517507442	43.2513769	-110.9322074
517423770	41.7951587	-110.5402464
517508456	43.4751036	-110.7742591
517423723	41.7905787	-110.5465134
517507954	43.4792646	-110.7605541
517506381	42.6941047	-110.9284952
517506278	42.6781457	-110.9579002
517506220	42.7162417	-110.9332862
517508495	43.4792636	-110.7570691
517506652	42.9148127	-111.0009911
517507242	43.0583046	-111.0265471
517423529	41.7727777	-110.5381664
517423815	41.7793978	-110.5376856
517508374	43.4757536	-110.7612091
517423536	41.7823757	-110.5364684
506926847	42.6568927	-111.5989200
517507726	43.4633336	-110.7953891
517508375	43.4797536	-110.7576291
517506664	42.9212967	-111.0024851
517432305	42.0854347	-110.9484663
517508676	43.4828936	-110.7640891
517506465	42.7487507	-110.9469002
517507474	42.9962248	-111.0435893
517506382	42.7449457	-110.9434482
517506457	42.7570997	-110.9334532
517507946	43.4782496	-110.7607141
517508803	43.4736736	-110.7592091
517506734	42.8966277	-110.9868161
517507843	43.4755436	-110.8873191
517508119	43.4730373	-110.7697172
517432476	42.2632662	-110.1942867
517508525	43.4787936	-110.7595891
517432364	42.2650377	-110.1943464
517506655	42.9229577	-111.0025011
517507734	43.4712936	-110.7873591
517423643	41.7937527	-110.5376694
517339387	40.6750660	-111.8715123
506926740	42.6640627	-111.5962480
517508834	43.4807636	-110.7505891
517506352	42.7433167	-110.9333512
517506859	42.5283942	-110.9820751
506952036	43.5054337	-111.9374788
506926734	42.6396487	-111.5460071
517506741	42.9682656	-110.9728971
506643633	42.3176977	-111.3013932
517506755	42.7250056	-110.9494441
517508152	43.3697536	-110.7373291
510785036	36.1589917	-115.2460532
517506813	42.6887639	-110.9891879
517507432	43.0987456	-111.0229659
517508766	43.4787036	-110.7511491
517506375	42.6993947	-110.9975242
517369727	40.7691640	-111.9572192
517507815	43.4641736	-110.7962091
517506378	42.6594037	-110.9334182
517423595	41.7886877	-110.5527094
517423767	41.7897397	-110.5454894
517507592	43.4634636	-110.7943991
517395410	41.2510289	-111.9698632
517508601	43.4757536	-110.7576491
517508694	43.4745536	-110.7836991
517508298	43.3905836	-110.7294491
517663109	43.6029336	-110.7512391
517507951	43.4795426	-110.7617611
517507798	43.4706836	-110.7891191
517508890	43.4792736	-110.7670591
517507431	43.0987456	-111.0229659
517432277	42.0818957	-110.9564593
517410387	41.2764498	-110.9634834
517508082	43.4816516	-110.7598801
517423718	41.7956087	-110.5389404
517508442	43.4792636	-110.7642891
506926719	42.6545847	-111.5911061
517506686	42.9461957	-111.0048341
517506558	42.9825586	-111.0142101
517508498	43.4878536	-110.7626691
517506698	42.9214027	-111.0024861
517507225	43.1591836	-111.0029751
517507230	43.0599816	-111.0117481
517508875	43.4767336	-110.7686491
517507375	43.0011386	-110.9798641
517506254	42.7507427	-110.9332512
517371606	40.7380340	-111.9707693
517432350	42.2633587	-110.1928704
506926676	42.6547277	-111.6021860
517423567	41.7830137	-110.5517694
517506245	42.6805447	-110.9254532
517508206	43.5066636	-110.7691291
517663333	43.5297136	-110.8428791
517376519	40.7770240	-112.0044392
517508881	43.5071636	-110.7566091
506926233	42.7846857	-111.4181971
517506862	42.9627556	-110.9801850
517339394	40.6701270	-111.8722543
517281693	40.3264930	-111.7065674
517508364	43.4168436	-110.7760591
517506716	42.9097847	-110.9980951
517506219	42.6925877	-110.9579152
517508708	43.4792536	-110.7633991
517423666	41.7894677	-110.5406514
517506489	42.8705617	-110.9534862
517507707	43.4880236	-110.8382091
517508451	43.4784936	-110.7708191
517416308	41.1353234	-104.8104108
517506229	42.7030257	-110.9332842
517507209	43.0875676	-111.0186781
517423776	41.8082067	-110.5341254
517369726	40.7836940	-111.9577192
517506339	42.7025237	-110.9332782
517663328	43.5289536	-110.8429491
517662701	43.6021326	-110.7366731
517507424	43.0987456	-111.0229659
517423760	41.7946477	-110.5412644
517508709	43.4811136	-110.7553391
517508656	43.4788836	-110.7619491
517508511	43.4222436	-110.7775091
517506467	42.7721577	-110.9979092
517507370	42.9951086	-110.9758901
517508107	43.4730373	-110.7697172
506643639	42.3193237	-111.2978872
