sp_id	latitude	longitude
517668204	44.2706230	-105.4312002
517666032	44.2708480	-105.5262361
517668360	44.2279230	-105.4632902
517667167	44.2925030	-105.5035201
517666493	44.2824530	-105.5464201
517666611	44.2902480	-105.4940401
517668074	44.2855630	-105.4778702
517667123	44.2887830	-105.5049901
517667484	44.2695730	-105.4986301
517667679	44.2767440	-105.4883391
517667192	44.2885830	-105.4947301
517667531	44.2735130	-105.5044601
517667463	44.2684730	-105.5042201
517667187	44.2814130	-105.4956401
517788558	44.5318290	-105.2237392
517666506	44.2904130	-105.5292001
517668354	44.2932030	-105.4522602
517667378	44.2655430	-105.5234801
517666251	44.4512630	-105.5848801
517667965	44.2920130	-105.4903401
517668415	44.2308130	-105.4240402
517667801	44.2915430	-105.4932301
517665999	44.3010220	-105.5259891
517668261	44.2040030	-105.3504302
517668324	44.2723830	-105.4300202
517788803	44.5841730	-105.8124300
503227141	40.0321935	-104.8165009
517668020	44.2856230	-105.4932901
517666441	44.2888330	-105.5481901
517667925	44.2901730	-105.4773302
517668027	44.2919830	-105.4937001
517666327	44.2510530	-105.5628501
517661570	43.7464331	-105.4853902
517666153	44.3013930	-105.5261001
517667680	44.2908150	-105.4373122
517668123	44.2913930	-105.4586502
517668122	44.2740130	-105.4792802
517667694	44.2763720	-105.4938411
517414287	41.1387234	-104.8198908
517660992	43.8475310	-104.2104875
517668142	44.2753230	-105.4316602
517666609	44.2921240	-105.4953111
517668143	44.1945230	-105.3704202
517666058	44.2563840	-105.5418831
517666224	44.4536130	-105.5961101
517667209	44.2934630	-105.5029201
517667793	44.3064230	-105.4874901
508220673	39.0922325	-84.4936264
517667784	44.3006730	-105.4717402
517666170	44.4744730	-105.5993901
517666180	44.2912930	-105.5225101
517667509	44.2703530	-105.5227101
517667777	44.2915430	-105.4932301
517666518	44.2685230	-105.5316201
517666089	44.2462431	-105.7461101
507069379	29.8790746	-90.0788854
517667506	44.2735530	-105.5108301
517666478	44.2845530	-105.5472001
517669058	44.2966030	-105.2235202
517666654	44.2901770	-105.5040241
517666822	44.2913030	-105.5093101
517666323	44.2815630	-105.5477001
517666986	44.2929830	-105.5044401
517669038	44.0249731	-105.3250502
517666835	44.2903430	-105.5064701
517666828	44.2941830	-105.5029801
517668488	44.2429330	-105.4779402
517667806	44.2835830	-105.4937101
517666876	44.2840530	-105.4999101
517668365	44.2425530	-105.4743602
514675894	44.0996029	-103.1999607
517669060	44.2836030	-105.2200202
508220421	39.0913725	-84.4969964
517666754	44.3044970	-105.5096981
517667501	44.2750730	-105.5014601
517668731	44.3274270	-105.2842992
517667297	44.2750630	-105.5067301
517667726	44.3145630	-105.4469502
517668336	44.2933330	-105.4369202
517669052	44.4745730	-105.2174102
517667296	44.2777930	-105.5053501
517668557	44.2841730	-105.3679102
517788823	44.9323130	-105.6010800
517667984	44.3043430	-105.4828901
517667659	44.2763990	-105.4938411
503226236	40.0012125	-104.8114679
517666477	44.2824630	-105.5453201
517668294	44.2300930	-105.4299102
517666658	44.2919680	-105.5040621
517667764	44.2890330	-105.4922801
517667174	44.2929030	-105.5006101
517668393	44.2207130	-105.4601802
517789194	44.6557330	-105.2642501
517666009	44.3037310	-105.5249281
517660863	43.8169651	-105.3621653
517668507	44.2746130	-105.4875402
517666928	44.2941830	-105.5029801
517666056	44.2299471	-105.6823121
517667185	44.2827630	-105.5037101
517666388	44.2873730	-105.5481101
517668009	44.2812730	-105.4921501
517668053	44.2918330	-105.4881901
517666841	44.2951530	-105.5187201
517788802	44.9174430	-105.4596601
517667709	44.2915430	-105.4932301
517667255	44.2567630	-105.5017101
517666408	44.2508830	-105.5340601
517667479	44.2698030	-105.5230001
517667403	44.2693930	-105.5063601
517666827	44.2853230	-105.5048801
517667511	44.2697830	-105.5205001
517661319	43.8551290	-104.2033185
517667120	44.3245230	-105.5205901
517668271	44.2360830	-105.4260402
517666819	44.2938330	-105.5079601
517669087	44.2862730	-105.2962402
517666692	44.2974020	-105.5159991
517668175	44.2577830	-105.4731202
517666814	44.2879330	-105.5162001
517666806	44.2881130	-105.4989301
517668464	44.2494330	-105.4832302
517667979	44.3120530	-105.4814501
517669055	44.2816030	-105.3176402
517667494	44.2700930	-105.5018101
517668250	44.2911830	-105.4573702
517666260	44.3252030	-105.5264101
517666098	44.2365431	-105.7401801
517666134	44.2934330	-105.5240701
517668145	44.2419930	-105.4800702
517666974	44.2987930	-105.5220001
517666398	44.2817630	-105.5258401
503226776	40.0045135	-104.8134909
517667247	44.2637830	-105.5122201
517667954	44.2903230	-105.4757502
517667148	44.2821630	-105.5030801
517788753	44.7353230	-105.9732500
517668398	44.2377930	-105.4734402
517668109	44.2930230	-105.4548302
517668164	44.2739630	-105.4931901
517667552	44.2698730	-105.4957601
517666320	44.2643530	-105.5269901
517668428	44.2747630	-105.4929401
517666728	44.2750110	-105.4942551
517666687	44.2875060	-105.5117881
517667533	44.2755330	-105.5053401
517667631	44.2619430	-105.4934102
517788813	44.6716730	-105.7159400
517667353	44.2682230	-105.5042201
517666104	44.2972030	-105.5412701
517668314	44.2895230	-105.4432602
517667841	44.3016430	-105.3529802
517667285	44.2707730	-105.5159801
517666209	44.4830630	-105.5637401
517666057	44.2382161	-105.6043371
508220545	39.0926425	-84.4909364
517788825	44.7409930	-105.7096100
517668179	44.2769530	-105.4921201
517666556	44.2362231	-105.6100301
517667598	44.2892930	-105.4791752
517666017	44.2810560	-105.5463721
517667221	44.2970230	-105.4964301
517667272	44.2768030	-105.5075701
517667662	44.2385010	-105.4795372
517666148	44.3025530	-105.5312501
517667443	44.2747630	-105.5187701
517668456	44.2341730	-105.4310102
517661555	43.9792531	-105.9673801
517668021	44.3090030	-105.4772401
517666183	44.3004430	-105.5278501
517668553	44.2939530	-105.4570902
517667455	44.2739630	-105.5064001
517667816	44.2841330	-105.4846101
517666365	44.2790530	-105.5509001
517666833	44.2964330	-105.4952701
517667921	44.2887030	-105.4799501
517668281	44.2345330	-105.4282602
517666874	44.2920930	-105.4956401
517667066	44.2926930	-105.5223901
517666049	44.2525070	-105.5480771
517667848	44.3081330	-105.4794601
517668333	44.2255830	-105.4546802
517668392	44.2172830	-105.4568502
517666781	44.3044970	-105.5096981
517668091	44.2442530	-105.4789102
517667262	44.2563530	-105.5000702
517669057	44.3477830	-105.2062002
517667158	44.2987930	-105.5220001
517668234	44.2497330	-105.4800702
517666830	44.2909130	-105.5035001
517666373	44.2252331	-105.5592001
517667013	44.2936230	-105.5044501
517666249	44.3194230	-105.5299601
517666873	44.2919930	-105.5044301
517668177	44.2468030	-105.4852902
517668416	44.2403730	-105.4754602
517666930	44.2928730	-105.5079501
517661565	43.7519631	-105.5067302
517666433	44.2898030	-105.5477001
517668112	44.2577330	-105.4923902
517666793	44.2422244	-105.5114361
517666121	44.3277130	-105.5286901
517666310	44.2892430	-105.5394701
517666445	44.2854930	-105.5494101
517668231	44.2877330	-105.4328002
517668135	44.2705130	-105.4896402
517667554	44.2580530	-105.5176701
517661559	43.7413131	-105.4194103
517668026	44.3340730	-105.4875801
517666882	44.2843930	-105.5109801
517667656	44.2288480	-105.4243422
517667434	44.2640430	-105.5129701
517666812	44.2937330	-105.5021101
517666700	44.2929440	-105.5040901
517668093	44.2911830	-105.4573702
517667328	44.2726230	-105.5191201
517668536	44.2146230	-105.4581102
517668171	44.2688230	-105.4928701
517666401	44.2483930	-105.5369901
517666383	44.0999431	-105.5920802
517668376	44.2175230	-105.4618502
517413388	41.1269634	-104.8325108
517666071	44.2497331	-105.6666201
517668531	44.2913930	-105.4586502
517666194	44.3004930	-105.5302901
517666443	44.2424331	-105.5743101
517668286	44.2451530	-105.4781402
517666206	44.3009030	-105.5316001
517666883	44.2924530	-105.5058801
517668528	44.2753230	-105.4324302
517666730	44.2710490	-105.4941271
517666086	44.3005630	-105.5255201
517667454	44.2688830	-105.5032701
517500035	42.7868232	-105.4027504
517667318	44.2738030	-105.5130601
517666891	44.2830830	-105.5071501
517666967	44.2919630	-105.5134401
517666661	44.2850770	-105.4940001
517669061	44.2837230	-105.2765902
517666598	44.2850770	-105.4940001
517668505	44.2369730	-105.4857302
517416064	41.1378564	-104.8046308
517667099	44.2935530	-105.5044501
517668304	44.2183230	-105.4663102
517668383	44.2520730	-105.4880802
517669059	44.3239030	-105.1623402
517669077	44.2862930	-105.3330302
517667275	44.2695230	-105.4976101
517667541	44.2653330	-105.5189701
517666481	44.2889630	-105.5601201
517666448	44.2846830	-105.5479401
517669043	44.3391030	-105.3393302
517666201	44.2923030	-105.5999401
517668066	44.2906630	-105.4933301
517666844	44.2838630	-105.5121601
517499353	42.7595852	-105.3874154
517416365	41.1417234	-104.8068008
517667030	44.3041330	-105.5205401
517667604	44.3023250	-105.3582532
517667599	44.3444920	-105.3591872
517668148	44.2931430	-105.4555702
517667338	44.2739030	-105.5101701
517668366	44.2207930	-105.4674102
517666161	44.3880030	-105.5311301
517666933	44.2843430	-105.5089201
517667316	44.2677630	-105.5221401
517668339	44.2760530	-105.4846902
517666703	44.2715010	-105.5040291
517668442	44.2902430	-105.4486902
517668012	44.2812730	-105.4921501
517667358	44.2686230	-105.5088301
517666711	44.2773210	-105.5005361
517668509	44.2195230	-105.4581602
517666421	44.2609830	-105.5311801
517666992	44.3270330	-105.5211901
517499157	42.7584932	-105.3849904
517667339	44.2724730	-105.5124201
517666127	44.2911830	-105.5241601
517668377	44.2778530	-105.4919501
517667092	44.2907330	-105.5036301
517666624	44.2850760	-105.4941531
517667849	44.3105330	-105.4572902
517669062	44.3190230	-105.1790302
517667393	44.2754130	-105.5212701
517788816	44.6557330	-105.2642501
517668730	44.1071610	-105.1607373
517669047	44.2851830	-105.2985902
517667191	44.2857530	-105.5050301
517788817	44.6368030	-105.2971101
517667657	44.0711081	-105.4886792
517666144	44.3002830	-105.5363701
517666204	44.3216930	-105.5239001
517668465	44.2195830	-105.4666302
517669049	44.2871730	-105.3075202
503226790	40.0026435	-104.8119309
517666669	44.2902480	-105.4940401
517666618	44.3035910	-105.5031781
517667837	44.3476530	-105.3568102
517666504	44.2486730	-105.5698901
517666228	44.4753730	-105.5998801
517666999	44.2817830	-105.5031001
517668111	44.2882630	-105.4336802
517667261	44.2742630	-105.5076101
517668206	44.2705130	-105.4896402
517667748	44.2849130	-105.4796702
517668410	44.2338030	-105.4273102
517667466	44.2685530	-105.5014501
517666006	44.3003770	-105.5348001
517666227	44.3007930	-105.5455501
517666393	44.2863330	-105.5526601
517668172	44.2733430	-105.4931901
517666358	44.2539630	-105.5524201
517668244	44.2320730	-105.4284302
517666735	44.2694530	-105.5124381
517667248	44.2684830	-105.5081301
517668401	44.2230730	-105.4818902
517666031	44.2248351	-105.5532431
517666179	44.3223830	-105.5286701
517668212	44.2592930	-105.4833202
517668400	44.2804930	-105.4709302
517498635	42.7484332	-105.3788264
517666069	44.2911830	-105.5241601
517660852	43.9425081	-105.3428272
517667428	44.2525330	-105.5167601
517665998	44.3028200	-105.5481991
517666172	44.4598930	-105.5837301
517666333	44.2918530	-105.5419601
517668285	44.2455630	-105.4823702
517667312	44.2763130	-105.5111901
517667047	44.2933930	-105.4971101
517666132	44.3041930	-105.5377801
517666649	44.2915410	-105.5194721
517667183	44.2934830	-105.5044501
517667860	44.3068230	-105.4835601
517661552	43.9807631	-105.2649703
517667273	44.2764130	-105.5221901
517667045	44.2924530	-105.5058801
517668372	44.2171730	-105.4660902
517666225	44.3343830	-105.5296601
517666307	44.2359631	-105.5684401
508221077	39.0987925	-84.4886864
517669064	44.2867230	-105.3270702
517665991	44.2937330	-105.5266681
517666575	44.2911930	-105.5025931
517667699	44.2486490	-105.4804232
517667956	44.3124330	-105.4795801
517668131	44.2929330	-105.4601802
517666950	44.2928630	-105.5043201
517666746	44.2710490	-105.4941271
517668158	44.2190930	-105.4614302
517667079	44.3398030	-105.5229801
517667767	44.2896530	-105.4765902
517667964	44.2853630	-105.4904301
517668038	44.3102830	-105.4746501
517666763	44.3044970	-105.5096981
517667458	44.2774330	-105.4956701
517667938	44.2841330	-105.4856701
517667971	44.2855030	-105.4771902
517667840	44.3128730	-105.4796401
517666607	44.2890840	-105.5173201
517661099	43.8511600	-104.2191915
517667372	44.2619030	-105.4996902
517666860	44.2934830	-105.5044501
517666826	44.2956130	-105.5140801
517667669	44.2893430	-105.4444952
517667943	44.2919830	-105.4937001
517666188	44.3043630	-105.5327101
517668092	44.2641630	-105.4929102
517666193	44.3004930	-105.5302901
517667743	44.2920230	-105.4895801
517668219	44.2274130	-105.4612902
517668364	44.2352030	-105.4297702
517666459	44.2849430	-105.5514901
517667733	44.3018330	-105.3492702
517666259	44.3262930	-105.5289801
517666223	44.2960530	-105.5523701
517668098	44.2448430	-105.4771302
517667729	44.2982430	-105.4857401
517667963	44.3064930	-105.4883801
508220239	39.0939805	-84.4962234
517668018	44.2962930	-105.3474602
517666523	44.2325431	-105.6101301
517661227	43.8554570	-104.2033965
514676384	44.1016529	-103.2065807
517661604	43.7512031	-105.4808102
517498656	42.7523852	-105.3746024
517667218	44.2929030	-105.5006101
517666276	44.4862730	-105.6041701
517667355	44.2687530	-105.5049201
517666299	44.2704830	-105.5305401
517668139	44.2900230	-105.4540802
517667896	44.3090030	-105.4815701
517668102	44.2894830	-105.4540302
517667081	44.2923430	-105.5020601
517666615	44.2850770	-105.4940001
517666316	44.2518430	-105.5721401
517661539	43.7584559	-105.4884554
517666807	44.2934630	-105.5029201
517667096	44.3045430	-105.5234901
517666317	44.2465631	-105.6181501
517666210	44.3004430	-105.5278501
517788556	44.7434190	-105.7187390
517666987	44.2819230	-105.4947101
517666821	44.2940530	-105.5087401
517666377	44.2685430	-105.5305601
517666085	44.2961330	-105.5226801
517668984	44.3317359	-105.2576574
517667739	44.2920130	-105.4907201
517668205	44.2793130	-105.4722402
517667794	44.3129530	-105.4716101
517666982	44.2895430	-105.5043901
517668516	44.2299830	-105.4265702
517666487	44.2450930	-105.5436701
517667009	44.3336730	-105.5109701
517667513	44.2702130	-105.5041001
517666672	44.2890820	-105.5082311
517666965	44.2899730	-105.5034801
517667755	44.2843930	-105.4840101
517667498	44.2685030	-105.5061501
517666101	44.3063630	-105.6140401
517788798	44.6210930	-105.6805500
517667121	44.2978830	-105.5036401
517661255	43.8503690	-104.2394385
517666842	44.2913330	-105.5205301
517669039	44.3391030	-105.3393302
517668030	44.3122630	-105.4759101
517667368	44.2632930	-105.5183501
517667876	44.2934630	-105.4811001
517667522	44.2768030	-105.5075701
517667852	44.3016330	-105.4824301
517660838	43.8389791	-105.3652512
517661200	43.8540250	-104.2126595
517668423	44.2634930	-105.4950702
517666295	44.2439531	-105.6731001
517666771	44.3044970	-105.5096981
517660861	43.7761631	-105.3623803
517666061	44.3043830	-105.5266701
517666551	44.1169131	-105.6471701
517666505	44.0781031	-105.9027501
517415485	41.1362334	-104.8156108
517666829	44.3273630	-105.5127701
517666284	44.2907230	-105.6036601
517667674	44.2710970	-105.4936981
517666109	44.2932630	-105.5958701
517668402	44.2352430	-105.4260102
517666065	44.2936230	-105.5250201
517667588	44.2928470	-105.4912771
517668729	44.2788550	-105.1888252
517667822	44.2920130	-105.4903401
517666158	44.3038630	-105.5373201
517668526	44.2709630	-105.4931201
517667773	44.2837630	-105.4738402
517667975	44.2846830	-105.4778902
517667204	44.2929330	-105.5066401
517668085	44.2905630	-105.4478902
517666555	44.2403530	-105.5527901
503226336	40.0309485	-104.8105589
517667528	44.2685030	-105.5061501
517661219	43.8517720	-104.2122805
517668411	44.2767130	-105.4955001
517666897	44.2987930	-105.5220001
517666171	44.3008030	-105.5469501
517667983	44.3065730	-105.4794401
517665983	44.3241690	-105.5302211
517667478	44.2655930	-105.5158701
517667241	44.2646430	-105.5175701
517668248	44.2518430	-105.4805102
517667692	44.2764270	-105.4938411
517666409	44.2426431	-105.6182001
517667967	44.2919930	-105.4932401
517666142	44.3307230	-105.6896301
517666517	44.2904130	-105.5292001
517666739	44.2710490	-105.4941271
517667542	44.2750230	-105.5155501
517666472	44.2662230	-105.5286101
517666037	44.2258441	-105.5707721
517660848	43.8389791	-105.3652512
517668545	44.2630230	-105.4951002
517667977	44.2919930	-105.4932401
517667267	44.2595030	-105.4971602
517668556	44.2476430	-105.3567502
517667151	44.2929030	-105.5006101
517414190	41.1308634	-104.8241208
517661593	43.7519631	-105.5067302
517667904	44.2845130	-105.4773802
517667214	44.2987930	-105.5220001
517666479	44.2856630	-105.5486301
517666646	44.2919910	-105.5039101
517666635	44.2833420	-105.4941531
517668467	44.2778530	-105.4919501
517788554	44.9636260	-105.8122500
517667343	44.2559630	-105.5027501
517667373	44.2755330	-105.5043401
517668253	44.2298630	-105.4282102
517667608	44.3292960	-105.4799981
517669072	44.3240630	-105.1777302
517666174	44.3008330	-105.5472301
517668101	44.2412730	-105.4684302
517661045	43.8510910	-104.2245095
517667844	44.3018330	-105.3505402
517666123	44.2945930	-105.5309201
517666298	44.2721731	-105.6327201
517666454	44.2540430	-105.5821901
517667820	44.2906230	-105.4768102
517788694	44.6372180	-105.3364101
517667590	44.2892930	-105.4791752
517668316	44.2448430	-105.4771302
517667747	44.3067530	-105.4848701
517668144	44.2778530	-105.4919501
517666406	44.2905730	-105.5545701
517667208	44.2884430	-105.4948201
517661498	43.7452721	-105.5204032
508220248	39.0939805	-84.4962234
517661547	43.9529331	-105.7687701
517666854	44.2899130	-105.5141601
517667474	44.2694730	-105.5199801
517667897	44.2813530	-105.4934801
517667348	44.2649230	-105.5181101
517666404	44.2788330	-105.5550601
517788811	44.7092430	-105.4803201
517666726	44.2523910	-105.5110621
517661534	43.7584559	-105.4884554
517668425	44.2704130	-105.4752802
517499152	42.7467532	-105.3592904
517666289	44.2987630	-105.5336801
517666932	44.2908430	-105.5141801
517668068	44.2849130	-105.4796702
517667277	44.2683930	-105.5127801
517666446	44.2858530	-105.5487701
517788806	44.5889130	-105.3576901
517668560	44.2926930	-105.3441902
517667788	44.3043930	-105.4784801
517668421	44.2739630	-105.4931901
517661188	43.8493510	-104.2092745
507069358	29.8702246	-90.0856254
517667177	44.2926530	-105.4970901
517667481	44.2782430	-105.5065001
517660989	43.8556070	-104.2024255
517667645	44.2892540	-105.4411502
503226345	40.0583865	-104.8084549
517668077	44.2911530	-105.4812101
517788443	44.6142400	-105.7460130
517667944	44.2861130	-105.4875701
517666944	44.3011530	-105.5204201
517666218	44.2836631	-105.6555901
517666603	44.2850770	-105.4940001
517667932	44.2841430	-105.4849301
517667180	44.2964430	-105.4948901
517667001	44.2862930	-105.5092601
517666203	44.3011430	-105.5595701
517667751	44.2911230	-105.4932701
517667433	44.2684930	-105.5071201
517668559	44.2568930	-105.3628202
517661576	43.7500831	-105.4880602
517668395	44.2339730	-105.4635902
517668440	44.2409130	-105.4746002
517668508	44.2171530	-105.4672202
517788804	44.7083930	-105.5346901
517666574	44.2850770	-105.4940001
517665980	44.2492651	-105.7055811
517667354	44.2651530	-105.5170301
517666247	44.2985330	-105.5285701
517668313	44.2614530	-105.4724502
517668407	44.2177130	-105.4607802
517667304	44.2653830	-105.4942802
517668044	44.3106030	-105.4496502
517667446	44.2685830	-105.4961301
517668153	44.2465330	-105.4837502
517666094	44.3361930	-105.6556301
517666444	44.2822830	-105.5454501
517668562	44.2844930	-105.3565002
517667891	44.3110930	-105.4841001
517668338	44.2339730	-105.4266702
517668476	44.2578030	-105.4938502
517668310	44.1904230	-105.4496002
517667514	44.2719130	-105.5016201
517667647	44.2742280	-105.4938001
517666880	44.2919930	-105.5044301
517666195	44.3194230	-105.5299601
517667941	44.2915430	-105.4932301
517788828	44.7868130	-105.6839600
517667560	44.2716430	-105.5128001
517666935	44.2883430	-105.5100201
517666665	44.2929440	-105.5040901
517667367	44.2848430	-105.5192501
517666846	44.2868230	-105.5129601
517667626	44.2703630	-105.4936741
517668078	44.3047230	-105.4767301
517667298	44.2626630	-105.5192101
517661215	43.8475310	-104.2104875
517668535	44.2720230	-105.4931501
517667352	44.2699430	-105.5050901
517666923	44.2913330	-105.5205301
517788553	44.9290340	-105.7698790
517666629	44.2824350	-105.4939921
517666173	44.3031830	-105.5240901
517667379	44.2691030	-105.5234401
517666257	44.3277430	-105.5270201
517667416	44.2699830	-105.5159601
517668060	44.2962530	-105.4908001
517660859	43.5619201	-105.6810582
517667727	44.2861030	-105.4853601
517666355	44.2820930	-105.5486701
517667266	44.2546030	-105.4977802
517668032	44.3128230	-105.4826201
517667758	44.3113330	-105.4833201
517668320	44.2386330	-105.4806202
517668404	44.2427730	-105.4820802
517666162	44.3562431	-105.8093001
517667482	44.2710230	-105.5205801
517666164	44.4531030	-105.5804801
517668188	44.2603130	-105.4905302
517667995	44.2920130	-105.4903401
517668549	44.2880130	-105.4425602
509823265	45.0001789	-105.3712991
517666347	44.2869430	-105.5248801
517667920	44.2910230	-105.4911901
517661556	43.7826831	-105.2068303
517666528	44.2826230	-105.5613101
517661406	43.8476350	-104.2460215
517666656	44.2905900	-105.5217141
517667317	44.2737630	-105.5108201
517667596	44.2914900	-105.4760492
507069417	29.8737046	-90.0831354
517667270	44.2686130	-105.5088101
517666091	44.3243230	-105.6813601
517666385	44.2888230	-105.5511301
517667049	44.2889330	-105.5034601
517666436	44.2447230	-105.5684801
517667557	44.2687530	-105.5049201
517665986	44.3414440	-105.5278971
517667179	44.2959930	-105.4951901
517667614	44.2519920	-105.4769542
517667572	44.3034310	-105.4891151
517668734	44.4303260	-105.2257312
517666848	44.2876530	-105.4955801
517667742	44.3291530	-105.4828701
517499363	42.7243432	-105.3869544
517668481	44.2243230	-105.4669302
517668493	44.2778530	-105.4919501
517660858	43.5615811	-105.6729562
517666486	44.2643230	-105.5307801
517667490	44.2612630	-105.5031301
517666304	44.2800930	-105.5467101
517414220	41.1387234	-104.8198908
517668530	44.2528430	-105.4808102
517668312	44.2596330	-105.4835902
517666455	44.2874830	-105.5533301
517666014	44.3161980	-105.5311041
517666832	44.2923830	-105.4970901
517666334	44.2366331	-105.7204501
517788807	44.9150730	-105.5020400
517666293	44.2967730	-105.5987501
517667974	44.2951730	-105.4871101
517668042	44.3128230	-105.4814001
517667875	44.2849030	-105.4848601
517666898	44.2964330	-105.4964201
517668331	44.2879530	-105.4314602
517668298	44.2925930	-105.4442802
517668349	44.2711030	-105.4319502
517667327	44.2768030	-105.5075701
517666356	44.1680031	-105.6518901
517667824	44.2972330	-105.4657902
517661544	43.7537031	-105.6538402
517666503	44.2811130	-105.5581001
517666300	44.1136631	-105.6467101
517667202	44.2854730	-105.5107601
517666907	44.2968630	-105.4970601
517668379	44.2595230	-105.4881802
517667854	44.2909530	-105.4785501
503225340	40.0004785	-104.8213099
517668118	44.2572130	-105.4914202
517667086	44.2917830	-105.5044201
517668245	44.2753730	-105.4934901
517666026	44.2569210	-105.5407621
517667300	44.2777030	-105.4987401
517666463	44.2704830	-105.5305401
517668149	44.2719430	-105.4787402
517666773	44.3044970	-105.5096981
517668136	44.2477730	-105.4817102
517666141	44.3024630	-105.5475101
517666765	44.3044970	-105.5096981
517667947	44.3226930	-105.4890401
517666423	44.2504031	-105.6337001
517666628	44.2901120	-105.5024051
517668104	44.2412130	-105.4744102
517667776	44.3105630	-105.4808701
517666154	44.2994630	-105.5286401
517666020	44.2607820	-105.5439991
517667100	44.3033830	-105.5214601
517667394	44.2623130	-105.4958702
517666485	44.2553830	-105.5493901
517666675	44.2929440	-105.5040901
517666288	44.3194830	-105.6656401
517667757	44.3056030	-105.4842601
517661496	43.7533831	-105.4964662
517667402	44.2687730	-105.5024201
517667060	44.2812130	-105.5064801
517666902	44.2885830	-105.4947301
517666309	44.2496530	-105.5511901
517666706	44.2685510	-105.5017861
517668279	44.2330230	-105.4298302
517669041	44.3318230	-105.3361502
517668501	44.2514130	-105.4799902
508220273	39.0904625	-84.4944634
517668121	44.2890730	-105.4460502
517666040	44.2502380	-105.5354591
517668461	44.2588030	-105.4758802
517666151	44.3019030	-105.5406001
517668269	44.2588030	-105.4756502
508220716	39.0947925	-84.4942664
517668736	44.2919880	-105.2456952
517666053	44.2263241	-105.5701981
517666701	44.2939480	-105.5039571
517667149	44.2831930	-105.5048601
517788822	44.9608430	-105.8062200
517667547	44.2693730	-105.5059701
517666942	44.3054630	-105.5199201
517666396	44.2619830	-105.5286501
517667714	44.2859830	-105.4882701
517667538	44.2633530	-105.5142001
517666272	44.3001030	-105.5302501
517666565	44.2911930	-105.5025931
517668249	44.2864730	-105.4652802
517667584	44.2892930	-105.4791752
517666539	44.2422231	-105.6170901
507069397	29.8748546	-90.0883054
517668396	44.2537830	-105.4927102
517667731	44.2833530	-105.4903601
517668326	44.2412730	-105.4684302
517666118	44.3051430	-105.5354801
517667203	44.2927630	-105.5044301
517666335	44.2288231	-105.6179401
517666972	44.2877930	-105.5064301
517667439	44.2685530	-105.5014501
517667999	44.3043430	-105.4828701
517667423	44.2585330	-105.5189401
517667448	44.2698730	-105.4957601
517667973	44.3158230	-105.4430002
517667018	44.2933030	-105.5059001
517661577	43.7491131	-105.4891302
517667142	44.2917530	-105.4947801
517661551	43.7718731	-105.4738302
517667810	44.2900230	-105.4936001
517666337	44.0889931	-105.7113001
517666160	44.3025230	-105.5480601
514675662	44.0902489	-103.2017837
517667708	44.3349221	-105.4849200
517667472	44.2687130	-105.4987901
517668500	44.2323330	-105.4253102
517667024	44.2974430	-105.5206801
517666126	44.2980230	-105.5284701
517666734	44.2780080	-105.5030911
517661535	43.7584559	-105.4884554
517667108	44.2829130	-105.4973101
517666369	44.2406030	-105.5405901
517666865	44.2900630	-105.5028701
517666378	44.2670030	-105.5369901
517666823	44.2913930	-105.4970901
517668241	44.2304730	-105.4272002
517669054	44.1859930	-105.1667102
517666916	44.2935630	-105.5035301
517667361	44.2768030	-105.5075701
517668300	44.2931430	-105.4555702
517666339	44.2391131	-105.7143201
517666617	44.2931550	-105.5040941
517666452	44.2884730	-105.5556501
503226353	40.0583865	-104.8084549
517666442	44.2677630	-105.5304001
517667467	44.2662030	-105.5190901
517667715	44.2853030	-105.4848301
503226753	40.0026435	-104.8128209
517667638	44.2767440	-105.4883391
517667469	44.2696930	-105.5151801
517415587	41.1379134	-104.8182308
517669068	44.4261430	-105.1890302
517667487	44.2657830	-105.5172401
517667857	44.2857230	-105.4872201
517667525	44.2663330	-105.5128201
517667080	44.3254630	-105.5143601
517667399	44.2584430	-105.5182001
517666858	44.2899330	-105.5155001
517666975	44.2903630	-105.5034901
517668369	44.2603130	-105.4905302
517661545	43.9624631	-105.4398902
517661093	43.8418740	-104.1686865
517499165	42.7651432	-105.3822004
503226316	40.0506015	-104.8105429
517668485	44.2911830	-105.4573702
517666256	44.3250530	-105.5277201
517788739	44.9236690	-105.6514581
517668422	44.2478430	-105.4826602
517661580	43.7512031	-105.4808102
517661601	43.7486131	-105.4880002
517667004	44.3033830	-105.5208701
517666321	44.2528030	-105.5628301
517667135	44.2896430	-105.5034801
517667722	44.2915430	-105.4932301
517665988	44.3472100	-105.5322641
517666567	44.2901320	-105.5024051
517666081	44.2964330	-105.5458801
517667397	44.2696630	-105.4991501
517666682	44.2929440	-105.5040901
517666557	44.2556330	-105.5555901
517667821	44.2915430	-105.4932301
517666594	44.2901260	-105.5123601
517668050	44.2982430	-105.4876501
517667900	44.2894730	-105.4925601
517666420	44.2857630	-105.5523201
507069081	29.8727646	-90.0860754
517668224	44.2371630	-105.4840102
517666363	44.2735030	-105.5254301
517661538	43.7584559	-105.4884554
517667210	44.2936930	-105.5044501
517666313	44.2591930	-105.5442501
517667408	44.2794230	-105.5077201
517668235	44.2768230	-105.4931601
517667115	44.3217830	-105.5206001
517666237	44.3307730	-105.5275601
517667834	44.2825530	-105.4930601
517666686	44.2911850	-105.5040241
517666501	44.2824630	-105.5453201
517667567	44.2870930	-105.4728052
517668341	44.2484030	-105.4785802
517666348	44.2879830	-105.5485901
517668061	44.3079230	-105.4751501
517667244	44.2685530	-105.5008901
517667260	44.2443730	-105.5119801
517666403	44.2823330	-105.5472001
517667486	44.2695730	-105.4986301
517667447	44.2685030	-105.5061501
517667829	44.3002830	-105.3493102
517415667	41.1330434	-104.8164908
517415759	41.1339834	-104.8142808
517667802	44.2915530	-105.4920801
517667819	44.3037230	-105.4507102
517666877	44.2878930	-105.4946201
517668380	44.2312330	-105.4602102
517667992	44.3075430	-105.4869701
517667877	44.3087930	-105.3597502
517666110	44.2928130	-105.5275901
517668185	44.2107230	-105.3590002
517661558	43.7835831	-105.1999703
517667621	44.2703630	-105.4936741
517667517	44.2565730	-105.5000702
517668075	44.2825530	-105.4930601
517667744	44.2915430	-105.4932301
517668482	44.2348730	-105.4638202
517666130	44.3008830	-105.5376201
517415360	41.1407534	-104.8157508
517666093	44.4531730	-105.5978101
517666458	44.2475530	-105.5752901
517666413	44.2549430	-105.5508301
517666531	44.2336030	-105.5266401
517667515	44.2761730	-105.5169801
517667898	44.2925330	-105.4910901
517667578	44.3026910	-105.4498812
517668064	44.2812730	-105.4921501
517666405	44.2891530	-105.5546701
517661297	43.8507020	-104.2365165
517788446	44.6932070	-105.1495672
517666296	44.2949030	-105.5245401
517667048	44.2905830	-105.5208001
517661416	43.8411050	-104.2174215
508220560	39.0969025	-84.4935164
517661591	43.7475031	-105.4882902
517666018	44.2364411	-105.6190851
517666917	44.3212430	-105.5187401
517668443	44.2752830	-105.4947501
517666379	44.2452830	-105.5646101
517661603	43.7587331	-105.4892402
517666340	44.2901830	-105.5336501
517666331	44.2798230	-105.5484001
517666230	44.3038630	-105.5382201
517666824	44.2978930	-105.5028701
517667395	44.2684130	-105.5114201
517668352	44.2302430	-105.4354702
517666663	44.2909150	-105.5215831
517667691	44.2906520	-105.3846132
517666258	44.3224530	-105.5259701
517667846	44.2849130	-105.4837501
517669081	44.2778430	-105.2052702
517667678	44.2361360	-105.4818842
517668382	44.2386530	-105.4669502
517668210	44.2388230	-105.4778302
503227296	40.0148815	-104.7963279
517661550	43.9473231	-105.4419002
517666205	44.2926230	-105.5265701
517498573	42.7596182	-105.3811604
517667563	44.2785830	-105.5042101
517668108	44.2310530	-105.4293302
517668359	44.1098331	-105.4592102
517668429	44.2203630	-105.4614902
517661567	43.7499931	-105.5102102
517667284	44.2687130	-105.4987901
517666229	44.2992630	-105.5350601
517667489	44.2766030	-105.5045701
517667101	44.2923630	-105.4999901
517666530	44.2852730	-105.5483601
517667781	44.3037230	-105.4507102
517666512	44.2850630	-105.5475601
517668255	44.2709630	-105.4931201
517660980	43.8317100	-104.2313085
517666301	44.2467330	-105.5714501
517667931	44.2860630	-105.4916601
517668555	44.2912930	-105.3443502
517668166	44.2494330	-105.4832302
517667400	44.2777930	-105.5053501
517667698	44.2639160	-105.4920752
517669086	44.0748030	-105.1060103
517666894	44.2861630	-105.5085601
517661596	43.7579631	-105.4896402
517668322	44.2521330	-105.4802002
517667500	44.2742930	-105.5014701
517668385	44.2653830	-105.4942802
517667774	44.2860630	-105.4923001
517668194	44.2775730	-105.4677702
517666540	44.2704830	-105.5305401
517668303	44.2772030	-105.4934101
517666041	44.2565400	-105.5471011
517667935	44.2979230	-105.3547802
517667609	44.2838490	-105.4909781
517666511	44.1798331	-105.7656501
517669048	44.2850430	-105.1296602
517666384	44.2444331	-105.6242801
517666387	44.1528131	-105.6799501
517414386	41.1355434	-104.8275508
517667594	44.3156120	-105.4845971
517668047	44.2866330	-105.4907301
517666884	44.2955930	-105.5191401
517660865	43.9837651	-105.7281631
517666613	44.2929440	-105.5040901
517667445	44.2694430	-105.4955201
517667869	44.2952630	-105.4786701
517667238	44.2658430	-105.5131501
517788721	44.8818103	-105.3750617
517668169	44.2755930	-105.4343402
517666067	44.3004430	-105.5278501
517661069	43.8505440	-104.2388665
517666795	44.2920660	-105.5024289
517667345	44.2669930	-105.5182501
517667074	44.2819230	-105.4947101
517667763	44.2809030	-105.4780002
517668518	44.2439330	-105.4788802
517667689	44.2369970	-105.4738252
517666125	44.2360531	-105.7426401
503227136	40.0684935	-104.8154909
517666695	44.2920840	-105.5039151
517667862	44.2845630	-105.4863001
517666424	44.2656930	-105.5306601
517668420	44.1948330	-105.4426302
517666959	44.2987930	-105.5220001
517667873	44.2915430	-105.4932301
517666152	44.3119030	-105.6159901
517667065	44.2884430	-105.4962001
517666415	44.2506530	-105.5366001
517667083	44.3217830	-105.5206001
517667347	44.2768030	-105.5075701
517788386	44.5989200	-106.0101870
517667118	44.2913930	-105.4970901
517666119	44.2953730	-105.5228201
517667294	44.2705630	-105.5010001
517667655	44.2480750	-105.4774302
517666766	44.2862226	-105.5122995
517667000	44.2927030	-105.4985701
517668252	44.2761230	-105.4431302
517667290	44.2685030	-105.5061501
517666981	44.2906230	-105.5058601
517666791	44.2920660	-105.5024289
517667286	44.2707430	-105.5235901
517666850	44.3255930	-105.5102201
517666839	44.2806230	-105.5040701
503227130	40.0796335	-104.8169509
517666114	44.2934530	-105.5932601
517666662	44.2911850	-105.5040241
517666447	44.1762631	-105.6229101
517667769	44.3094230	-105.4445902
517668192	44.2007530	-105.3564102
517666831	44.2860830	-105.5115301
517667683	44.2767440	-105.4883391
517666325	44.2845730	-105.5487601
517668150	44.2302430	-105.4354702
517668173	44.2436630	-105.4762702
517668506	44.2308430	-105.4464202
517667918	44.2874930	-105.4786502
517667222	44.2862930	-105.5095301
517668378	44.2152330	-105.4630102
517666743	44.2710490	-105.4941271
517661588	43.7479631	-105.5172702
517668292	44.2439330	-105.4788802
517667786	44.2971330	-105.4841701
503227142	40.0665035	-104.8129209
517668552	44.2920330	-105.4569902
517666016	44.2879900	-105.5479751
517669075	44.2864030	-105.1065302
517668650	44.2386330	-105.1302912
517667263	44.2758130	-105.5039101
517666546	44.2552430	-105.5779301
517666789	44.2920660	-105.5024289
517668328	44.2289530	-105.4598102
517667163	44.3015830	-105.5208801
517667568	44.3038410	-105.3536322
517668296	44.2930830	-105.4351502
517661589	43.7575231	-105.4878802
517500038	42.7710332	-105.3844704
517667010	44.2940830	-105.5164301
517666871	44.2958030	-105.5071101
517666780	44.3044970	-105.5096981
517667069	44.2906830	-105.4970701
517666911	44.2930430	-105.5000001
517660855	43.9544341	-105.3426372
517669074	44.2767730	-105.1866102
517668048	44.3047830	-105.4822201
503226328	40.0798295	-104.8128299
517668478	44.2882630	-105.4328002
517668532	44.2330330	-105.4624502
517667716	44.2981530	-105.4657902
517666792	44.2920660	-105.5024289
517667371	44.2687730	-105.5040601
517667228	44.3017830	-105.5198301
517666414	44.2888930	-105.5484301
517667063	44.2838230	-105.5106201
517666469	44.2509731	-105.5903001
517666087	44.2968630	-105.5286701
517666593	44.2920980	-105.5040691
517661560	43.6503531	-105.4500403
517666870	44.2928030	-105.5035201
517666681	44.2922090	-105.5111541
517668024	44.3113030	-105.4834101
517667022	44.2913030	-105.5217501
517667438	44.2765730	-105.5034501
517668071	44.3040830	-105.4784501
517667271	44.2749730	-105.4993101
517415805	41.1369134	-104.8173208
517667738	44.3116630	-105.3635302
517667240	44.2735130	-105.5046101
517661146	43.8482180	-104.1781335
503226777	40.0021635	-104.8128209
517666282	44.2980230	-105.5284701
517668487	44.2599930	-105.4734802
517666908	44.2926230	-105.5014601
517666330	44.2561830	-105.5856601
517666241	44.3281230	-105.6799701
517667937	44.2915430	-105.4932301
517666542	44.2800730	-105.5475301
517668351	44.2262030	-105.4634902
503227013	40.0670735	-104.8133009
517667902	44.2886130	-105.4834701
517667387	44.2545730	-105.5025502
517667168	44.3244730	-105.5223701
514675947	44.0911529	-103.2023107
517666998	44.2895230	-105.5020201
517666785	44.2920660	-105.5024289
517667307	44.2768030	-105.5075701
517666799	44.2422244	-105.5114361
517667502	44.2546830	-105.5123201
517667497	44.2758930	-105.5028401
517668441	44.2301630	-105.4608002
517668058	44.2851230	-105.4821202
517667998	44.2860930	-105.4855001
517667792	44.2959530	-105.3529202
517667344	44.2699130	-105.4967801
517667062	44.2913130	-105.5212901
517667961	44.3087630	-105.4814901
517668367	44.2715130	-105.4327802
517667067	44.2937430	-105.5185201
517666674	44.2984170	-105.5203141
517666372	44.2670630	-105.5317901
517668213	44.2442530	-105.4789102
517665989	44.3414440	-105.5278971
517666277	44.4574830	-105.5873401
517661064	43.8511420	-104.2311325
517668389	44.2800230	-105.4720402
517666516	44.2901830	-105.5336501
517668433	44.2298930	-105.4294202
517666185	44.2990530	-105.5372501
517666993	44.2899530	-105.4985201
517661330	43.8487750	-104.1897345
517667194	44.2916530	-105.5044201
517666176	44.4548930	-105.5949101
517667077	44.2933730	-105.4957201
517668323	44.2597930	-105.4929702
517666744	44.2710490	-105.4941271
517666948	44.2910530	-105.5028901
517666973	44.2923730	-105.5035201
517666468	44.2543130	-105.5492701
514675726	44.0876369	-103.2015317
517667094	44.2924230	-105.5202801
517666578	44.2920610	-105.5040671
517666496	44.0275831	-105.6522802
517668523	44.2905730	-105.4361602
517666341	44.2829830	-105.5461401
517667847	44.2915430	-105.4932301
517666103	44.3216930	-105.5239001
517666710	44.2773210	-105.5005361
517666430	44.2869430	-105.5248801
517666641	44.2911850	-105.5040241
517668274	44.2386530	-105.4669502
517666029	44.2247851	-105.5719371
517661595	43.7602631	-105.4768802
517667536	44.2647930	-105.5131201
517668427	44.2153630	-105.4600702
517666238	44.2960330	-105.6389501
517667054	44.2908030	-105.5219901
517666794	44.2422244	-105.5114361
517666519	44.2670630	-105.5317901
517666939	44.3045730	-105.5218101
517666198	44.2985330	-105.5285701
517668554	44.2658630	-105.3628902
517668525	44.2338130	-105.4889302
517666538	44.2828530	-105.5452501
517666391	44.2870130	-105.5523101
517661568	43.7596631	-105.4839602
517667853	44.2835530	-105.4811602
517666768	44.2911022	-105.5089003
517667745	44.2920130	-105.4903401
517667929	44.3047230	-105.4880701
517667110	44.2919230	-105.5044301
517666159	44.2961330	-105.5226801
517667283	44.2692230	-105.5135601
517668239	44.2804330	-105.4741602
517667461	44.2755330	-105.5036201
517667119	44.2943030	-105.5073501
517668477	44.2613530	-105.4749102
517666464	44.2502231	-105.5863401
517667916	44.3058230	-105.4798901
517660841	43.6173741	-105.7859362
517667160	44.2825130	-105.4976601
517667843	44.2870730	-105.4910301
517666845	44.2938930	-105.5044501
517661574	43.7590131	-105.4880902
517668096	44.2743330	-105.4300202
517668203	44.2066330	-105.3589702
517667411	44.2691330	-105.5210001
517666437	44.2628830	-105.5289701
517666587	44.2901120	-105.5024051
517666699	44.2850770	-105.4940001
517668246	44.2796230	-105.4511202
517667292	44.2693030	-105.5022601
517668113	44.2451330	-105.4763902
517667760	44.3053530	-105.4756201
517667650	44.2144590	-105.4513852
517667064	44.2941430	-105.5059301
508220469	39.0918475	-84.4928324
517666724	44.2735740	-105.4942141
517789193	44.6859730	-105.2454601
517667625	44.2365050	-105.4795442
517665996	44.2986200	-105.5355831
517666095	44.2972030	-105.5412701
517666626	44.2915410	-105.5194721
517666655	44.2919910	-105.5039101
517667845	44.3105130	-105.4733301
517661405	43.8566650	-104.2027695
517668187	44.2341730	-105.4310102
517667072	44.2913230	-105.5053201
517666419	44.2869630	-105.5504501
517668406	44.2344630	-105.4367402
517668057	44.2870730	-105.4910301
517667863	44.3100830	-105.3603802
517666927	44.2957930	-105.5184501
517667682	44.2263360	-105.3587162
517668033	44.2947930	-105.3495402
517667838	44.2851830	-105.4782602
517666802	44.2422244	-105.5114361
517666166	44.2932930	-105.5272301
517668155	44.2918030	-105.4590002
517666685	44.2919680	-105.5040621
517661074	43.8565640	-104.2027695
517668444	44.2422330	-105.4779402
517667143	44.2934630	-105.5029201
517666165	44.3319330	-105.5299001
517667076	44.2969830	-105.5036301
517667153	44.2872530	-105.5131801
517666279	44.3044130	-105.5245601
517667341	44.2574630	-105.5170801
517788818	44.6674030	-105.3339701
517667713	44.2963230	-105.4658002
517667676	44.2763990	-105.4938411
517669037	44.3450030	-105.3415302
517667477	44.2695730	-105.4986301
517667225	44.2910730	-105.5044101
508220650	39.0949825	-84.4907864
517667386	44.2685030	-105.5061501
517667882	44.2885930	-105.4935701
517668196	44.2344630	-105.4271802
517666872	44.2914430	-105.5035001
517667268	44.2778830	-105.5019601
517667960	44.2918330	-105.4881901
517667546	44.2579530	-105.5195601
517667269	44.2768030	-105.5075701
517666051	44.2875450	-105.5253711
517666426	44.2421830	-105.5522701
517667036	44.2924030	-105.5218601
517666115	44.3014030	-105.5277901
517667091	44.2933830	-105.4991701
517666178	44.2924230	-105.5233601
517667815	44.2937230	-105.4784901
517666064	44.3028430	-105.5467001
517667611	44.2817900	-105.4904281
517667021	44.2930030	-105.5058901
517666957	44.2889730	-105.4976601
517666820	44.2816930	-105.5026101
517666138	44.3016730	-105.5424101
517667831	44.3097630	-105.4435902
517415300	41.1328534	-104.8184908
517667756	44.2936630	-105.3616902
517666428	44.2381131	-105.6668901
517666919	44.2945230	-105.5152401
517667089	44.3006830	-105.5208801
517667989	44.2910130	-105.4917101
517667668	44.2726360	-105.4935271
517668391	44.2727330	-105.4329202
517668450	44.2070330	-105.3615202
517668541	44.2718230	-105.4921601
517667164	44.3232230	-105.5108401
517666619	44.2909150	-105.5215831
517667636	44.2602190	-105.4919042
517666605	44.2850770	-105.4940001
517667939	44.2926930	-105.3604802
517666510	44.0250731	-105.5749002
517667540	44.2768030	-105.5075701
517668222	44.2729830	-105.4473102
517667981	44.2998630	-105.4781101
517667396	44.2712030	-105.4942901
517668124	44.2729830	-105.4473102
517666954	44.2830530	-105.4959801
517666818	44.3311030	-105.5138401
514676337	44.0970129	-103.2022607
517666243	44.3043130	-105.5338701
517666502	44.2873430	-105.5598801
517667684	44.2896920	-105.4411632
517667027	44.2837430	-105.5057801
517667245	44.2795730	-105.5070601
517666893	44.2906630	-105.5044101
517668519	44.2894130	-105.4415802
514675595	44.1013029	-103.2030197
517667805	44.2942130	-105.4929501
517666508	44.2601930	-105.5270001
517667061	44.2923430	-105.5027701
517666758	44.2862226	-105.5122995
517666645	44.2902480	-105.4940401
517667595	44.2837920	-105.4909331
517666554	44.2685530	-105.5267401
517666052	44.2348950	-105.5302141
517667432	44.2730630	-105.5178701
517667672	44.2482210	-105.4846142
517666236	44.2491131	-105.6646001
517666772	44.2862226	-105.5122995
517668371	44.2911830	-105.4573702
517667721	44.2833830	-105.4745702
517666080	44.3208130	-105.5249501
517788444	44.6520640	-105.2931671
517666128	44.2936030	-105.5233701
517666035	44.2591600	-105.5340261
517661594	43.7597431	-105.4780402
517667111	44.3342830	-105.5216201
517668466	44.2705730	-105.4763702
517667505	44.2647530	-105.5134801
517667574	44.4216420	-105.4554741
517666857	44.2803730	-105.5026901
517666394	44.2558230	-105.5362701
517667310	44.2721930	-105.5154401
517660862	43.8990151	-105.2804633
517666676	44.2909150	-105.5215831
517668737	44.2791380	-105.1822872
517667201	44.2916730	-105.5217501
517667591	44.2947920	-105.4924911
517667279	44.2735330	-105.5073401
517667635	44.2703630	-105.4936741
517667660	44.2894790	-105.4497062
517667026	44.2914030	-105.4962501
517667807	44.2841330	-105.4847201
517666918	44.3306530	-105.5157901
517666187	44.3236530	-105.5274101
517667768	44.3025230	-105.4747201
517668266	44.2537830	-105.4927102
517667128	44.2877830	-105.5114201
517661495	43.7568281	-105.4892972
517661602	43.7510731	-105.4883102
517666960	44.2932830	-105.5043301
517667313	44.2696630	-105.4980601
517668128	44.2409130	-105.4746002
517666222	44.2998130	-105.5518801
517666643	44.2901770	-105.5040241
517668267	44.2601230	-105.4853802
517666202	44.3008730	-105.5595401
517667523	44.2637430	-105.5160401
517668197	44.2804330	-105.4741602
517667681	44.2703630	-105.4936741
517668315	44.2800230	-105.4715902
517667193	44.2909130	-105.5035001
517667761	44.3086530	-105.4835901
517668138	44.2344830	-105.4277302
517666962	44.2877430	-105.5179201
517667230	44.2868230	-105.5127301
517668229	44.2484930	-105.4870202
517666749	44.2594550	-105.4996202
517668550	44.2921130	-105.4536202
517666920	44.2946030	-105.5063701
517667116	44.2899730	-105.5092801
517667144	44.2915530	-105.4943501
517666124	44.2965430	-105.5270201
517667207	44.2959430	-105.4977201
517788691	44.8690060	-105.3738331
517666840	44.2945330	-105.5061501
517667249	44.2575630	-105.5184301
517667082	44.2846730	-105.5127801
517667449	44.2682330	-105.5049101
517666350	44.2543330	-105.5552501
517666764	44.3044970	-105.5096981
517666804	44.3044970	-105.5096981
517413419	41.1280234	-104.8411308
517668160	44.2930730	-105.4512402
517666727	44.2594510	-105.4946262
517666120	44.3271630	-105.5240901
517666667	44.2929440	-105.5040901
517668424	44.2634930	-105.4950702
517667137	44.2940830	-105.5164301
517661599	43.7603531	-105.4778702
517788805	44.5466530	-105.6661601
517668254	44.2181930	-105.4551102
517666010	44.2975910	-105.5429011
517667239	44.2790930	-105.5064401
517666473	44.2452830	-105.5646101
517666529	44.2554530	-105.5316401
517667189	44.2906830	-105.5128001
517667366	44.2685030	-105.5061501
517668539	44.2930730	-105.4512402
517667170	44.2929130	-105.5035301
517666244	44.3007930	-105.5420101
517667866	44.2866230	-105.4920201
517666111	44.3039230	-105.5292101
517666050	44.0730301	-105.7683201
517667491	44.2744730	-105.5236101
517667431	44.2638630	-105.5140801
517668065	44.2982430	-105.4819501
517667198	44.2961230	-105.5031001
517667826	44.3047030	-105.4856201
517668983	44.3317359	-105.2576574
517667770	44.2997830	-105.4788901
507069211	29.8796546	-90.0781454
517667166	44.2908730	-105.5044101
517666914	44.2883730	-105.5142201
517666564	44.2942800	-105.5195891
517668454	44.2376730	-105.4789202
517660835	43.8595201	-105.3487692
517667867	44.2988330	-105.4884601
517667038	44.3041330	-105.5205401
517668293	44.2284430	-105.4611502
517668199	44.2352330	-105.4632902
517667573	44.2888090	-105.4757092
517660849	43.5619201	-105.6810582
517666306	44.2876530	-105.5568901
517661409	43.8465360	-104.2106815
517667308	44.2729430	-105.5022201
517666226	44.2484331	-105.6650001
517666694	44.2891880	-105.5025231
517668151	44.2922130	-105.4543102
517667526	44.2615630	-105.4959602
517668225	44.2444430	-105.4749402
517667723	44.3225830	-105.4865201
517666852	44.2945030	-105.4952001
517668167	44.2351830	-105.4281802
517668278	44.2306630	-105.4293702
517666888	44.2954430	-105.5174401
517667850	44.2920130	-105.4903401
517666970	44.2914030	-105.4956301
517788552	44.9554480	-105.8242580
503226754	40.0031235	-104.8128209
503226310	40.0768825	-104.8151279
508220571	39.0942025	-84.4949064
517667374	44.2739030	-105.5227501
517667114	44.2923830	-105.4962501
517666549	44.2894130	-105.5519401
517668023	44.3156630	-105.4429902
517667859	44.3082830	-105.4829701
517667132	44.2927130	-105.5035201
517666976	44.2915830	-105.5044201
517661532	43.7584559	-105.4884554
517667949	44.2857130	-105.4813702
517668015	44.3079430	-105.3634802
517668263	44.2705130	-105.4896402
517666457	44.2711830	-105.5256001
509823264	45.0001789	-105.3712991
517666146	44.3233930	-105.5239001
517667934	44.2819430	-105.4782802
517666012	44.3035690	-105.5277001
517667785	44.2837630	-105.4738402
517668265	44.2894830	-105.4540302
517667199	44.3237830	-105.5208101
517667276	44.2660430	-105.5161201
508220755	39.0969025	-84.4935164
517666525	44.2460431	-105.6353501
517667730	44.2850530	-105.4866201
517666527	44.2566230	-105.5484801
517668028	44.2963230	-105.4658002
517667559	44.2623930	-105.5149601
517667323	44.2693230	-105.4968101
517661389	43.8527470	-104.2029155
517666991	44.2928630	-105.5043201
517666709	44.2689650	-105.5038411
517667456	44.2854030	-105.5203901
517668202	44.2941130	-105.4384702
517668256	44.2682730	-105.4897602
517666562	44.1229331	-105.5942201
517668055	44.2965830	-105.3618202
517666995	44.3244730	-105.5223701
517668105	44.2905730	-105.4361602
517667912	44.2954530	-105.4683902
517666715	44.2618960	-105.4940402
517667141	44.2932830	-105.5035301
517667390	44.2655730	-105.5101101
517666553	44.2400030	-105.5305101
517668474	44.2308430	-105.4464202
517667117	44.2913330	-105.5205301
517788544	44.6054150	-105.0855762
517666926	44.2943030	-105.5073501
517668127	44.2534430	-105.4902802
517666359	44.2804030	-105.5550801
517666659	44.2929440	-105.5040901
517788696	44.6202030	-105.3263191
508220675	39.0969025	-84.4935164
517667019	44.2910230	-105.5088801
517668459	44.2697030	-105.4317302
517666329	44.2864430	-105.5491901
517667319	44.2683630	-105.5042201
517666717	44.2586960	-105.5145031
517661582	43.7564131	-105.4842202
517667901	44.3330930	-105.4872201
517668215	44.2198330	-105.4652802
517499898	42.7648732	-105.3858304
514676161	44.0872929	-103.2012207
517668470	44.2761230	-105.4431302
517667295	44.2687730	-105.5024201
517788695	44.7094400	-105.4304181
517666482	44.1793531	-105.6254701
517668374	44.2920630	-105.4539902
517667006	44.3048630	-105.5093401
503226383	40.0211346	-104.8154061
517669069	44.2956530	-105.1027702
517667254	44.2547930	-105.4960102
517667827	44.2853430	-105.4856701
517668011	44.3006730	-105.4717402
517667409	44.2760930	-105.5225601
517498665	42.7511522	-105.3796654
517669053	44.2851830	-105.2985902
517666563	44.2540430	-105.5821901
517666851	44.2822130	-105.4947301
517668119	44.2514230	-105.4807702
517666137	44.3130230	-105.5301201
517667585	44.3042990	-105.4878301
517666856	44.2860630	-105.5145801
517667453	44.2684730	-105.5042201
517667231	44.2923130	-105.5058801
517667693	44.2726430	-105.4933911
517666196	44.3391730	-105.5275501
517666600	44.2911780	-105.4942051
517667109	44.2975830	-105.5199301
517666318	44.2562930	-105.5478401
517660856	43.7836781	-105.7841922
517667586	44.3100030	-105.4501022
517667421	44.2759930	-105.4992601
517666315	44.2674830	-105.5335601
517668019	44.3094630	-105.4861001
517668514	44.2746030	-105.4835802
517665981	44.2673581	-105.6347991
517666958	44.2957530	-105.5211401
517666270	44.3217931	-105.6880501
517667422	44.2685030	-105.5061501
517788374	44.7972380	-105.8981520
517668384	44.1914430	-105.4148102
517666581	44.2850760	-105.4941531
517661549	43.5536131	-105.4959403
517666084	44.3036130	-105.5359101
517668001	44.2915430	-105.4932301
517668106	44.2933430	-105.4587602
517666994	44.2890230	-105.5005601
517666068	44.3017530	-105.5475201
517667759	44.2870530	-105.4768802
517668399	44.2360830	-105.4257102
517668363	44.2931330	-105.4563002
517666949	44.3135130	-105.5064101
517669070	44.3284030	-105.2823402
514675637	44.0912389	-103.2054517
517667839	44.2982430	-105.4781001
517788751	44.7111630	-105.8380400
517499080	42.7537232	-105.3704704
517666745	44.2710490	-105.4941271
517666465	44.2505430	-105.5519701
517660836	43.9103361	-105.6518192
517668073	44.2940030	-105.4898201
517788809	44.5642730	-105.6725701
517667057	44.3002730	-105.5204201
517666623	44.2931150	-105.5125361
517666729	44.2460090	-105.5107211
517667176	44.2956130	-105.5140801
517666075	44.3244530	-105.5243401
517666262	44.3050030	-105.5241401
517667427	44.2536830	-105.4982102
517666140	44.2907230	-105.5228901
517660857	43.8169651	-105.3621653
517667903	44.2883630	-105.4779702
517667112	44.2835530	-105.5077201
517667104	44.2896430	-105.5134201
517666968	44.2906630	-105.5044101
517667910	44.2903230	-105.4757502
517661096	43.8523850	-104.2103125
517667783	44.2847030	-105.4933801
517666596	44.2929440	-105.5040901
517666650	44.2911930	-105.5025931
517667211	44.2945330	-105.5201701
517668457	44.2694430	-105.4945902
517668524	44.2882730	-105.4353902
517667023	44.2926830	-105.5079501
517667102	44.2876630	-105.4974601
517668732	44.3249850	-105.2604712
517666541	44.2467330	-105.5714501
517666167	44.2964430	-105.5265301
517666731	44.2710490	-105.4941271
517667346	44.2768030	-105.5075701
517667582	44.2991140	-105.3557002
517667644	44.2384640	-105.4795372
517667892	44.3088330	-105.4877001
517498663	42.7460052	-105.3629884
517667911	44.2832530	-105.4738002
517666625	44.2911930	-105.5025931
517666411	44.2566130	-105.5441401
517666422	44.2477231	-105.6363901
517414037	41.1358224	-104.8245808
517666156	44.4556030	-105.5893401
517666074	44.3062730	-105.6010801
517666513	44.2869630	-105.5504501
517668355	44.2261430	-105.4609302
517666572	44.2929440	-105.5040901
517668350	44.2907330	-105.4337802
517666859	44.2927330	-105.5100301
517669051	44.2790130	-105.2249402
517666456	44.2864530	-105.5476501
517667798	44.2872030	-105.4794102
517667705	44.2288480	-105.4243422
517667579	44.2929110	-105.4927191
517668059	44.3006730	-105.4717402
517666106	44.3024030	-105.5441001
517667360	44.2685230	-105.4999101
517661347	43.8549000	-104.2581215
517666460	44.2583030	-105.5435701
517666107	44.3010830	-105.5499801
517666788	44.2920660	-105.5024289
517668546	44.2932030	-105.4522602
517668462	44.2920430	-105.4563302
517666489	44.2872530	-105.5484501
517668498	44.2781730	-105.4900401
517667496	44.2685030	-105.5061501
517668357	44.2707230	-105.4771102
517668236	44.2905130	-105.4441202
517668140	44.2490430	-105.4825502
517498563	42.7593212	-105.3811634
517667556	44.2707730	-105.5157101
517667320	44.2575330	-105.5027301
517661573	43.7464331	-105.4853902
517666989	44.2976230	-105.4998401
517667593	44.3090910	-105.4470742
517667227	44.2910930	-105.4970801
517669084	44.3236130	-105.2099202
517667325	44.2693130	-105.5016501
517661028	43.8556090	-104.2009325
517666526	44.2813330	-105.5464301
517668287	44.2448430	-105.4771302
517668233	44.1952630	-105.3600202
517668051	44.3117630	-105.4706101
517668043	44.2837430	-105.4799702
517667602	44.2986740	-105.3586322
517667702	44.2751640	-105.4895022
517668533	44.2911830	-105.4573702
517668563	44.2843230	-105.3615502
517666286	44.2822031	-105.6377301
517666191	44.3058630	-105.5356801
517666497	44.2717530	-105.5306301
514675985	44.0990029	-103.2024007
517667518	44.2678730	-105.5033301
517667229	44.2940330	-105.5073601
517661372	43.8514400	-104.2137745
517666045	44.2616120	-105.5239461
517667510	44.2580230	-105.5169201
517668455	44.2315730	-105.4247702
517668497	44.2326130	-105.4256402
517667543	44.2758930	-105.4992701
517668449	44.2940630	-105.4556002
517788542	44.6358110	-105.1143002
517668340	44.1969030	-105.3619402
517667666	44.2494600	-105.4794082
517668232	44.2314330	-105.4334302
517667495	44.2665830	-105.5162901
517668090	44.2291330	-105.4309102
517666163	44.2923530	-105.5258801
517665990	44.3161980	-105.5311041
517667779	44.2915430	-105.4932301
517667711	44.3110430	-105.4771301
514676237	44.0946529	-103.1825007
517667504	44.2721030	-105.5135901
517661592	43.7511731	-105.5066102
517666078	44.2951030	-105.5274901
517666246	44.3034430	-105.5320801
517668458	44.2346130	-105.4650202
517660851	43.8169651	-105.3621653
517666924	44.2937330	-105.5021101
517666197	44.3013930	-105.5269401
517666319	44.2913630	-105.5410301
517666328	44.2420930	-105.5551301
517668221	44.1510531	-105.4455502
517667493	44.2748230	-105.5211901
517668512	44.2913930	-105.4586502
517666691	44.2919680	-105.5040621
517666956	44.2909730	-105.4947701
517667616	44.2703630	-105.4936741
517666361	44.2464830	-105.5671301
517668152	44.2436130	-105.4778702
517666963	44.2894630	-105.5005701
517666077	44.2989830	-105.5383701
517668486	44.2366330	-105.4875702
517666892	44.2913930	-105.4970901
517667147	44.2905030	-105.5034901
517667529	44.2604430	-105.4981402
517667940	44.3033630	-105.4828801
517666720	44.2801250	-105.5092521
517666484	44.2430931	-105.5784801
517666640	44.2985780	-105.5123701
514676023	44.0998329	-103.2012207
517666787	44.2920660	-105.5024289
517667720	44.2915430	-105.4932301
517667613	44.2482210	-105.4846142
517666719	44.2629120	-105.5097261
517666112	44.2942930	-105.5269101
517668437	44.2281530	-105.4565302
517666757	44.2862226	-105.5122995
517666397	44.2451030	-105.5542301
517661499	43.7584559	-105.4884554
517666439	44.2800730	-105.5475301
517668005	44.3063730	-105.4807301
517667553	44.2755030	-105.5205101
517667524	44.2687730	-105.5040601
517667377	44.2540630	-105.4960002
517667516	44.2687730	-105.5024201
517499195	42.7883732	-105.3745504
517666429	44.2869130	-105.5473401
517666866	44.2925030	-105.5044301
517667651	44.2473310	-105.4820432
517667011	44.2819230	-105.4947101
517667188	44.2870230	-105.5050201
517667830	44.2856230	-105.4870601
517667460	44.2641930	-105.5111101
517667762	44.2915730	-105.4838701
517788800	44.6210930	-105.6805500
517667084	44.2926230	-105.5014601
517667707	44.3285926	-105.4867496
517668299	44.2185430	-105.4646502
517666702	44.2510140	-105.5157891
517666342	44.1474031	-105.6515301
517666143	44.2907930	-105.5224601
517667861	44.3115030	-105.4802001
517668146	44.2902030	-105.4573002
517666265	44.2443231	-105.6849901
517667661	44.2904250	-105.3847152
517666400	44.2540630	-105.5578601
509823268	45.0003510	-105.8999459
517666168	44.3205630	-105.5257101
517667812	44.3117730	-105.4808001
517667649	44.2763990	-105.4938411
517668368	44.2913930	-105.4586502
517668162	44.2369930	-105.4340602
517667197	44.2915330	-105.5134101
517667976	44.2851330	-105.4833502
517667105	44.2877730	-105.5117001
517667803	44.3120430	-105.4721401
517414310	41.1387234	-104.8198908
503227370	40.0439805	-104.7962119
517666362	44.2464230	-105.5684901
517666184	44.3054630	-105.6101201
517666843	44.2803730	-105.5026901
517666522	44.2892730	-105.5552201
517668412	44.2427730	-105.4820802
517666642	44.2678640	-105.5053381
517668115	44.2724730	-105.4773702
517667406	44.2631730	-105.4978902
517668738	44.2851230	-105.2972972
517667795	44.2837430	-105.4796102
517667858	44.3106630	-105.3596302
517666813	44.2884430	-105.4955901
517666815	44.2863930	-105.5142201
517788546	44.6051700	-105.0855622
517660834	43.7227911	-105.4643642
517667236	44.2789030	-105.5067901
517668114	44.2740130	-105.4792802
517666548	44.1263131	-105.7158701
517667569	44.3997980	-105.3869602
517668418	44.2724930	-105.4377002
517666536	44.2898330	-105.5537601
517668306	44.2761230	-105.4431302
517666585	44.2816280	-105.4953971
517667753	44.2825530	-105.4930601
517667404	44.2655530	-105.5183201
517667566	44.2966780	-105.4497392
517788447	44.9426879	-105.1891271
517667232	44.2940830	-105.4944401
517668561	44.2691730	-105.3632402
517666693	44.2915410	-105.5194721
517667071	44.2943030	-105.5073501
517668010	44.3050630	-105.4747201
517667881	44.2960630	-105.4871501
517668262	44.2343830	-105.4254802
517666235	44.3036830	-105.5387301
517666500	44.2446531	-105.6038001
514676270	44.0880429	-103.1932207
517667754	44.3336830	-105.4814401
517667735	44.3110930	-105.4711201
517666326	44.2861430	-105.5517801
514676066	44.0878229	-103.1998507
517667333	44.2685030	-105.5061501
517668132	44.2895030	-105.4328502
517666303	44.2625830	-105.5288801
517666088	44.3216930	-105.5239001
517788812	44.6210930	-105.6805500
517666597	44.2911270	-105.5038711
517668201	44.2451330	-105.4763902
517668002	44.2936330	-105.4846401
517667710	44.2971430	-105.4797101
517668453	44.2729230	-105.4300202
517667589	44.3156120	-105.4845971
517666177	44.2905630	-105.5231401
517669088	44.2835730	-105.3090702
517666351	44.0875331	-105.8029801
517666131	44.2540531	-105.6640101
517667139	44.2951930	-105.5152101
517667178	44.2915530	-105.4943501
517666431	44.2562130	-105.5500001
517667031	44.3254530	-105.5218101
517667886	44.3006730	-105.4717402
517661597	43.7639831	-105.4789602
517668297	44.2369930	-105.4340602
517668165	44.2758130	-105.4917201
517667243	44.2687730	-105.5024201
517666346	44.2481431	-105.6394801
517666311	44.2626630	-105.5278401
517667549	44.2647330	-105.5119301
517666042	44.2565400	-105.5471011
517666261	44.4823630	-105.6003101
517669046	44.1743830	-105.1780502
517667014	44.2934830	-105.5044501
517666936	44.2884130	-105.4991001
503226795	40.0049335	-104.8185209
517666712	44.2458160	-105.5127571
517666149	44.3029530	-105.5483501
517669080	44.4950630	-105.2255102
517667766	44.2824930	-105.4754902
517668538	44.2774930	-105.4697102
517667532	44.2526330	-105.5198201
517666604	44.2850770	-105.4940001
517666837	44.2884330	-105.5043701
517667200	44.2928630	-105.5043201
517667917	44.3078830	-105.4820001
517666576	44.2929440	-105.5040901
517666100	44.2888830	-105.6003701
517667039	44.2982430	-105.5005701
517668489	44.2053930	-105.3538802
517667451	44.2657330	-105.5151301
517666666	44.2850770	-105.4940001
517668099	44.2211730	-105.4604102
517667936	44.2868630	-105.4881201
514676302	44.0878029	-103.1939307
517666189	44.3352330	-105.5237901
517667778	44.2897630	-105.4826201
517666263	44.3004430	-105.5278501
503227036	40.0792635	-104.8113709
517668302	44.2232030	-105.4581202
517788557	44.9528810	-105.8061240
517666435	44.2493430	-105.5670801
517667389	44.2683630	-105.5042201
517668317	44.2746130	-105.4875402
517667381	44.2751330	-105.5146401
517666684	44.2911500	-105.4980421
517666449	44.2847230	-105.5462601
517666552	44.2861430	-105.5525501
517667610	44.2868650	-105.4718822
517667410	44.2700830	-105.5026501
517667216	44.2939930	-105.5044801
517667871	44.2885930	-105.4928001
517666352	44.2446531	-105.6038001
517666953	44.2927030	-105.5086001
503227347	40.0583815	-104.8049009
517498662	42.7566832	-105.3828034
517666253	44.3030830	-105.5842001
517668186	44.2895130	-105.4362902
517667253	44.2653830	-105.4942802
517666805	44.2887930	-105.4943001
517666380	44.2263331	-105.5668701
517666614	44.2921240	-105.4953111
517667712	44.2853630	-105.4904301
517667987	44.2956030	-105.4820501
517668174	44.2018130	-105.3500602
517666292	44.3000330	-105.5309701
517667952	44.2905830	-105.4899401
517666895	44.2879330	-105.5064301
517666096	44.3252130	-105.5290201
517667913	44.3124430	-105.4600602
517499135	42.7614232	-105.3836804
517666360	44.2878430	-105.5590201
517666434	44.0883631	-105.7358301
517667068	44.2878430	-105.4955801
517667690	44.2486490	-105.4804232
517415034	41.1354044	-104.8141658
517667842	44.3059130	-105.4784601
517666494	44.2661830	-105.5265601
517666961	44.2933730	-105.4957201
517667606	44.4024070	-105.3824192
517667605	44.2979950	-105.4497732
517666048	44.2895480	-105.5475881
517667642	44.2764800	-105.4332932
517668513	44.2594330	-105.4749302
517667548	44.2696130	-105.4968001
517667870	44.2916230	-105.4848201
517666357	44.2566130	-105.5441401
517667695	44.2742990	-105.4938031
517668022	44.2812730	-105.4921501
517661497	43.7555751	-105.4970592
517666099	44.3244530	-105.5294201
517667945	44.2941530	-105.3503202
517668089	44.2802430	-105.4746502
517666338	44.1798331	-105.7656501
517666063	44.3176430	-105.6150301
517666756	44.2862226	-105.5122995
517667122	44.2819230	-105.4947101
517667359	44.2668330	-105.5190501
517788693	44.9579949	-105.3634231
517666606	44.2931700	-105.5148031
517666474	44.2451230	-105.5468401
517667175	44.2923930	-105.5178001
517667041	44.2935630	-105.5035301
517668332	44.1712630	-105.4472102
503226321	40.0603805	-104.8103819
517667581	44.3042990	-105.4878301
517667350	44.2768030	-105.5075701
517667986	44.2815230	-105.4763002
517667933	44.2864330	-105.4762502
507069199	29.8721746	-90.0841754
517668163	44.2297530	-105.4309702
517666268	44.2343431	-105.7777201
517667906	44.2841830	-105.4827302
517666750	44.2710490	-105.4941271
517666985	44.2952730	-105.5163901
517789192	44.7060230	-105.4062101
517666534	44.2411431	-105.6709501
517666910	44.2819230	-105.4947101
517666417	44.1815931	-105.6259401
517414093	41.1326674	-104.8182618
517661274	43.8515820	-104.2244305
517667832	44.2981530	-105.4657902
517667032	44.2834530	-105.4958401
517666978	44.2916930	-105.5128301
517666027	44.2488200	-105.5692441
517666002	44.3472100	-105.5322641
517666677	44.2921540	-105.5040711
517666278	44.2988330	-105.5333301
517666544	44.2631230	-105.5265601
517667264	44.2684930	-105.5076501
517666015	44.2950610	-105.5284541
517667473	44.2611630	-105.5071701
517669065	44.3541930	-105.1938402
517668288	44.2919730	-105.4618602
517666264	44.3040030	-105.5395601
517667520	44.2687730	-105.5044301
503226386	40.0211346	-104.8154061
517666599	44.2915410	-105.5194721
517666579	44.2824350	-105.4939921
517666644	44.2911930	-105.5025931
517666427	44.2297630	-105.5467901
517667365	44.2634930	-105.4950702
517667953	44.2844630	-105.4857901
517667028	44.2914430	-105.5044201
517667864	44.3111630	-105.3596302
517668334	44.2921130	-105.4536202
517667942	44.2954830	-105.3555402
517498732	42.7460582	-105.3630824
517667088	44.2904430	-105.5220701
517666139	44.3025530	-105.5312501
517668388	44.2281530	-105.4565302
517666199	44.2955730	-105.5279301
517668268	44.2733730	-105.4926001
517669079	44.3141930	-105.2085902
517668405	44.2284230	-105.4524502
517668522	44.2709630	-105.4931201
517666344	44.2533330	-105.5530401
517668191	44.2718230	-105.4921601
517668295	44.2729030	-105.4345502
517666825	44.2923830	-105.5142301
517668083	44.3056130	-105.4767301
517668551	44.2346930	-105.4889102
517666890	44.2927730	-105.5073301
517666913	44.2969430	-105.5200201
517666440	44.2813330	-105.5464301
517661578	43.7470031	-105.5189402
517668408	44.2185430	-105.4646502
517667603	44.2966760	-105.4866751
517667437	44.2557930	-105.5189801
517667330	44.2734030	-105.5174301
517667441	44.2724330	-105.5152101
517666753	44.2801250	-105.5092521
517667012	44.2919930	-105.5044301
517668345	44.2727730	-105.4779402
517667687	44.2698350	-105.4761802
517666810	44.2918030	-105.4984801
517667607	44.3092340	-105.4500742
517666507	44.2890930	-105.5590901
517667165	44.2955030	-105.4989301
517667648	44.2288480	-105.4243422
517666013	44.3453680	-105.5343921
517668472	44.2538130	-105.4911802
517667797	44.3037830	-105.4784701
517667741	44.3106030	-105.4832101
517668446	44.2303130	-105.4252302
517667145	44.2884930	-105.5072801
517667962	44.2846130	-105.4857701
517666941	44.2927530	-105.5020701
517666233	44.3395630	-105.6903001
517668200	44.2915230	-105.4541002
517788826	44.9011330	-105.7204000
517666543	44.2874230	-105.5525301
517667217	44.2926930	-105.5223901
517668492	44.1958830	-105.3449302
517667152	44.2916730	-105.5217501
517667299	44.2447130	-105.5138701
517668069	44.2934630	-105.4811001
517666217	44.2517831	-105.6643401
517661554	43.6539831	-105.4856502
517415728	41.1331434	-104.8188008
517668141	44.2429330	-105.4779402
517667103	44.2908230	-105.4977801
517661561	43.8254431	-105.3563603
517668045	44.2849130	-105.4796702
517788448	44.9233540	-105.3751031
517668159	44.2438330	-105.4800602
517666287	44.3001030	-105.5302501
517788829	44.5601330	-105.2645602
517666186	44.4740930	-105.5974101
517666909	44.2913330	-105.5205301
517666366	44.2033131	-105.6235801
517666979	44.2901030	-105.4970701
517667836	44.2860130	-105.4754502
517666571	44.2901770	-105.5040241
517668318	44.2618330	-105.4800302
517666760	44.2911022	-105.5089003
517667851	44.3120130	-105.4770101
517668417	44.2913930	-105.4586502
517666392	44.2501730	-105.5620501
517666145	44.3050330	-105.5315901
517667452	44.2768030	-105.5075701
517668181	44.2365130	-105.4707802
517667483	44.2438830	-105.5106702
517665995	44.4341800	-105.5677151
517668208	44.2485730	-105.4778002
517666480	44.2681530	-105.5345201
517668259	44.2305630	-105.4259802
517668190	44.2473430	-105.4826502
517668432	44.2728730	-105.4321402
517668511	44.2221030	-105.4626202
517666816	44.2859130	-105.5049201
517666043	44.1700611	-105.5866231
517666371	44.2893730	-105.5289201
517666305	44.2885930	-105.5248401
517666590	44.2909150	-105.5215831
517668283	44.2530830	-105.4915802
517667259	44.2685030	-105.5061501
517666451	44.2815930	-105.5466101
517669071	44.2709730	-105.3092202
517667782	44.3063730	-105.4832201
517668040	44.2848930	-105.4849601
517668154	44.2941430	-105.4361702
517668220	44.2573530	-105.4889702
517668049	44.2900430	-105.4737002
517661563	43.7350731	-105.7140202
517669078	44.3226630	-105.2150002
517668156	44.2891430	-105.4471402
517667658	44.2764270	-105.4938411
517666219	44.3014030	-105.5288501
517667565	44.3301650	-105.4405992
517666122	44.2765631	-105.7859301
517667527	44.2658430	-105.5143901
517666849	44.2872530	-105.5131801
517668348	44.2355030	-105.4601402
517668013	44.3071130	-105.4804401
517667242	44.2522930	-105.5118001
517667305	44.2685030	-105.5061501
517667697	44.2592850	-105.4702032
517666722	44.2710490	-105.4941271
517666453	44.0432031	-105.5606702
517666255	44.3263830	-105.5308801
517667140	44.2957930	-105.5184501
517666425	44.2451930	-105.5603201
517666250	44.2938030	-105.5258701
517666498	44.2561430	-105.5437501
517414061	41.1355264	-104.8226308
517667880	44.2896730	-105.4782802
517668521	44.2889730	-105.4450802
517666090	44.3007830	-105.5439501
517660854	43.5618721	-105.6806852
517668046	44.4074730	-105.3663102
517666399	44.2482530	-105.5359801
517667550	44.2562530	-105.5197901
517667003	44.2932930	-105.5073501
517667580	44.3714100	-105.4206722
517666761	44.3044970	-105.5096981
517667324	44.2696630	-105.4980601
517667468	44.2687030	-105.5091101
517661557	43.9767831	-105.7668101
517666136	44.2961330	-105.5226801
517668003	44.2920130	-105.4903401
517667601	44.2883660	-105.4737702
517666560	44.2905130	-105.5452701
517668008	44.2971630	-105.4745801
517667098	44.2820930	-105.4964101
517666867	44.2872430	-105.5127401
517788810	44.6525030	-105.7173900
517666631	44.3300360	-105.5129931
517666809	44.2910230	-105.4948501
517668270	44.2448430	-105.4771302
517668582	44.2005290	-105.3373042
517666044	44.2548280	-105.5476251
517661047	43.8545040	-104.2592995
517667465	44.2761230	-105.5214501
517667042	44.2984030	-105.5026501
517666116	44.3027230	-105.5274101
517666947	44.2957530	-105.5211401
517667173	44.2903630	-105.5028801
517668242	44.2876030	-105.4314602
517666996	44.2884330	-105.5043701
517667306	44.2687730	-105.5024201
514676155	44.1022629	-103.2024807
517666175	44.2959530	-105.5294501
517667927	44.3042230	-105.4756201
517666285	44.2964730	-105.5328201
517667519	44.2682230	-105.5042201
517666324	44.2365931	-105.5784501
517788815	44.7004930	-105.5521601
517666381	44.2477231	-105.6363901
517667990	44.2919830	-105.4937001
517667349	44.2695730	-105.4986301
517666752	44.2801250	-105.5092521
517666778	44.2911022	-105.5089003
517661546	43.9215131	-105.8701401
517667407	44.2760330	-105.5103701
517666533	44.2519830	-105.5422901
517666438	44.2536330	-105.5772001
517666157	44.3258030	-105.5291801
517666811	44.2872530	-105.5131801
517666696	44.2931860	-105.5040181
517668311	44.2722330	-105.4327702
517666881	44.2913030	-105.5044201
517660845	43.5308891	-105.4528403
517788799	44.9015930	-105.5401100
517666648	44.3300360	-105.5129931
517788827	44.9323130	-105.6010800
517666853	44.2924530	-105.5058801
517666886	44.2903730	-105.5020401
517667750	44.2812730	-105.4921501
517666117	44.3337530	-105.6563101
517666135	44.2998730	-105.5392701
517666073	44.2945930	-105.5309201
517667044	44.2864330	-105.5056501
517668540	44.1503131	-105.4486002
517667457	44.2768030	-105.5075701
517667734	44.2870630	-105.4924901
517667895	44.3082830	-105.4790101
517668330	44.2528230	-105.4898502
517666568	44.3306730	-105.5098361
517667640	44.1652890	-105.4445262
517666239	44.2960730	-105.5242801
517416392	41.1347334	-104.7964008
517668277	44.2185230	-105.4563902
517667133	44.2948530	-105.5229801
517667930	44.3074030	-105.4860001
517666386	44.2769130	-105.5506701
517667429	44.2775830	-105.5209201
517669085	44.2852630	-105.3270802
517667450	44.2685030	-105.5061501
517667537	44.2632130	-105.5147801
517666964	44.2904130	-105.4956201
517666951	44.3335730	-105.5209001
517667303	44.2667230	-105.5042401
517667016	44.2919630	-105.4943601
517666488	44.2630730	-105.5269801
517667035	44.3253930	-105.5211901
517666076	44.2969630	-105.5485601
517666610	44.2915410	-105.5194721
517669076	44.4463630	-105.2687202
517667675	44.1574060	-105.4460232
517666904	44.2926930	-105.5223901
517666864	44.2879030	-105.5133401
517666980	44.2886230	-105.5086501
517666220	44.3036230	-105.5371101
517666269	44.3000430	-105.5437301
503226228	40.0037565	-104.8115139
517666297	44.3562431	-105.8093001
517667405	44.2456930	-105.5111601
517667884	44.3128330	-105.4807901
503226225	40.0007605	-104.8167799
517666054	44.2364411	-105.6190851
517661548	43.7118731	-105.4757902
503227081	40.0799235	-104.8174909
517667113	44.2877730	-105.5117001
517667226	44.2822430	-105.5054301
517789195	44.9060829	-105.1284601
517666368	44.2550730	-105.5537901
517667809	44.3261430	-105.3511502
517661572	43.7590131	-105.4880902
517667955	44.2915430	-105.4932301
517668170	44.2409330	-105.4699602
517668097	44.2913930	-105.4586502
517669045	44.2222430	-105.3066102
517667293	44.2766730	-105.5027701
517666689	44.2919910	-105.5039101
517668403	44.2496130	-105.4782502
517666274	44.3012430	-105.5422801
517668419	44.2700430	-105.4300702
503226791	40.0008935	-104.8119409
517668087	44.2108230	-105.3539002
517666704	44.2710490	-105.4941271
517667641	44.2894790	-105.4497062
517668230	44.2708730	-105.4742302
517666476	44.2843030	-105.5467801
517667051	44.2905030	-105.5034901
517667499	44.2676130	-105.5134201
517667966	44.3226930	-105.4890401
517667033	44.2829330	-105.5105201
517666569	44.2920650	-105.5039141
517667789	44.2858130	-105.4864601
517667539	44.2685030	-105.5061501
517498722	42.7525422	-105.3756924
517661060	43.8311750	-104.1584015
517788690	44.6578950	-105.2737071
517668460	44.2344330	-105.4626502
517666937	44.3270330	-105.5211901
517666133	44.2702231	-105.6431801
517667577	44.3708460	-105.4206772
517667171	44.2970330	-105.4959301
517668214	44.2190630	-105.4579502
517668337	44.2720630	-105.4293102
517668413	44.2717230	-105.4779302
507069306	29.8703846	-90.0793054
517667090	44.2964430	-105.4948901
517666878	44.2929830	-105.5035301
517667418	44.2685030	-105.5061501
517666971	44.3039230	-105.5210901
517667544	44.2685530	-105.5014501
517666467	44.1612731	-105.6520901
517665984	44.2986330	-105.5357371
503226387	40.0211346	-104.8154061
517667213	44.2900630	-105.5028701
517668426	44.2740130	-105.4792802
517668004	44.2934630	-105.4811001
517668223	44.2181030	-105.4561402
517666861	44.3041330	-105.5198501
517667555	44.2631430	-105.5151901
517668034	44.2971430	-105.4797401
517667958	44.3079630	-105.4839501
517668006	44.3081330	-105.4794601
517667156	44.2944230	-105.4970001
517668076	44.2964030	-105.4871401
517667623	44.2742990	-105.4938031
517668247	44.2567030	-105.4925002
517668251	44.2456430	-105.4853102
517667462	44.2719130	-105.5005501
507067570	29.8520146	-90.1097154
514675938	44.1004829	-103.2007807
517661542	43.7584559	-105.4884554
517668275	44.2297130	-105.4288002
517666679	44.2939480	-105.5039571
517667401	44.2699330	-105.5083501
517666450	44.2427230	-105.5298301
517667628	44.2345270	-105.4310782
517666741	44.2801250	-105.5092521
517509945	43.4969961	-105.4468703
517666862	44.3245930	-105.5156701
514675910	44.0923429	-103.1951107
517668052	44.2835730	-105.4779802
517667190	44.2903630	-105.5028801
517666808	44.2896430	-105.5034801
517667126	44.2933830	-105.4991701
517667252	44.2736330	-105.5159101
517667250	44.2685330	-105.5042101
517666364	44.2288231	-105.6179401
517667627	44.2742990	-105.4938031
517668161	44.2562730	-105.4908502
517666838	44.2913230	-105.5209901
517667223	44.2913330	-105.5058701
517666990	44.2940430	-105.5007601
517667340	44.2685930	-105.4953702
517666784	44.2911022	-105.5089003
517668394	44.2778530	-105.4919501
517667922	44.2915430	-105.4932301
517668211	44.1619930	-105.4422702
503226761	40.0019835	-104.8108309
517666515	44.2685530	-105.5293101
517668176	44.2445530	-105.4781402
517666769	44.3044970	-105.5096981
517669056	44.2887130	-105.2640302
517666863	44.2943030	-105.5073501
503227062	40.0796335	-104.8169509
517666545	44.2847830	-105.5489101
517667420	44.2705630	-105.5010001
517666938	44.2929330	-105.5066401
517666945	44.2981030	-105.5197901
517668067	44.2840830	-105.4769202
517666495	44.2465630	-105.5411901
517667287	44.2712030	-105.4942901
514675335	44.0923629	-103.2108907
517666039	44.2261301	-105.7383681
517668309	44.2346930	-105.4889102
517667464	44.2708630	-105.5010001
517667005	44.2874730	-105.5072101
517666407	44.2496530	-105.5511901
517667703	44.2767440	-105.4883391
517667205	44.2905830	-105.5208001
517668434	44.2752730	-105.4350502
517669073	44.4744930	-105.2200602
517666955	44.2934130	-105.5044501
517499086	42.7901032	-105.3781304
517668147	44.2389030	-105.4719202
517668054	44.3152530	-105.4649501
517667413	44.2646130	-105.5185701
517667383	44.2763230	-105.5082401
517666915	44.3244430	-105.5143701
517666627	44.2915410	-105.5194721
517667237	44.2697730	-105.5035001
517668483	44.2469430	-105.4763402
517666181	44.3244530	-105.5294201
517667746	44.2812730	-105.4921501
517666521	44.1414031	-105.6480501
517666653	44.2929440	-105.5040901
517667070	44.2929030	-105.5006101
517666535	44.2747930	-105.5448801
517666047	44.3385820	-105.5266331
517668527	44.2425530	-105.4743602
517667233	44.2951530	-105.5187201
517666416	44.2554130	-105.5575701
517666608	44.2919680	-105.5040621
517667017	44.2964030	-105.4985801
517667444	44.2767030	-105.4961801
517667412	44.2567630	-105.5184901
517667905	44.2911530	-105.4812101
517667530	44.2738130	-105.5120101
517667321	44.2712030	-105.4942901
517667970	44.3028030	-105.4756201
517668534	44.2930230	-105.4548302
517667087	44.2829330	-105.5105201
517667813	44.2926130	-105.4929601
517666034	44.2263241	-105.5701981
517666638	44.2959190	-105.5034661
517666001	44.3376270	-105.6674831
517667534	44.2684830	-105.5081301
517666875	44.2930730	-105.4956501
517667125	44.2967130	-105.5043401
517667336	44.2690430	-105.5218001
517667134	44.3038930	-105.5223601
517666483	44.2797430	-105.5465901
517666192	44.3051530	-105.5262201
517668436	44.2312930	-105.4266902
517666367	44.2482231	-105.6087301
517668515	44.2212830	-105.4556102
517667825	44.2909630	-105.3506702
517666803	44.2422244	-105.5114361
517509944	43.4969961	-105.4468703
517667732	44.2845530	-105.4884001
517669063	44.2825830	-105.3172702
517666777	44.3044970	-105.5096981
517666395	44.2590030	-105.5632801
517667752	44.3057330	-105.4486402
517667492	44.2644230	-105.5206901
517666983	44.2926230	-105.5029601
517666354	44.2581230	-105.5418301
517667597	44.3022950	-105.4490262
517661494	43.7594021	-105.4891032
517666231	44.3022230	-105.5404601
517666021	44.2460590	-105.5473911
517661606	43.7539331	-105.4865302
517668100	44.2911830	-105.4573702
517667724	44.2852930	-105.4773502
517667136	44.2925030	-105.5044301
517666291	44.2965430	-105.5270201
517666586	44.2920840	-105.5039151
517668014	44.2847130	-105.4867601
517669082	44.5041630	-105.2331802
517667915	44.2960630	-105.4871501
517666336	44.1109431	-105.6468901
517666929	44.3254530	-105.5218101
517667288	44.2685830	-105.4965601
517667314	44.2765530	-105.5062001
517666169	44.3343830	-105.5296601
517667186	44.2913330	-105.5205301
517667828	44.2982430	-105.4884501
517667926	44.2827630	-105.4813902
517666389	44.2550930	-105.5483401
517666636	44.2850770	-105.4940001
517667417	44.2699930	-105.5154001
517667056	44.2832830	-105.4979801
517668727	44.3889810	-105.1044012
517667040	44.2940830	-105.5164301
503226246	40.0217055	-104.8105389
517788797	44.7083930	-105.5346901
517667571	44.2948150	-105.4907821
517667442	44.2768030	-105.5075701
517667488	44.2768030	-105.5075701
517667129	44.2879330	-105.5064301
517667823	44.2812730	-105.4921501
517667342	44.2691930	-105.5152101
517665994	44.2450701	-105.6954471
517666375	44.2809330	-105.5466401
517668520	44.2570230	-105.4913002
517666254	44.2989030	-105.5311101
517667685	44.2352240	-105.4612152
517667835	44.3149830	-105.3601202
517667181	44.3366630	-105.5226701
517667256	44.2739930	-105.5016901
517667356	44.2747230	-105.4994401
517668452	44.1966230	-105.4368002
517668178	44.2562730	-105.4908502
517666759	44.3044970	-105.5096981
517668346	44.1933030	-105.3615002
517666707	44.2773210	-105.5005361
517667220	44.3273430	-105.5223601
517668080	44.3104630	-105.4718701
517667055	44.2812130	-105.5064801
517666583	44.2909150	-105.5215831
517667415	44.2687730	-105.5024201
517666470	44.2464830	-105.5464601
517666779	44.2862226	-105.5122995
517667326	44.2693830	-105.5067201
517498686	42.7595622	-105.3821264
517667337	44.2728630	-105.5065401
517667332	44.2588030	-105.5197601
517666410	44.2520030	-105.5543301
517661587	43.7631031	-105.4791802
517668510	44.2759530	-105.4350402
517416072	41.1368884	-104.8039638
517666847	44.3284230	-105.5110901
517667923	44.2847030	-105.4933801
517667890	44.3048330	-105.4803601
517668031	44.2849130	-105.4850701
517667615	44.2479400	-105.4794862
517661598	43.7521731	-105.4839502
517666030	44.2643860	-105.5240411
517667480	44.2768030	-105.5075701
517667093	44.2894830	-105.5072901
517667476	44.2685030	-105.5061501
517666248	44.2917330	-105.5241801
517667637	44.2602190	-105.4919042
517666242	44.3022130	-105.6064201
517667996	44.2920230	-105.4895801
517661586	43.7590131	-105.4880902
517668134	44.2596030	-105.4874802
517667034	44.2878430	-105.4955801
