sp_id	latitude	longitude
517500267	42.8571323	-106.3034782
517420370	41.7886055	-107.2354991
517420314	41.7953245	-107.2325921
517420258	41.7987835	-107.2388551
517410772	41.1090545	-107.2248456
517419402	41.7916685	-107.2171761
517420490	41.7927541	-107.2350650
502255049	37.3725051	-122.1705379
517410202	41.2059015	-106.7879753
517420384	41.7888455	-107.2393441
517419832	41.4171634	-105.6031105
517419388	41.7825895	-107.2165101
517420361	41.7869435	-107.2387401
517410196	41.2086795	-106.7884213
517420133	41.7866365	-107.2578191
517419469	41.4547175	-106.8079903
517432496	42.0652162	-106.1934457
517420102	41.7897835	-107.2307711
517419477	41.4558395	-106.8076053
517419480	41.4528255	-106.7837693
517410179	41.0504636	-107.6526871
517420302	41.7813445	-107.2314431
502250417	37.2842151	-122.1469979
517420185	41.8036515	-107.2406091
517421902	41.5155087	-109.4710157
517410206	41.2074215	-106.7909963
517420183	41.7958295	-107.2495001
517419464	41.4455455	-106.8075373
517420386	41.7881535	-107.2378411
502994693	39.5829486	-104.8407519
517410227	41.2126765	-106.8002173
517502894	42.8497833	-106.3289702
502243194	37.2457781	-122.1102249
517504602	42.8921333	-106.4926901
517420052	41.7906875	-107.2233081
517432495	42.0652162	-106.1934457
517410663	41.0332168	-107.6460764
517410232	41.0702366	-107.2705682
517422348	41.5222137	-109.4731597
503086128	39.6505736	-105.0751109
517420032	41.7850895	-107.2626391
517420025	41.7904915	-107.2413711
502236558	37.3320951	-122.0726779
517420035	41.8033735	-107.2422601
517419739	41.4556468	-106.8099063
517420142	41.7924455	-107.2367571
517420100	41.7970775	-107.2404281
517410776	41.1090545	-107.2248456
517432315	42.0565086	-109.4186206
517501654	42.8484833	-106.3233002
517420173	41.7888455	-107.2393441
517499594	42.8399933	-106.2365002
517420222	41.7866335	-107.2495251
517419540	41.4565585	-106.8176453
517420172	41.7869875	-107.2566941
517499632	42.8295133	-106.2563802
517499259	42.8459063	-106.2689562
517501852	42.8497033	-106.3241402
517419449	41.4548175	-106.8124553
517420097	41.7813885	-107.2378301
517415528	41.1416234	-104.8186008
503087909	39.6508216	-105.0813349
517410188	41.0215646	-107.5927661
517419750	41.4556468	-106.8099063
517422266	41.5051237	-109.4680897
517432532	42.1088736	-109.3553796
517420132	41.8096175	-107.2303161
515641774	30.6591647	-96.4076937
503259792	40.6072635	-105.0739508
517420300	41.7896125	-107.2315521
517419991	41.7884525	-107.2366671
517419497	41.4548155	-106.8125543
517419878	41.8049355	-107.2193661
517419965	41.7815325	-107.2273191
517419898	41.7912925	-107.2182391
517420072	41.7913115	-107.2185251
517432521	42.1432236	-109.3653496
503256711	40.6028535	-105.0579808
517420149	41.7911215	-107.2429281
517419446	41.4568065	-106.8077503
517419929	41.7951385	-107.2538331
517420268	41.7865905	-107.2628131
517420288	41.7870875	-107.2386561
517432324	42.0539576	-109.4379426
517419459	41.4520175	-106.8075733
517410626	41.3124445	-106.8843393
502257281	37.3665451	-122.2005889
517420061	41.7888175	-107.2394741
517410197	41.2045055	-106.7933743
517419491	41.4419865	-106.8066883
517419384	41.8100225	-107.2163231
517420231	41.7890965	-107.2529841
517419278	41.6921124	-106.4130063
517420003	41.8054395	-107.2341681
517420757	41.5978037	-109.2024797
517419538	41.4529005	-106.8075823
502251332	37.3510551	-122.1582179
502255087	37.3688651	-122.1760979
517419407	41.7921575	-107.2098821
517420058	41.7874825	-107.2453881
517419287	41.5247474	-106.3870763
517413971	41.2840834	-105.5271806
517432264	42.2310935	-107.5617980
517420331	41.7887195	-107.2349941
517410674	41.0706360	-107.5235560
503258813	40.6035035	-105.0709608
517419974	41.7859225	-107.2433521
517420174	41.7910335	-107.2428121
517432319	42.0622096	-109.3989706
517419404	41.8052735	-107.2164801
517419312	41.8774664	-106.5344763
517419894	41.8003265	-107.2400791
517432523	42.0470936	-109.4744996
517421961	41.5247347	-109.4815947
517420048	41.7920765	-107.2391871
517419549	41.4546815	-106.8061633
517419957	41.8029755	-107.2182391
517420391	41.4755157	-109.0440478
517410193	41.2089065	-106.7914163
517410650	41.0332168	-107.6460764
517419989	41.7885335	-107.2364611
517419506	41.4547205	-106.8075993
517411544	41.2721034	-105.5993006
502993779	39.5822496	-104.8379649
517420181	41.7861965	-107.2588181
517420270	41.7914975	-107.2366551
517419467	41.4390265	-106.8045873
517420150	41.7877595	-107.2390081
517410666	41.0332168	-107.6460764
517419468	41.4473965	-106.8076303
515641878	30.6131247	-96.4102337
503002337	39.5680536	-104.8631109
517421231	41.6431737	-109.2618597
517420086	41.7858915	-107.2287551
517420207	41.7893155	-107.2420241
517419769	41.7727062	-106.9600870
517420021	41.7865905	-107.2628131
517421767	41.6202137	-109.2266197
517420031	41.8094785	-107.2328251
517410209	41.2078085	-106.7861103
517420089	41.7893665	-107.2370591
517422685	41.6423037	-109.2795097
517419903	41.7887005	-107.2406661
502255004	37.3761251	-122.1740279
517410165	41.0287646	-107.6576691
502238120	37.2491151	-122.0728479
517419444	41.4539205	-106.8093323
517419908	41.7893665	-107.2370591
503086132	39.6441436	-105.0755909
517419386	41.7903905	-107.2177021
517422138	41.5189837	-109.4734897
503086056	39.6520436	-105.0742509
517419902	41.7917605	-107.2496931
517419887	41.7932075	-107.2483131
517420353	41.7875605	-107.2545051
517432313	42.0411186	-109.4185436
517420325	41.8014605	-107.2370941
517410199	41.2074465	-106.7911483
517419904	41.7911525	-107.2468261
502243680	37.3522051	-122.1080679
517420257	41.8119175	-107.2268991
517419389	41.8088455	-107.2173381
517420374	41.7913115	-107.2185251
502242338	37.2885251	-122.1008379
517419916	41.7878795	-107.2389801
517419304	41.8693934	-106.5585363
517420050	41.7913115	-107.2185251
517422018	41.5794827	-109.2634627
517499671	42.8380333	-106.2617802
517432493	42.0652162	-106.1934457
517410653	41.0332168	-107.6460764
502239361	37.2513961	-122.0851689
517419472	41.4599465	-106.7983083
517410778	41.1090545	-107.2248456
517420317	41.7895445	-107.2450461
517415463	41.1410434	-104.8174908
517420075	41.7941705	-107.2448391
517410677	41.2073776	-106.7912055
517420205	41.8047715	-107.2413751
517432516	42.0471936	-109.4649596
517419422	41.8044105	-107.2164071
502243645	37.3505451	-122.1074879
517419303	41.7884064	-106.4833683
517432460	42.0510170	-109.4280061
517419883	41.7930455	-107.2344521
517420023	41.7871225	-107.2386691
517420164	41.7823905	-107.2405121
517432275	42.4180833	-106.3978862
517410159	41.0315546	-107.6542191
517432326	42.1094076	-109.4471876
517420101	41.7957575	-107.2471351
517419288	41.6836834	-106.4173093
517420094	41.7874725	-107.2403231
517499260	42.8287083	-106.2670252
517420281	41.7861295	-107.2627511
517420301	41.8140325	-107.2194351
517499407	42.8612973	-106.2707052
517420304	41.7875775	-107.2403661
517410160	41.0297566	-107.6591791
517410646	41.0332168	-107.6460764
517422033	41.5796927	-109.2630847
517420168	41.7814145	-107.2284091
517420363	41.7860755	-107.2487491
517419554	41.4390265	-106.8045873
517419983	41.7878645	-107.2390481
517419536	41.4565865	-106.8251263
517420092	41.7858895	-107.2313921
517410672	41.0706360	-107.5235560
517410223	41.2018675	-106.7923473
517419562	41.4574175	-106.8263183
517420868	41.6657736	-107.9717500
517420349	41.7888195	-107.2604001
517410192	41.2076465	-106.7938973
502239176	37.3370961	-122.0847789
517421990	41.6607177	-109.2642737
517419942	41.7991175	-107.2254141
503260997	40.6006735	-105.0761508
517432524	42.0500436	-109.4392296
517420335	41.7919045	-107.2394621
517419420	41.8004855	-107.2146081
517419473	41.4547745	-106.8076783
517421484	41.5868737	-109.2221797
517419892	41.7912125	-107.2184611
517420091	41.7902625	-107.2286191
517419361	41.8971464	-106.2047363
503085679	39.6500326	-105.0780539
517421788	41.6215837	-109.2267197
517419986	41.7849905	-107.2314831
517419949	41.7808965	-107.2759571
517420158	41.7961225	-107.2188781
517419406	41.7987625	-107.2180431
515641841	30.6535247	-96.4624337
517410215	41.2057135	-106.7955553
517501150	42.8346833	-106.2942202
515641998	30.7126547	-96.4653837
517421137	41.6085837	-109.2336797
517419526	41.4537875	-106.8075953
517502434	42.8515033	-106.3271302
517419997	41.7895845	-107.2410251
517410150	41.0315546	-107.6542191
503004888	39.5781266	-104.8720172
517410217	41.2072305	-106.7872913
517420161	41.7768715	-107.2235921
517410189	41.0215646	-107.5927661
517420046	41.8025515	-107.2399081
517420054	41.7896445	-107.2451121
517419537	41.4539205	-106.8093323
517419754	41.4556468	-106.8099063
517419757	41.4556468	-106.8099063
517419968	41.7890345	-107.2341021
517420293	41.7875875	-107.2403181
517421072	41.5836770	-109.2535065
517420059	41.7908015	-107.2443181
517422311	41.5208737	-109.4749797
517419993	41.8083345	-107.2184361
517420510	41.6727364	-107.9744588
517420856	41.5088937	-109.1555097
517410567	40.9979478	-109.9749666
517422786	41.6357237	-109.2622497
517420358	41.7892235	-107.2327711
517419364	41.8955254	-106.2008793
517422810	41.6347537	-109.2701897
517419504	41.4846265	-106.7591963
517499434	42.8506643	-106.2494752
517499780	42.8375533	-106.2600802
517410687	41.2073776	-106.7912055
517499788	42.8377533	-106.2607402
517420277	41.7986685	-107.2276201
517419416	41.7961315	-107.2156461
517420734	41.5942037	-109.2109697
517432469	42.0510170	-109.4280061
517420266	41.8005615	-107.2294741
517419277	41.6872464	-106.4138383
517420153	41.7899295	-107.2477271
517419367	41.7990935	-107.2147761
517420000	41.7850185	-107.2426981
517422339	41.5213337	-109.4750097
517419922	41.7912235	-107.2470171
517432465	42.0510170	-109.4280061
517422344	41.5101837	-109.4753597
517432311	42.0797566	-109.3991716
517411894	41.3761534	-105.7925405
517420192	41.7874725	-107.2403231
517420190	41.7925965	-107.2313011
517419773	41.7727062	-106.9600870
517432529	42.1102036	-109.4481196
517411208	41.2763894	-105.5995806
517420342	41.7961255	-107.2172861
517419737	41.4556468	-106.8099063
517419429	41.7970375	-107.2130501
517420197	41.7918415	-107.2469751
517420471	41.6730156	-107.9780540
517420053	41.7887075	-107.2353001
517420210	41.7994625	-107.2264551
517422441	41.5165437	-109.4733197
517420238	41.7806115	-107.2235191
517410732	41.2742953	-109.7725347
517411283	41.2999024	-105.6153096
517432323	42.0353716	-109.4186446
517419946	41.7897765	-107.2602451
517420350	41.7814145	-107.2283311
517411122	41.2854064	-105.6628475
502999744	39.5661246	-104.8599339
517419532	41.4557575	-106.8093543
517419900	41.7880385	-107.2378431
517420117	41.7896855	-107.2449281
503085659	39.6498886	-105.0755849
517410676	41.2073776	-106.7912055
517420267	41.7986705	-107.2347471
502257023	37.3829751	-122.1870779
517420064	41.7792195	-107.2293981
517420488	41.7927541	-107.2350650
517499538	42.8374333	-106.2591502
517420007	41.7877595	-107.2390081
503087103	39.6494136	-105.0776709
517502650	42.8503533	-106.3278002
517419452	41.4548945	-106.8077523
517420220	41.7975055	-107.2472551
502254530	37.3355351	-122.1747279
517419563	41.4390265	-106.8045873
517420004	41.7910385	-107.2390611
517419912	41.7893825	-107.2529841
517421208	41.6350937	-109.2540197
517419964	41.7887005	-107.2355871
517499707	42.8474733	-106.2623802
517410682	41.2073776	-106.7912055
517419558	41.4551155	-106.8024883
517499817	42.8306933	-106.2557502
517420263	41.7885715	-107.2405731
517420285	41.7890965	-107.2381191
517415390	41.1410434	-104.8174908
517419971	41.7978755	-107.2315341
517419530	41.4547045	-106.8092933
517420116	41.7869975	-107.2471141
517432531	42.0634836	-109.4429496
517419295	41.8619294	-106.5649453
517420236	41.7904565	-107.2415291
517432467	42.0510170	-109.4280061
517419875	41.7900765	-107.2427171
517420333	41.7902395	-107.2425051
517419686	41.6873268	-106.4137375
517419400	41.7654055	-107.2159301
517422038	41.5793147	-109.2637657
503085655	39.6498886	-105.0755849
517419872	41.7940585	-107.2348551
517499815	42.8273233	-106.2641502
517432518	42.0500436	-109.4392296
517422435	41.5089737	-109.4743097
517420937	41.6205567	-109.2328327
517421954	41.5172287	-109.4690157
517419956	41.8003565	-107.2304321
517420493	41.7927541	-107.2350650
517419876	41.7932185	-107.2507171
517499271	42.8407603	-106.2317142
517419751	41.4556468	-106.8099063
517420240	41.8053905	-107.2197191
517419977	41.7822835	-107.2286571
517419905	41.7910385	-107.2390611
517501544	42.8473833	-106.3255902
517420036	41.7867955	-107.2398551
517419943	41.7869965	-107.2384661
517499223	42.8203243	-106.2667462
517419984	41.8083345	-107.2184361
517419882	41.7908935	-107.2441471
517420326	41.7892675	-107.2421591
517410229	41.2173445	-106.7743193
517410765	41.2073776	-106.7912055
517420313	41.7859135	-107.2432401
517419479	41.4546845	-106.8141133
517419960	41.7895025	-107.2591961
517419888	41.7848935	-107.2664121
517420367	41.8076985	-107.2164661
517410158	41.0359656	-107.6516601
517419393	41.7979635	-107.2136881
517411325	41.3202074	-105.6717675
517419373	41.7961295	-107.2162501
517419359	41.9023474	-106.2006373
517432500	42.0652162	-106.1934457
517410230	41.2044975	-106.8074263
517420269	41.7883945	-107.2507561
517420296	41.7892675	-107.2421591
517420057	41.7871605	-107.2556441
503086589	39.6615836	-105.0813799
517420017	41.7877345	-107.2391221
517420251	41.7959465	-107.2337121
517419896	41.7900045	-107.2621421
517419937	41.7968205	-107.2346781
517420145	41.8005115	-107.2371471
517422769	41.5975937	-109.2619097
517419358	41.8955964	-106.1994263
517419765	41.4556468	-106.8099063
517419418	41.7779155	-107.1399071
517501208	42.8632633	-106.2744202
517420011	41.7921015	-107.2380581
517419531	41.4528315	-106.8238303
517420182	41.7849835	-107.2276641
517422141	41.5053337	-109.4660297
517419541	41.4576835	-106.8173463
517420124	41.7878795	-107.2389801
517410228	41.2040455	-106.7862893
517419981	41.7882805	-107.2583711
517420295	41.7912565	-107.2183381
517411219	41.2611224	-105.6032366
517410660	41.0332168	-107.6460764
517419529	41.4548335	-106.8073883
517419425	41.8102195	-107.2163691
517420274	41.8154565	-107.2175291
517419897	41.7902985	-107.2374731
517432312	42.0337046	-109.4186736
517420128	41.7852085	-107.2622501
502240439	37.3346551	-122.0873479
517419379	41.8089415	-107.2173391
517420121	41.7889295	-107.2605261
517410175	41.0315546	-107.6542191
517421864	41.5960737	-109.2252897
517499757	42.8462233	-106.2665202
517501273	42.8573003	-106.3176382
502251327	37.3510551	-122.1582179
517499652	42.8318233	-106.2525502
517419992	41.7841705	-107.2316001
517420234	41.8047715	-107.2414401
503086130	39.6494236	-105.0769309
517419498	41.4556475	-106.8093803
517410775	41.1090545	-107.2248456
517419985	41.7916875	-107.2444671
515641936	30.6509047	-96.4523137
517501816	42.8594433	-106.3222502
517419552	41.4544245	-106.8255383
517419742	41.4556468	-106.8099063
517419692	41.8718157	-106.5573268
517419302	41.8754694	-106.5475803
517500305	42.8352423	-106.2951852
517432459	42.0510170	-109.4280061
517420467	41.6733586	-107.9783940
517419749	41.4556468	-106.8099063
517419745	41.4556468	-106.8099063
517419423	41.7986575	-107.2158251
517420143	41.7858755	-107.2274961
517419412	41.7923675	-107.2155071
517420030	41.8085855	-107.2193221
517504769	42.8889033	-106.4653601
517420227	41.8054165	-107.2197351
517419368	41.7961295	-107.2162501
517420833	41.6766936	-108.9197498
517410210	41.2721375	-106.7411773
517419376	41.7987625	-107.2180431
517499686	42.8399333	-106.2575602
517420346	41.7885715	-107.2405731
517420260	41.7883155	-107.2367501
517410178	41.0215646	-107.5927661
517410172	41.0341766	-107.6548571
517421872	41.5087207	-109.4755407
502996717	39.5706506	-104.8467509
517420180	41.7876345	-107.2401681
517419740	41.4556468	-106.8099063
517420312	41.7914765	-107.2458901
517420082	41.8014605	-107.2373271
517419535	41.4483555	-106.8036103
517420034	41.8004425	-107.2340011
517501164	42.8366933	-106.2968702
517420491	41.7927541	-107.2350650
517419561	41.4520245	-106.8137193
517419559	41.4511075	-106.8122573
517420154	41.7874935	-107.2402281
517420307	41.7913565	-107.2459151
517432515	42.0485736	-109.4398396
517419959	41.7977625	-107.2331901
517419501	41.5175955	-106.8062483
517419466	41.4520245	-106.8137193
517420429	41.5922797	-109.2177357
517420385	41.8099325	-107.2164591
517420273	41.7905415	-107.2454741
517420496	41.7927541	-107.2350650
517420042	41.7968205	-107.2346781
517432508	42.2359835	-107.5654500
517420187	41.7882075	-107.2337471
502994650	39.5893566	-104.8422029
517499659	42.8329633	-106.2717502
517420199	41.7870635	-107.2594911
517420242	41.7892675	-107.2421591
517419753	41.4556468	-106.8099063
517420074	41.7902295	-107.2425521
517419508	41.4548305	-106.8075413
517419691	41.8718157	-106.5573268
517420383	41.7831825	-107.2374511
517420067	41.7887075	-107.2353001
517420794	41.5984837	-109.2057797
517420037	41.7890115	-107.2474101
517420024	41.7893665	-107.2370591
517419493	41.4519645	-106.8060233
517420310	41.7975305	-107.2499611
517420309	41.8069715	-107.2194871
517419390	41.8056455	-107.2164511
517410173	41.0359656	-107.6516601
517420272	41.7869325	-107.2564861
517419690	41.8718157	-106.5573268
517419969	41.7897705	-107.2398421
503085664	39.6455846	-105.0774459
517420376	41.7866185	-107.2490931
517420375	41.8025075	-107.2165241
517410780	41.1090545	-107.2248456
517419419	41.8136445	-107.2163991
517419292	41.8651754	-106.5660533
503087179	39.6370436	-105.0792109
517420328	41.8107545	-107.2168421
517410662	41.0332168	-107.6460764
517422389	41.5165437	-109.4733197
517419385	41.7916595	-107.2172001
517420235	41.7889205	-107.2483051
517420203	41.8024765	-107.2399091
517419967	41.7871675	-107.2291551
517420372	41.7995875	-107.2337241
517419505	41.4574605	-106.8071233
517410162	41.0441666	-107.6535861
517420093	41.7822725	-107.2350701
517419915	41.7840525	-107.2399871
517420336	41.7832805	-107.2406491
517420138	41.8019985	-107.2386111
517422450	41.5058737	-109.4812797
517410664	41.0332168	-107.6460764
503087169	39.6413736	-105.0798909
517420215	41.7854595	-107.2647281
517503486	42.7689733	-106.3545602
517420083	41.7970515	-107.2254091
517420225	41.7883705	-107.2376561
517419936	41.7889465	-107.2394011
517420744	41.5978037	-109.2024797
502254534	37.3602651	-122.1686379
517420110	41.7911165	-107.2378681
517502378	42.8466333	-106.3351202
517422254	41.5045637	-109.4651097
503083654	39.6477736	-105.0674809
517419489	41.4565585	-106.8176453
517420163	41.8049355	-107.2193661
517419884	41.7961065	-107.2230481
517419568	41.7789875	-107.1039882
517419877	41.8033935	-107.2422601
517419923	41.7880495	-107.2377951
517420109	41.7841645	-107.2405521
517420308	41.7945075	-107.2471331
517504707	42.8743733	-106.4559401
517419873	41.7814995	-107.2374411
517420202	41.7870635	-107.2594911
517419378	41.7961405	-107.2123901
517419901	41.8025925	-107.2410341
517420055	41.8113915	-107.2184641
517420160	41.7894205	-107.2531311
517420103	41.7989365	-107.2307771
517422523	41.5165437	-109.4733197
517410648	41.0332168	-107.6460764
517420340	41.7891065	-107.2621551
515642023	30.7008147	-96.4065537
517420107	41.7877785	-107.2402351
517420047	41.7882775	-107.2580241
517410176	41.0307356	-107.6512971
503086558	39.6615836	-105.0813799
517420123	41.8069255	-107.2312191
517410205	41.2084245	-106.7903373
517411728	41.2994434	-105.6115006
517420009	41.7859995	-107.2299471
517420014	41.8020485	-107.2386121
517419890	41.7908965	-107.2194171
517420020	41.8068905	-107.2193611
517432468	42.0510170	-109.4280061
517419403	41.7896555	-107.2081981
517420162	41.7920815	-107.2381451
517420351	41.7885865	-107.2364811
517419534	41.4538195	-106.8159073
517419889	41.7804015	-107.2250081
517420125	41.7973165	-107.2461991
517419746	41.4556468	-106.8099063
517500896	42.8363133	-106.2919702
517420077	41.7899465	-107.2344601
517419999	41.7924015	-107.2379901
517419995	41.7881535	-107.2378411
517432316	42.0539576	-109.4379426
517419899	41.7922565	-107.2420221
517419539	41.4512445	-106.8247983
517419405	41.7979815	-107.2092281
502995463	39.5940236	-104.8412409
517419483	41.4547235	-106.8073553
517410670	41.0706360	-107.5235560
517410622	41.3183875	-106.6217873
517432494	42.0652162	-106.1934457
517421677	41.5879037	-109.2529797
517420111	41.7881655	-107.2377931
517419743	41.4556468	-106.8099063
517419970	41.7871985	-107.2222581
517420216	41.7831705	-107.2355351
517419951	41.7907355	-107.2402691
502243155	37.2959861	-122.1102299
517410774	41.1090545	-107.2248456
517419928	41.8092955	-107.2305101
517420250	41.7885355	-107.2495541
517419495	41.4510585	-106.8066173
517420104	41.7878595	-107.2390711
517420144	41.7870875	-107.2386561
517420860	41.6622136	-107.9702000
517420108	41.7886425	-107.2353381
515643488	30.6101356	-96.3716727
517410218	41.2056105	-106.7956393
503258900	40.6044335	-105.0709408
517419885	41.7868855	-107.2566371
517419774	41.4556468	-106.8099063
517501923	42.8596133	-106.3178602
517419533	41.4567465	-106.8189293
517420245	41.7916395	-107.2406731
517419891	41.7892555	-107.2326291
517432525	42.0646036	-109.4407596
517419962	41.7875985	-107.2402711
502992852	39.5907336	-104.8311419
517410203	41.2029445	-106.7931653
517420212	41.7875605	-107.2545051
517419913	41.7970505	-107.2252621
517420515	41.6727364	-107.9744588
517420114	41.7883715	-107.2365321
517419556	41.4422245	-106.7985473
517420472	41.6723386	-107.9740100
517419550	41.4593045	-106.8090073
517420508	41.6727364	-107.9744588
503001474	39.5774836	-104.8606009
517419762	41.4556468	-106.8099063
517419513	41.4574605	-106.8071233
517410171	41.0341766	-107.6525101
517422274	41.5086337	-109.4725697
517422845	41.6359837	-109.2714697
517420482	41.8123247	-107.2179693
517419503	41.4565385	-106.8123973
517419310	41.8637744	-106.5612683
517420176	41.7903915	-107.2413061
517419734	41.4556468	-106.8099063
517420122	41.7870145	-107.2384731
517410671	41.0706360	-107.5235560
517420343	41.7898445	-107.2448501
517420252	41.7959925	-107.2504251
517420246	41.7903155	-107.2465161
515641302	30.6520517	-96.4042117
517419471	41.4562975	-106.8043263
503087892	39.6458096	-105.0813899
517420347	41.7960615	-107.2323421
517420193	41.7871015	-107.2385081
517419514	41.4556385	-106.8238243
517419398	41.8113365	-107.2170981
503085675	39.6500366	-105.0762709
517419369	41.7923785	-107.2150941
517419544	41.4547185	-106.8078133
517419987	41.7965535	-107.2460381
517502010	42.8504533	-106.3204902
517419511	41.4510595	-106.8063763
517419401	41.7826145	-107.2165901
517420166	41.7922565	-107.2420221
517420147	41.7888125	-107.2394961
517420219	41.8106135	-107.2189001
502999466	39.5756536	-104.8561509
517410779	41.1090545	-107.2248456
517420357	41.7942005	-107.2333001
517499650	42.8442433	-106.2595802
517420255	41.7813685	-107.2428161
517419447	41.4548275	-106.8079623
517420041	41.7898585	-107.2299181
517410157	41.0287646	-107.6576691
517419932	41.7957575	-107.2471351
517420195	41.7902985	-107.2374731
517499772	42.8509233	-106.2670202
517410212	41.2137355	-106.7702673
517420506	41.6727364	-107.9744588
503002063	39.5934236	-104.8634659
517420066	41.7823935	-107.2427491
517410226	41.0012645	-106.4029564
517410198	41.2037045	-106.7942113
517419463	41.4529475	-106.8075833
517420211	41.8082805	-107.2184621
517420167	41.7895445	-107.2450461
517419760	41.4556468	-106.8099063
503086129	39.6522936	-105.0770109
517420126	41.7831735	-107.2269651
517420368	41.7917605	-107.2470841
517422147	41.5207137	-109.4813697
517420069	41.7962215	-107.2550751
517419377	41.7936895	-107.2180311
517420039	41.7875825	-107.2403421
517420360	41.7893665	-107.2370591
517420815	41.5080637	-109.1563797
517410652	41.0332168	-107.6460764
517421193	41.6150137	-109.2306997
517420206	41.8004655	-107.2304561
517419453	41.4565875	-106.8250823
503087906	39.6458096	-105.0813899
517501519	42.8538333	-106.3146402
517419276	41.6905654	-106.4117563
517432492	42.0652162	-106.1934457
517432456	42.0510170	-109.4280061
502242158	37.2934911	-122.1003499
517420305	41.8071755	-107.2164711
517419881	41.7877665	-107.2530521
517500333	42.8565783	-106.2778402
517420345	41.7825895	-107.2165101
517420184	41.7905895	-107.2452641
517420060	41.8044735	-107.2191861
517420204	41.7876895	-107.2401921
517420113	41.7942695	-107.2335071
517504246	42.9105673	-106.5140161
517420280	41.7936975	-107.2507261
517419917	41.7899805	-107.2519231
517410149	41.0287646	-107.6576691
517419410	41.8004855	-107.2146081
517420006	41.7887365	-107.2406811
517420297	41.7901355	-107.2331091
517420327	41.7875605	-107.2545051
517419990	41.7881315	-107.2519151
502994326	39.5869836	-104.8360909
517419879	41.7908535	-107.2195711
517410195	41.2111995	-106.7878793
517420320	41.7896445	-107.2451121
515641792	30.6537747	-96.4059137
517410675	41.0706360	-107.5235560
517419976	41.7864095	-107.2492391
517420287	41.8016705	-107.2170841
517419421	41.7935135	-107.2045291
517419941	41.7933015	-107.2471241
517420018	41.8022945	-107.2409591
517420022	41.7952545	-107.2349211
515644279	30.6157047	-96.3635337
517420387	41.7881595	-107.2378171
517419574	41.7790675	-107.1179781
517410683	41.2073776	-106.7912055
517420188	41.7958075	-107.2493531
502244409	37.2778451	-122.1157679
517499840	42.8463033	-106.2618402
517419924	41.7914175	-107.2182281
517420241	41.7824875	-107.2722181
517500125	42.8559633	-106.2687902
517432262	42.2370805	-107.5617550
517432314	42.0362656	-109.4377556
517499623	42.8462233	-106.2665202
517421092	41.6011842	-109.2595197
517419521	41.4444165	-106.8027983
517432442	42.2433963	-107.5591588
517419952	41.7867785	-107.2398491
517500918	42.8304533	-106.2771902
503087019	39.6516736	-105.0792209
517502926	42.8508933	-106.3341902
517422587	41.5216937	-109.4740797
517420198	41.7881095	-107.2520051
517419961	41.8107395	-107.2191571
517419510	41.4575515	-106.8207073
517410190	41.0335476	-107.5342892
517419994	41.7890045	-107.2551951
517420028	41.7848935	-107.2664121
517420321	41.7930995	-107.2304171
517410649	41.0332168	-107.6460764
517420120	41.7860865	-107.2537181
517419522	41.4574975	-106.8024973
517499808	42.8339233	-106.2530902
517419456	41.4557415	-106.8108433
517432499	42.0652162	-106.1934457
517420265	41.7895755	-107.2449081
503259467	40.6033665	-105.0746138
517410194	41.2078185	-106.7921253
517411662	41.3056834	-105.6361905
517420146	41.7908965	-107.2194171
517419767	41.7727062	-106.9600870
517419396	41.7983295	-107.2065751
517419460	41.4475655	-106.8027803
517502061	42.8528333	-106.3091802
517419764	41.4556468	-106.8099063
517420099	41.7975055	-107.2472551
517419525	41.4390265	-106.8045873
517421905	41.5098277	-109.4743147
517432535	42.0544636	-109.4674596
517422212	41.5142237	-109.4728197
517420378	41.7832805	-107.2401001
517432514	42.0505036	-109.4392596
517432327	42.0652386	-109.4397126
517419294	41.8741274	-106.5492953
517419758	41.4556468	-106.8099063
517419417	41.7985545	-107.2100061
503004296	39.5762936	-104.8669809
517419399	41.7903845	-107.2087221
517419945	41.7960615	-107.2323271
503088356	39.6495036	-105.0807109
517420334	41.7878545	-107.2390941
517420413	41.5991397	-109.1989387
517419953	41.8046615	-107.2418221
517420278	41.7921015	-107.2380581
502235328	37.2352631	-122.0624639
517420134	41.7900505	-107.2476701
517419289	41.5247474	-106.3870763
517419500	41.4548325	-106.8074193
517410161	41.0287646	-107.6576691
517420364	41.7903425	-107.2282601
517420016	41.7808965	-107.2759571
517419907	41.7850995	-107.2330561
517419979	41.7996405	-107.2508421
517501625	42.8565733	-106.3200902
517420196	41.7977925	-107.2165501
502239362	37.2503361	-122.0836839
517420332	41.7907205	-107.2252731
517419947	41.7871875	-107.2555401
517420131	41.7974895	-107.2483001
517419502	41.4397755	-106.7712683
517420095	41.7912565	-107.2183381
517419454	41.4574605	-106.8071233
517420319	41.7987795	-107.2298331
517420191	41.7875915	-107.2443871
517419944	41.7962435	-107.2537581
517420026	41.7851515	-107.2624371
517421533	41.6386237	-109.2532997
503259874	40.6045835	-105.0726308
517420237	41.8044735	-107.2191861
517420362	41.7895175	-107.2314631
503259725	40.6057135	-105.0751608
517410144	41.0325156	-107.6578681
517420239	41.8044735	-107.2191861
517420256	41.7988015	-107.2350331
517422505	41.5165437	-109.4733197
515641743	30.6543847	-96.4092437
517420380	41.7874885	-107.2402511
517422043	41.6354147	-109.2705377
517432534	42.0752336	-109.4368996
517419732	41.4556468	-106.8099063
517419391	41.7961255	-107.2173181
517415686	41.1416234	-104.8186008
517419279	41.6906214	-106.4118533
517410156	41.0287646	-107.6576691
517420156	41.7877345	-107.2391221
517420356	41.7991175	-107.2254141
517420499	41.7927541	-107.2350650
517419918	41.7873815	-107.2482811
517419461	41.4529765	-106.8076563
517501196	42.8353233	-106.2782202
517419465	41.4434245	-106.8034893
517420043	41.7898445	-107.2448501
517422758	41.5845037	-109.2655297
517419972	41.8046615	-107.2410171
517419756	41.4556468	-106.8099063
517419509	41.4519995	-106.8075733
517420298	41.7920825	-107.2393431
517419445	41.4492105	-106.8072523
517420135	41.7880555	-107.2377711
517420223	41.7939085	-107.2346041
517410615	41.2173445	-106.7743193
517419426	41.7971265	-107.2131111
517411773	41.2575234	-105.5983406
517419988	41.7884105	-107.2407781
517419394	41.8093905	-107.2163121
517420232	41.7960135	-107.2178191
517419488	41.4548295	-106.8076323
517501596	42.8519533	-106.3219002
503087076	39.6493936	-105.0793609
517420033	41.7906285	-107.2360021
517419492	41.4401475	-106.8074573
517421614	41.5958937	-109.2239797
517420045	41.7922565	-107.2420221
517421000	41.5951427	-109.2275577
517419520	41.4520175	-106.8075733
517420119	41.7989045	-107.2309241
517410647	41.0332168	-107.6460764
517420512	41.6727364	-107.9744588
517419547	41.4520175	-106.8075733
517419688	41.6873268	-106.4137375
517420315	41.7904285	-107.2272431
517410219	41.2548975	-106.6406783
517410686	41.2073776	-106.7912055
517420861	41.6763936	-107.9811800
517420087	41.7893665	-107.2370591
517420341	41.7876095	-107.2402231
517420646	41.5951737	-109.2142697
517420862	41.6718636	-107.9736000
517420137	41.7881575	-107.2428761
517420062	41.7889415	-107.2434731
517419470	41.4538575	-106.8060243
517420084	41.7901725	-107.2290241
517420574	41.5981337	-109.2041697
502242537	37.3462751	-122.1032479
517420247	41.8053785	-107.2198741
517419374	41.8034375	-107.2171511
517420118	41.7898615	-107.2299021
517419372	41.7924565	-107.2152221
517410679	41.2073776	-106.7912055
517410713	41.0304160	-109.9735678
517420511	41.6727364	-107.9744588
503088348	39.6514436	-105.0805409
517419545	41.4548025	-106.8077523
517420169	41.7822715	-107.2313171
517421944	41.5157697	-109.4708227
503085676	39.6498886	-105.0755849
517410216	41.2072245	-106.7872783
517420254	41.8006575	-107.2350411
517410184	41.0287646	-107.6576691
517419476	41.4390265	-106.8045873
517420157	41.8066545	-107.2203081
517420170	41.7905415	-107.2454741
503259858	40.6095035	-105.0726008
517422604	41.5820337	-109.2686297
502990333	39.5818336	-104.8169109
517419383	41.7925575	-107.2086781
517419741	41.4556468	-106.8099063
517420096	41.7877695	-107.2389621
517410781	41.1090545	-107.2248456
517420130	41.7881545	-107.2378381
517420371	41.7901725	-107.2290241
517420001	41.7808965	-107.2759571
517419499	41.4557265	-106.8076783
502999758	39.5661246	-104.8599339
517420473	41.6735326	-107.9780770
517419958	41.7907195	-107.2508121
517419448	41.4547235	-106.8073853
517419919	41.7884695	-107.2366021
517420200	41.7879865	-107.2390121
517419980	41.7959715	-107.2525631
517420494	41.7927541	-107.2350650
517411166	41.2777994	-105.6740215
517419744	41.4556468	-106.8099063
517419494	41.4567715	-106.8076043
517419462	41.4547225	-106.8074463
517422846	41.5991337	-109.2613297
517410685	41.2073776	-106.7912055
517419939	41.7943075	-107.2373281
517420324	41.7814065	-107.2274841
517420318	41.7840585	-107.2331371
517420316	41.7881485	-107.2378641
502993783	39.5890336	-104.8354539
517420248	41.7881615	-107.2418871
517420090	41.7997525	-107.2296211
517420271	41.7944345	-107.2447131
517420348	41.7865005	-107.2578711
515641793	30.6505347	-96.4000837
517501938	42.8519833	-106.3096802
517420303	41.7822805	-107.2385691
517499736	42.8308933	-106.2648602
517432490	42.0652162	-106.1934457
517420869	41.6744036	-107.9784200
517422755	41.6774037	-109.2709397
517419297	41.8771494	-106.5364393
517420078	41.7965245	-107.2222161
517419496	41.4548335	-106.8073583
517420284	41.7955605	-107.2497981
517419486	41.4544245	-106.8255383
517419286	41.7065254	-106.4312273
517419382	41.7991835	-107.2147741
503086131	39.6495936	-105.0754809
517420261	41.8054475	-107.2340981
517419490	41.4538755	-106.8076703
517419948	41.7870315	-107.2384801
517420010	41.8028865	-107.2189121
502255371	37.3840241	-122.1867239
517410213	41.0012645	-106.4029564
517504250	42.8972663	-106.4639451
517432497	42.0652162	-106.1934457
517410148	41.0341766	-107.6578861
517410204	41.2103665	-106.7915283
517410691	41.2073776	-106.7912055
502237233	37.3319891	-122.0738789
517419911	41.7907015	-107.2453481
517419938	41.7887785	-107.2352401
517420867	41.6638836	-107.9730300
517420189	41.7969905	-107.2249361
517420063	41.7968735	-107.2349591
517419481	41.4549555	-106.8092933
517410220	41.2137355	-106.7702673
517419291	41.8735084	-106.5518153
517502135	42.8524933	-106.3255202
517499253	42.8413753	-106.2580902
517420148	41.7901865	-107.2427371
517420071	41.8033525	-107.2422601
517420051	41.7968325	-107.2322281
517419927	41.7823995	-107.2258171
517420485	41.7927541	-107.2350650
517419527	41.4538265	-106.8077423
517419998	41.8047715	-107.2410011
517499619	42.8421833	-106.2613702
517419293	41.8771324	-106.5381443
517419484	41.4548525	-106.8060343
517410182	41.0376036	-107.6535371
517419566	41.7789875	-107.1039882
517420088	41.7821695	-107.2258991
517410174	41.0287646	-107.6576691
517419880	41.7994655	-107.2319501
517422326	41.5086337	-109.4725697
517419285	41.6836834	-106.4173093
517420299	41.8005835	-107.2348941
517419565	41.7790915	-107.1147111
517419736	41.4556468	-106.8099063
517419906	41.7893665	-107.2370591
517412648	41.2632034	-105.5632906
517432519	42.0706936	-109.4406096
503087114	39.6448036	-105.0801009
517420504	41.7866363	-107.2397054
517419557	41.4444075	-106.8041893
517420177	41.7872225	-107.2414171
517410690	41.2073776	-106.7912055
517420400	41.5961237	-109.2011137
517420151	41.7880955	-107.2615801
517419973	41.7825745	-107.2723071
517419763	41.4556468	-106.8099063
517422805	41.6356437	-109.2632097
517420179	41.7861295	-107.2627511
517413092	41.3647734	-105.5602706
502240321	37.2518901	-122.0890579
517410661	41.0332168	-107.6460764
517420079	41.7939675	-107.2307611
517420136	41.7920765	-107.2391871
517410221	41.2037535	-106.8426283
503002104	39.5826356	-104.8641139
517420049	41.7941695	-107.2334411
517410200	41.2120885	-106.7824523
517419771	41.7727062	-106.9600870
517500964	42.8360133	-106.2811002
503258456	40.6032435	-105.0718528
517420292	41.7876205	-107.2401761
517419950	41.7867955	-107.2398551
517410614	41.1486376	-107.2184502
517410678	41.2073776	-106.7912055
517420459	41.7480586	-108.7834228
517420469	41.6725546	-107.9802780
517410689	41.2073776	-106.7912055
517420517	41.5907337	-109.2190197
517502608	42.8539533	-106.3346702
517432463	42.0510170	-109.4280061
517421950	41.5170487	-109.4692577
517419424	41.7983295	-107.2065751
517419689	41.8718157	-106.5573268
517419738	41.4556468	-106.8099063
517432455	42.0510170	-109.4280061
517420073	41.7876345	-107.2401681
517420330	41.7997845	-107.2296211
517410680	41.2073776	-106.7912055
517420226	41.7776045	-107.3112131
517419886	41.7935075	-107.2368971
517500057	42.8521833	-106.2554502
517419450	41.4567645	-106.8174903
517419443	41.4548205	-106.8093223
502993753	39.5822496	-104.8379649
517420002	41.7924845	-107.2368381
517420175	41.7965245	-107.2222161
517410659	41.0332168	-107.6460764
517410688	41.2073776	-106.7912055
517420115	41.7893055	-107.2461081
517420377	41.7877495	-107.2390531
517419978	41.7823905	-107.2422781
517420005	41.7905725	-107.2357351
517419560	41.4510365	-106.7964083
517422455	41.5101837	-109.4753597
517420012	41.7873275	-107.2414591
517501232	42.8494053	-106.3222622
517419299	41.8718114	-106.5569763
517420579	41.5072237	-109.1563797
517420283	41.7902415	-107.2282031
517419392	41.7987625	-107.2180431
517420139	41.7978145	-107.2252621
517419455	41.4519805	-106.8075733
517419296	41.8735294	-106.5518273
517432320	42.0362656	-109.4377556
517419485	41.4547255	-106.8072633
517499733	42.8492833	-106.2691902
517410168	41.0504636	-107.6526871
503085694	39.6500366	-105.0762709
517420359	41.7919245	-107.2393691
503087742	39.6615836	-105.0813799
517420127	41.7890965	-107.2381191
517419748	41.4556468	-106.8099063
517419982	41.7883375	-107.2366631
517432334	42.2110864	-106.8682591
517420329	41.7907045	-107.2361491
517420634	41.4319437	-109.2094697
517501200	42.8578833	-106.2726702
517420044	41.7987795	-107.2375071
