sp_id	latitude	longitude
517509279	43.1924237	-108.7587362
517501954	42.8518033	-106.3241402
517663053	43.5302835	-109.6279193
517510156	43.2337144	-108.1169267
517417310	41.1368534	-104.7848908
517663156	43.5578136	-110.7867491
517663074	43.5333235	-109.6389593
517504275	42.8677243	-106.4122892
517505485	42.8491742	-108.7508394
517505150	42.7041735	-108.6782097
517509610	43.0221834	-108.3962997
503601198	20.8805466	-156.4544865
517510568	43.0192934	-108.3786697
517504483	42.5409055	-108.1748288
517509661	43.1089834	-108.5546896
517506029	42.8267935	-108.7416596
517505948	42.8295835	-108.7276296
517505530	42.8247835	-108.7441896
517510557	43.0342534	-108.3866897
517662988	43.5359435	-109.6470493
517509303	43.0391362	-108.4004254
517510190	43.4026534	-108.0875177
517504448	42.9034625	-108.5836067
517509539	43.0261034	-108.4493997
517504322	42.8661333	-106.4083192
517505988	42.8672235	-108.7259996
517505324	42.8247965	-108.7323196
517505625	42.8107535	-108.8493496
517508999	43.0003365	-108.8783666
517510761	43.0350634	-108.3917297
517510392	43.0234334	-108.3735897
517510179	43.1969854	-108.2043627
517509128	43.0499044	-108.4004807
517505967	42.8752435	-108.8033896
517510658	43.0232834	-108.3828397
517510860	43.1862934	-108.2297597
517414287	41.1387234	-104.8198908
503599865	20.8844786	-156.4597765
517509868	43.0718834	-108.5329696
517509452	43.0242834	-108.3949597
517504460	42.6952695	-108.5596047
517505153	42.8530735	-108.6881396
517662655	43.5270285	-109.6153813
517662822	43.5565352	-109.7038268
517505342	42.7906225	-108.7699496
517509768	43.0291534	-108.4502997
517505269	42.8312205	-108.7264786
517510850	43.0249834	-108.3839397
517506104	42.8267135	-108.7392296
517509538	43.0242934	-108.3966297
517509187	43.0211894	-108.4571927
517510256	43.1220434	-108.3340897
517509619	43.0248034	-108.4026597
517509292	43.0391362	-108.4004254
517509197	43.1706944	-108.4011797
517505754	42.8332335	-108.8365096
517509044	43.0997804	-108.6900476
517509111	43.1436104	-108.6181776
517510258	43.0254634	-108.3855497
517509116	43.0246804	-108.4006007
517505841	42.8818835	-108.7334196
517510064	43.1200824	-108.3567487
517505763	42.8490535	-108.7853496
517509506	43.0594734	-108.4718397
517509293	43.0391362	-108.4004254
517510311	43.0255234	-108.3846397
517510535	43.0249834	-108.3856897
517509401	43.2231734	-108.7742996
517421701	41.5825837	-109.2535697
517505780	42.8265735	-108.7486496
517509153	42.9998065	-108.6565966
517506092	42.8372235	-108.7413796
517505604	42.8325835	-108.7354896
517510251	43.0308134	-108.3799097
517505607	42.8403235	-108.7860396
517509592	43.0186934	-108.4416497
517510586	43.0278934	-108.3758997
517510355	43.0368334	-108.3834697
517509833	43.0670034	-108.4044397
517663045	43.5469635	-109.6631693
517510044	43.0366524	-108.3806917
517505143	42.8233635	-108.7153496
517510770	43.0977034	-108.3821897
517508955	43.0031425	-108.8859106
517505813	42.8476135	-108.7445096
517662652	43.6662185	-109.7945093
517509227	43.0264174	-108.4276997
517509886	43.0309934	-108.4263497
517506069	42.8333935	-108.7341296
517503227	42.8774413	-106.3465072
517505365	42.8389285	-108.7164206
517510710	43.0288534	-108.3927597
517510386	43.0587734	-108.3533297
517510574	43.1186234	-108.3327697
517510131	43.0195704	-108.3658977
517509406	43.2166334	-108.5654196
517505581	42.8274235	-108.7262096
517505572	42.9424235	-108.8244196
517505260	42.8451245	-108.7479396
517663158	43.5864236	-110.8300191
517505145	42.8106435	-108.7046696
517504391	42.8629423	-106.5225741
517416285	41.1425543	-104.7973785
502742227	38.3479050	-122.7917777
517505627	42.8331035	-108.7327796
517505797	42.8392035	-108.7413396
517510679	43.0177734	-108.3820197
517510737	43.0249834	-108.3859197
517508969	42.9987235	-108.9271926
517421623	41.5944637	-109.2562897
517509690	43.1416934	-108.5182596
517510403	43.0497134	-108.3812997
517505907	42.8336035	-108.7290296
517505298	42.8332955	-108.7321466
517504519	42.9832714	-108.4778037
517505250	42.7628525	-108.7940626
517510695	43.0382134	-108.3749197
517662980	43.5448635	-109.6609493
517662968	43.5188835	-109.6014693
517662792	43.9438713	-108.6556405
517510459	43.0201534	-108.3823997
517413749	41.1886434	-104.8465107
517509308	43.0391362	-108.4004254
514609158	43.5483225	-96.7172825
517509897	43.0277034	-108.4585197
503601304	20.8828966	-156.4537065
517510612	43.0207334	-108.3931097
517509778	43.1728234	-108.4017497
517504190	42.8416733	-106.3727102
517509260	43.0234294	-108.7750326
517504229	42.9831944	-108.4849987
517506133	42.8369135	-108.7398896
517509584	43.1090934	-108.5415496
517510496	43.0249834	-108.3838497
517510543	43.0207834	-108.3801497
517661740	43.6466383	-108.1980586
517506040	42.8328035	-108.7279796
517510645	43.0242334	-108.3880497
517502275	42.8667333	-106.3415952
517505656	42.8364535	-108.7593996
517509482	43.0285134	-108.4656797
517510326	43.0938034	-108.3787097
517503408	42.8444842	-106.3756056
517505940	42.8354635	-108.7382496
517662998	43.5273135	-109.6147693
501228579	33.8859412	-118.2644058
517505317	42.8422275	-108.7459856
517505124	42.7837135	-108.6595697
517505147	42.8674035	-108.6629496
517504478	42.8215345	-108.7166006
517505261	42.8361055	-108.7444636
517662757	43.8123704	-108.5682535
517509387	43.1385834	-108.7175196
517510382	43.0228434	-108.3845297
517505611	42.8405935	-108.7329896
517413266	41.1678154	-104.8417818
517663067	43.5386035	-109.6502693
517504194	42.8448333	-106.3819802
517510589	43.0408434	-108.3876697
517509201	43.0323034	-108.4204997
517509110	43.0608414	-108.4566877
517510255	43.0250034	-108.3885497
517509040	43.2245654	-108.8401146
517510118	43.0355644	-108.3806917
517505784	42.8251435	-108.7334296
513631705	39.9991749	-75.7013281
517505896	42.8348635	-108.7377196
517505325	42.8564425	-108.7638466
517417143	41.1448134	-104.7744408
517508925	43.5003855	-109.5369704
517504985	42.8786133	-106.4244801
517504529	42.4976746	-106.6942161
517509995	43.1012424	-108.3810157
517505198	42.8469735	-108.7048496
517509428	43.2306134	-108.6974996
517510493	43.1059134	-108.3792997
517505233	42.8344495	-108.7370486
517509803	43.2006734	-108.6919596
517510689	43.0378434	-108.3831097
517505631	42.8214935	-108.7320396
517509693	43.0253634	-108.4026597
517509627	43.0178134	-108.3961597
517663064	43.5398935	-109.6554193
517509562	43.1227834	-108.4068397
517662935	43.5342335	-109.6373193
517509000	42.9915375	-108.8725476
517509063	43.2444944	-108.6905116
517509620	43.0294334	-108.4155597
517510873	43.1870234	-108.2735297
517505266	42.8376465	-108.7447766
517505302	42.8416775	-108.7347026
517504462	42.8137835	-108.7132036
517509264	43.0461448	-108.8951172
517663041	43.6688235	-109.9469192
517505681	42.8443035	-108.7208796
517505242	42.8329405	-108.7270496
517505117	42.8351435	-108.7155496
517509877	43.1295234	-108.4985296
517510261	43.0374034	-108.3894397
517509621	43.0341134	-108.4027397
517510600	43.0294634	-108.3809597
517662638	43.5838295	-109.6299863
517510018	43.1103974	-108.3464557
517509547	43.2999234	-108.5373396
517510031	43.0797524	-108.3878267
517504522	42.9837564	-108.4198257
517510512	43.0218034	-108.3826397
517510537	43.0243334	-108.3882797
517509516	43.0298134	-108.4011397
517509055	43.0258595	-108.7852356
517505893	42.8438235	-108.7452496
517505898	42.8326735	-108.7306996
517505559	42.8598235	-108.7728496
517505356	42.8329385	-108.7299316
517662614	43.5508875	-109.6606663
517509787	43.1138834	-108.5680996
517509086	43.0268854	-108.4153137
503109196	39.7451536	-105.1938908
517665582	44.3434851	-106.6973139
517509321	43.3139935	-109.2291895
517509613	43.0428534	-108.3998897
517510619	43.0221434	-108.3809397
517509483	43.1173634	-108.5311096
517509056	42.9952855	-108.7653446
517509606	43.0270334	-108.4047597
517663141	43.6015036	-110.7448991
517509276	43.0461448	-108.8951172
517504750	42.8482133	-106.4733501
517510668	43.0279034	-108.3775397
517421225	41.5809937	-109.2579997
517505248	42.8332445	-108.7313796
517414813	41.1745734	-104.8298408
517510034	43.0209844	-108.3806567
517510812	43.0283034	-108.3802197
517505634	42.8287435	-108.7300896
517502203	42.8517733	-106.3199002
517509784	43.0253534	-108.4045097
517509346	43.4812735	-109.5021194
517505916	42.8599735	-108.7168096
517510711	43.0243234	-108.3889897
517663056	43.5343635	-109.6302793
517509470	43.0389934	-108.5077797
517510426	43.0202534	-108.3802197
517505994	42.8342835	-108.7383196
517508968	43.0063775	-108.8829806
517509121	43.0736234	-108.4894137
517505257	42.8956275	-108.7910616
517510094	43.0263064	-108.3890197
517510433	43.0280434	-108.3734997
517506098	42.8233635	-108.7457696
517509554	43.0347434	-108.4186597
517505911	42.8457735	-108.7237396
517509582	43.1366034	-108.4196597
517505259	42.8336905	-108.7390746
517510193	43.1878804	-108.2434937
517509704	43.0398734	-108.3950297
517509826	43.0988034	-108.5457196
517509265	43.0461448	-108.8951172
517506048	42.8773735	-108.7251896
503600436	20.8930866	-156.4603365
517509770	43.0626334	-108.4022997
517510429	43.0328034	-108.3760397
517510266	43.0249834	-108.3828497
517509222	43.1556275	-108.9455365
517504510	42.9831574	-108.4408627
517509119	43.0309294	-108.4349427
517505379	42.8332275	-108.7313026
517510823	43.0295434	-108.3828097
517505152	42.8290835	-108.7113496
517510666	43.0249934	-108.3888397
517504321	42.7766763	-106.5411841
517505289	42.8232485	-108.7306646
517662823	43.5565352	-109.7038268
517509560	43.1266334	-108.5119396
517510373	43.0240034	-108.3823697
517505543	42.8490035	-108.7665596
517509206	43.1010134	-108.6381046
517505112	42.8670835	-108.6374497
517662656	43.6282535	-109.8258663
517390194	41.1398859	-112.0167362
517509240	43.0991264	-108.5191026
517505928	42.8765435	-108.7832196
517505213	42.9628534	-108.4812097
517506071	42.8333935	-108.7341296
517508907	43.3075895	-109.1904085
517505173	42.6410035	-108.4911097
517499276	42.8398013	-106.2265412
517506151	42.8270235	-108.7204696
517505974	42.8204635	-108.7445196
517504223	42.9853574	-108.4855407
517509437	43.2455034	-108.6325496
517510109	43.1861574	-108.3910587
517510417	43.0374534	-108.3931897
517509594	43.0358034	-108.4200097
517509745	43.1371434	-108.4047497
517509890	43.0439234	-108.3998797
517505978	42.8224535	-108.7438396
517509232	43.0314464	-108.4316767
517662439	43.7586833	-108.1429396
517506067	42.8403335	-108.7414696
517509712	43.1423334	-108.6497696
517664783	44.3857911	-106.7567238
517505991	42.8371535	-108.7270096
517662674	43.5792845	-109.7474413
517510320	43.1271734	-108.3314297
517506130	42.8268435	-108.7344396
517505715	42.8361335	-108.7436996
517509698	43.0197334	-108.4243497
517662984	43.5339935	-109.6330193
517509192	43.1695984	-108.4011777
517510573	43.0310234	-108.3754697
517509194	43.1055954	-108.5554866
517510681	43.0362934	-108.3586997
517509853	43.0230834	-108.4078197
517509585	43.0309934	-108.4263497
517505936	42.8251435	-108.7334296
517505528	42.8344035	-108.7206096
517509083	43.0991964	-108.5189726
517505091	42.8497435	-108.6302397
517510176	43.3621244	-108.1149957
517509142	43.0637234	-108.4006247
517505920	42.8228935	-108.7184096
517504218	42.9826214	-108.6036916
517509631	43.0268534	-108.4344797
517510405	43.0249834	-108.3866697
517509205	43.0179374	-108.4499917
517510043	43.0165394	-108.3606317
517510732	43.0379234	-108.3796797
517509173	43.0850874	-108.5186776
502741437	38.3266950	-122.7690577
517510488	43.0192634	-108.3594397
517510184	43.2345154	-108.1061767
517509158	43.0438084	-108.4105087
517510887	43.1638534	-108.2672497
517510127	43.0680324	-108.3809017
517506108	42.8291435	-108.7487696
517509039	43.1093514	-108.7092126
517505666	42.7976135	-108.7609396
517509456	43.2805034	-108.4989496
517510340	43.0201534	-108.3823997
517414590	41.1308734	-104.8217308
517509134	43.1499584	-108.4208627
517509781	43.1132034	-108.4871496
517662945	43.5265735	-109.6166593
517505134	42.8224135	-108.7154996
517509535	43.0341034	-108.4167497
517505989	42.8212035	-108.7441796
517509453	43.0644834	-108.3998897
517509885	43.0426934	-108.4097197
517510515	43.0191434	-108.3612397
517504500	42.7298805	-108.6340037
517510480	43.0405434	-108.3584397
517509651	43.2957534	-108.4194896
517510296	43.1210834	-108.3410197
517503867	42.8431233	-106.3499602
517510504	43.0249834	-108.3871397
517509896	43.0228534	-108.3982097
517505676	42.8550035	-108.7249096
517510771	43.0335034	-108.3786797
517505598	42.8296035	-108.7464996
517509052	43.0122985	-108.8246316
517509511	43.0548534	-108.4731297
517510006	43.0268134	-108.3807017
517505368	42.8344165	-108.7315656
517505205	42.9780934	-108.4379497
517510327	43.0441134	-108.3664297
517509848	43.0275634	-108.4190797
517510682	43.3269734	-108.3522796
517505891	42.8238235	-108.7312096
517510766	43.0408134	-108.3850597
517506127	42.8280735	-108.7402596
517510856	43.0252734	-108.3859497
517510468	43.1152134	-108.3335597
517504332	42.7768213	-106.5447771
517509170	43.0790364	-108.4889787
517499228	42.8432593	-106.2427322
517505830	42.8330835	-108.8257896
517509515	43.1783634	-108.4001897
517505531	42.8445935	-108.7460496
517503265	42.7354863	-106.3471432
517510139	43.0246984	-108.3875927
517510453	43.0249834	-108.3869497
517504456	42.5989955	-108.3157638
517505372	42.8377795	-108.7370496
517663055	43.7052435	-109.6338893
517661735	43.6748563	-108.2055106
517509983	43.0195794	-108.3639037
517662959	43.5277135	-109.6200093
517510500	43.0290034	-108.3750297
517505807	42.8289035	-108.7228296
517505548	42.8291235	-108.7318496
517505889	42.8329435	-108.7319896
517505779	42.8112735	-108.7401096
517509525	43.1820734	-108.5127596
517509120	43.0701214	-108.4004607
517662967	43.5334135	-109.6304593
517509047	43.1454334	-108.6574376
517509635	43.0713634	-108.4088797
517421677	41.5879037	-109.2529797
517503974	42.8300033	-106.3636302
517662981	43.5782435	-109.8098493
517506148	42.8450135	-108.7441596
517510180	43.1630374	-108.3612527
517505927	42.8276635	-108.7337396
517509100	43.1322404	-108.4402437
517509127	43.0341334	-108.4204947
503109016	39.7453036	-105.1948408
517506034	42.8333935	-108.7307596
517505965	42.8345135	-108.7360596
517510192	43.1865524	-108.2492777
517505271	42.8610705	-108.7255646
517509183	43.0014624	-108.4000737
517509809	43.1020134	-108.5437496
517509393	43.2786134	-108.5629696
517509278	43.1924237	-108.7587362
517509050	43.0258595	-108.7857006
517509543	43.0250234	-108.4070497
517510577	43.0226134	-108.3780997
503600453	20.8773966	-156.4597765
517506135	42.8362135	-108.7412796
517664636	44.3465521	-106.7117799
517499254	42.8434933	-106.2377702
517662612	43.5673165	-109.7239023
517509285	43.1862744	-108.4834390
517504457	42.8416265	-108.7136836
517509114	43.0348434	-108.4205067
517505339	42.8322935	-108.7239976
517661666	43.6504393	-108.1998006
517510431	43.0196934	-108.3911197
517505903	42.8333935	-108.7341296
517509823	43.0595734	-108.4700697
503599113	20.8876466	-156.4634665
517509837	43.0242834	-108.4078897
517505290	42.8309575	-108.7248816
517509533	43.0234434	-108.4051497
517509549	43.0249334	-108.3986097
517510728	43.0191734	-108.3566297
517505125	42.8130535	-108.7100696
517510027	43.1140444	-108.3272617
517510466	43.0417034	-108.3794397
517510388	43.0243934	-108.3764397
517510328	43.1337034	-108.3127597
517509764	43.0383934	-108.4072497
517509440	43.0356734	-108.4546097
517505254	42.8941315	-108.7935386
517509684	43.0268734	-108.4671997
517510508	43.0238934	-108.3831197
517509001	43.0003365	-108.8783666
517509274	43.0461448	-108.8951172
517662944	43.5721735	-109.7406193
517510604	43.0260334	-108.3801797
517509738	43.1031934	-108.5382096
517414875	41.1786634	-104.8308808
517510830	43.0320034	-108.3889397
517510401	43.0265034	-108.3678397
517505868	42.8330335	-108.7324196
517662676	43.6527095	-109.9372382
517505157	42.8058935	-108.6956796
517505750	42.8415135	-108.7440896
517505661	42.8393435	-108.7363396
517510725	43.0358334	-108.3840697
517510562	43.0232834	-108.3830197
517510315	43.0189934	-108.3653697
517506000	42.8276235	-108.7404296
517510825	43.0264734	-108.3768397
517509986	43.0245524	-108.3862327
501229095	33.8777552	-118.2641488
517662518	43.6469133	-108.2089096
517509754	43.0225334	-108.4266697
517510458	43.0187234	-108.3898797
517509968	43.2686283	-107.6923628
517510676	43.0811934	-108.3561197
517504461	42.7586015	-108.6526267
517506087	42.8202335	-108.7607096
517505137	42.7583035	-108.6700997
517510183	43.2195274	-108.2159047
517510371	43.0260334	-108.3880397
517661739	43.6496353	-108.2088026
517510368	43.0320234	-108.3749697
517505154	42.8132635	-108.7156296
517505757	42.9195335	-108.7935896
517510162	43.1855374	-108.2457667
517510285	43.0249834	-108.3840797
517663037	43.5268935	-109.6139993
517510563	43.0260234	-108.3873197
517662777	43.6429343	-108.2259016
517505591	42.4965235	-108.7348497
517510352	43.0227534	-108.3859197
517415855	41.1354534	-104.8177308
517509445	43.0286534	-108.4200097
517416711	41.1273234	-104.8108208
517509432	43.2018634	-108.6604796
517510662	43.0249834	-108.3831297
514500036	41.5038720	-82.7688667
517510087	43.0348454	-108.3806917
517504490	42.8465085	-108.6011907
517509798	43.0256434	-108.4447697
517509709	43.0309134	-108.4950297
502743862	38.3634150	-122.8166677
517509091	43.1431394	-108.6181766
517505319	42.8881985	-108.7917726
517509753	43.1046634	-108.5010996
517505240	42.8287135	-108.7379416
517510601	43.0264834	-108.3796297
517502269	42.8504863	-106.3286432
517500085	42.8561433	-106.1278502
517505708	42.8181535	-108.7320596
517510254	43.0254234	-108.3814297
517509975	43.3615793	-107.5285698
517509634	43.0370234	-108.4463597
517510523	43.0243934	-108.3745697
517504396	42.7697363	-106.5369311
517505883	42.8337335	-108.7300596
517505844	42.8247035	-108.7353396
517509680	43.0291534	-108.4313497
517662446	43.6452233	-108.2082996
517504459	42.8526425	-108.6933806
517510634	43.0812434	-108.3462497
517505945	42.8349935	-108.7190696
517505719	42.8289435	-108.7482596
517509834	43.0242734	-108.4008897
517509327	43.3661435	-109.2745594
517510552	43.0263934	-108.3903697
517509291	43.0391362	-108.4004254
517662820	43.5565352	-109.7038268
517663180	43.5864436	-110.8277391
517505523	42.8252835	-108.7194296
517510685	43.0489834	-108.3821097
517509702	43.1145534	-108.5416796
517509270	43.0003144	-108.8784388
501217551	33.8758452	-118.2542888
517510734	43.0279534	-108.3744997
517504376	42.8977193	-106.4631751
517510519	43.0243234	-108.3816997
517662930	43.6301735	-109.8987193
517505639	42.8333135	-108.7412896
517414192	41.1339434	-104.8250108
517505486	42.8539838	-108.7577894
517509388	43.1584834	-108.7106596
517662663	43.5335165	-109.6310043
517505783	42.8259235	-108.7333896
517509729	43.0551634	-108.4513797
517510818	43.0882234	-108.3848697
517501625	42.8565733	-106.3200902
517662668	43.5336465	-109.6308163
517505183	42.8116235	-108.7118296
517510028	43.0418064	-108.3696627
517504354	42.8838963	-106.4456191
517510742	43.1272734	-108.2949597
517791673	44.7523933	-108.7461993
517510753	43.0276734	-108.3700697
517509611	43.0273834	-108.4014597
517505628	42.8190535	-108.7467796
517510292	43.0249934	-108.3881397
517509646	43.0207334	-108.4239897
517509556	43.0340434	-108.4959097
517662660	43.6527095	-109.9372382
517510492	43.0243334	-108.3856897
517509647	43.0767734	-108.4947297
517510084	43.0357604	-108.3588447
517505773	42.8418935	-108.7430796
517510625	43.0270734	-108.3836997
517662627	43.5973934	-109.4342084
517509660	43.0353734	-108.4986397
517509821	43.0863134	-108.4631597
517510703	43.1115534	-108.3648197
517509719	43.0532734	-108.4507897
517663063	43.5364835	-109.6409693
517509502	43.1016634	-108.5585396
517509151	43.2054464	-108.4601796
517509214	43.0174924	-108.4423547
517505993	42.8341835	-108.7292896
517505274	42.8332445	-108.7313796
517509763	43.1382734	-108.5686896
517509500	43.0251934	-108.4450097
517508926	43.0258535	-108.7815116
517505710	42.8342235	-108.7380496
517509492	43.0310634	-108.4900397
517510603	43.0287234	-108.3722697
517505493	42.4939035	-108.7324997
517505149	42.7298735	-108.6493397
517509122	43.0670104	-108.4074787
517508923	43.4778815	-109.4773774
517506024	42.8254335	-108.7175496
517510758	43.0868134	-108.3764097
517510149	43.2344444	-108.1107717
517504514	42.9580934	-108.4277177
517505832	42.8307835	-108.7370296
517510777	43.0270734	-108.3817097
517415110	41.1321744	-104.8137718
517509290	43.0391362	-108.4004254
517510319	43.0379234	-108.3796797
517505921	42.8346135	-108.7401996
517509160	43.0178154	-108.3934857
517663032	43.5286335	-109.6881093
517664705	44.3495481	-106.7050669
517508918	43.3803155	-109.2708104
502742189	38.3624250	-122.7853677
517509741	43.0274034	-108.4259997
517505680	42.8354035	-108.7539096
517509642	43.3232734	-108.5064996
517505331	42.8216465	-108.7322586
517505316	42.8196485	-108.7269346
517508942	43.0247895	-108.7741166
517663066	43.6020934	-109.4159194
517505247	42.8338645	-108.7266866
517662650	43.5346485	-109.6290813
517509322	43.3781535	-109.2624394
517663033	43.5443535	-109.6576093
517504533	42.9684438	-108.5300097
517505291	42.8334095	-108.7321416
517505697	42.8325435	-108.7301196
517505588	42.8663135	-108.7428196
517509708	43.0660534	-108.4029297
517508960	43.0008725	-108.8787136
517505315	42.8390395	-108.7505436
517509629	43.0347434	-108.4186597
517510111	42.9995414	-108.3756347
517510489	43.0243234	-108.3889897
517505855	42.8167535	-108.7338496
517510268	43.0605834	-108.3814497
517509857	43.2017434	-108.4096496
517510501	43.1142234	-108.3572197
517509235	43.0323034	-108.4204997
517509326	43.3356435	-109.2390994
517509796	43.0259534	-108.4114597
517510510	43.0367934	-108.3561397
517509772	43.0341134	-108.4027397
517505570	42.8360935	-108.7359996
517503367	42.8497963	-106.3836262
517509058	43.2420664	-108.6890426
517505717	42.8271235	-108.7232496
517506075	42.8012135	-108.7614496
517510798	43.0264534	-108.3912497
517662947	43.5216435	-109.5991493
517509363	43.3409936	-110.7245891
517509734	43.1626834	-108.4197897
517510896	43.1556734	-108.3736897
517505909	42.8349835	-108.7382896
517510727	43.0249834	-108.3831297
517510755	43.0252734	-108.3859497
517509720	43.0333634	-108.4564897
517505739	42.8399435	-108.7172596
517505567	42.8309335	-108.7328296
513633042	40.0307019	-75.6849591
517510342	43.0189734	-108.3871397
517509344	43.4953935	-109.6074993
517509743	43.0234034	-108.4199197
517505195	42.6998535	-108.6965897
517510178	43.2355884	-108.1104657
517505869	42.8328835	-108.7317196
517509430	43.2254034	-108.5268896
517509731	43.0428634	-108.4002297
517510437	43.0397934	-108.3799697
517509294	43.0391362	-108.4004254
517509595	43.0227534	-108.4452697
517662629	43.5739835	-109.7289133
517506144	42.8322435	-108.7253696
517510116	43.0382014	-108.3791567
517509718	43.0596634	-108.4048797
517509389	43.1932434	-108.7667896
517506009	42.7642035	-108.7914996
517662616	43.5551905	-109.7033203
517510836	43.0305334	-108.3651997
517510406	43.1079634	-108.3454897
517504449	42.9074655	-108.5835457
501210859	33.8843652	-118.2487588
517504472	42.8416265	-108.7136836
517662985	43.5801135	-109.7510993
517509124	43.0246934	-108.3940817
517505703	42.8345635	-108.7362796
517663177	43.5878436	-110.8264991
517510531	43.0243134	-108.3855497
517509548	43.0548634	-108.4062397
517508915	43.3590865	-109.2172794
517505110	42.7630135	-108.6559797
517510786	43.0232834	-108.3815997
517509779	43.0255134	-108.4157997
517510897	43.1709134	-108.3025497
517510855	43.0228234	-108.3910797
517510301	43.0232834	-108.3859197
517505934	42.8344135	-108.7412396
517510663	43.0279334	-108.3710597
517509101	43.0344704	-108.4205037
517510448	43.0327434	-108.3776797
517510698	43.0249834	-108.3839397
517509678	43.0200334	-108.4476297
517510882	43.3283534	-108.2932197
517504220	42.9831295	-108.6271116
517505782	42.8331035	-108.7293696
517509761	43.0205534	-108.3949697
517510876	43.1872834	-108.2435397
517509139	43.0877824	-108.6033016
517509568	43.1488634	-108.5089196
517506203	42.8605336	-109.8503794
517505829	42.8374235	-108.7516696
517508951	43.0028745	-108.8847986
517509174	43.0241294	-108.3963437
517506146	42.8354235	-108.7195296
503600142	20.8867466	-156.4571965
517505148	42.8476535	-108.6023197
517509313	43.0391362	-108.4004254
517509422	43.2390234	-108.7265096
517413389	41.1298734	-104.8406408
517509991	43.0387064	-108.3805417
517505382	42.8754905	-108.7857396
517506114	42.8255935	-108.7460796
517508953	43.0004615	-108.8671296
517505170	42.8581735	-108.7132096
517509744	43.0342934	-108.3941297
517663034	43.5339535	-109.6382793
517505227	42.8340785	-108.7353056
517505358	42.8331305	-108.7313836
517663030	43.6709135	-109.9482992
517510019	43.0403254	-108.3806257
517509081	43.0179374	-108.4499917
517510779	43.0264734	-108.3853097
517509829	43.0236634	-108.4056497
517505670	42.8397035	-108.8061396
517505736	42.8343035	-108.7298696
517505700	42.8132735	-108.7351696
517500086	42.8471933	-106.2194202
517504542	42.9039371	-108.5837064
517510463	43.0164034	-108.3629497
517510418	43.0351734	-108.3856397
517509993	43.0587534	-108.3516687
517662620	43.5278545	-109.6146083
503107897	39.7384536	-105.1923508
517505311	42.8207505	-108.7346396
517510467	43.0238834	-108.3813297
503601221	20.8831566	-156.4521665
517504325	42.4732543	-106.4464472
517505329	42.9660745	-108.8438466
517504291	42.7998723	-106.4375252
517510859	43.1773734	-108.3564397
517509882	43.0217634	-108.4016297
517792097	44.7469833	-108.7594193
517505192	42.5695535	-108.0999698
517509079	43.2009534	-108.6578576
517505957	42.8539435	-108.7318096
517505683	42.8355135	-108.7441396
517509220	43.1021794	-108.5554856
517505834	42.8272035	-108.7384096
517510085	43.0248004	-108.3835227
517510757	43.0171434	-108.3590297
517509843	43.0440034	-108.5194596
517509118	43.0355794	-108.4215197
503599413	20.8880366	-156.4688965
517504463	42.7592005	-108.6527267
517506015	42.8360235	-108.7548996
517510303	43.1186234	-108.3327697
517505603	42.8264735	-108.7423396
517505206	42.9375934	-108.5122897
517509109	43.0323034	-108.4204997
517506017	42.8329535	-108.7286896
517663018	43.5339535	-109.6325393
517506028	42.8340435	-108.7190896
517661697	43.6998653	-108.1760316
517510129	43.0386714	-108.3805417
517505660	42.8271135	-108.7238396
517505480	42.9673035	-108.8504197
517510174	43.2884124	-108.0813777
517662639	43.5336465	-109.6326693
517509155	43.0304024	-108.3961817
517510348	43.0420134	-108.3670297
517662615	43.5469025	-109.6640613
517662644	43.5998064	-109.4323464
517509641	43.0241634	-108.4050197
517510306	43.1015934	-108.3035997
517503375	42.8455163	-106.3688382
517499395	42.8607533	-106.2311662
517510396	43.0350834	-108.3880497
517662989	43.5393235	-109.6463993
517509794	43.1567634	-108.4232697
517505912	42.8306835	-108.7317196
517510590	43.0254234	-108.3828497
517505647	42.8317535	-108.7172796
517504191	42.8451833	-106.3627302
517505114	42.7382235	-108.6493297
517510407	43.0324134	-108.3867697
517510693	43.1160834	-108.3603697
517510270	43.0185234	-108.3879097
517506578	42.8662386	-109.8625914
517510194	43.4595674	-108.1708957
517510047	43.1176044	-108.3272337
517510145	43.0422804	-108.3686187
517662994	43.5343435	-109.6351793
517510056	43.0200874	-108.3805017
517510516	43.0265034	-108.3678397
517503634	42.8361433	-106.3555702
517508909	43.3803155	-109.2708104
517509715	43.0680834	-108.5459296
502812921	39.0901339	-108.6043102
517509415	43.2814334	-108.5932496
517506116	42.8312935	-108.7369796
517413205	41.1187974	-104.8440538
517510068	43.0248864	-108.3635177
517505155	42.8129835	-108.7079896
517505229	42.9776455	-108.8932286
517506059	42.8389435	-108.7442696
517509800	43.0431734	-108.4911697
517505997	42.8248535	-108.7260196
517506074	42.8103335	-108.7572596
517413148	41.1267744	-104.8305158
517504516	42.9800944	-108.4419287
514610182	43.5489125	-96.7245725
517510070	43.0203584	-108.3805017
517506070	42.8410435	-108.7450296
517509233	43.0608414	-108.4566877
517509413	43.2406934	-108.6909996
517506093	42.8567535	-108.7186796
503601250	20.8864366	-156.4527465
517506063	42.8225535	-108.7305096
517421832	41.5818037	-109.2546097
517505522	42.8182135	-108.7473696
517505349	42.8348025	-108.7334066
517505353	42.8613715	-108.7255686
517662667	43.6093344	-109.4061394
517505116	42.8108835	-108.7112196
517505608	42.8288835	-108.7461496
517505768	42.8321635	-108.7387596
517510023	43.0245894	-108.3876487
517510432	43.0932934	-108.3152497
517505791	42.8467835	-108.7776296
517509847	43.0249234	-108.4007097
517662937	43.5267035	-109.6047193
517510846	43.0201334	-108.3912197
517506091	42.8258735	-108.7292096
517503623	42.8230333	-106.3684102
517510571	43.0187334	-108.3646897
517510892	43.2481234	-108.1080297
517509466	43.1241534	-108.4880696
517510349	43.0486134	-108.3461297
517510840	43.0179534	-108.3600997
517506023	42.8370535	-108.7410596
517505527	42.9178735	-108.7921296
503109050	39.7474436	-105.2081608
517509600	43.0841034	-108.5145996
503598964	20.8811191	-156.4720033
514609528	43.5338525	-96.7150325
517505641	42.8427735	-108.7573196
517510731	43.0238834	-108.3809497
502813551	39.0646899	-108.5772182
517510806	43.0358534	-108.3882997
517505824	42.8430335	-108.7346596
503108983	39.7478336	-105.2106508
517432336	42.4529974	-107.8353059
517505873	42.8349235	-108.7379896
517510163	43.1682994	-108.2163647
517508944	43.0254525	-108.7553346
501210809	33.8745152	-118.2491688
517504492	42.7937285	-108.6905896
517510541	43.0249834	-108.3842197
517509480	43.0158734	-108.4335297
517510351	43.0369834	-108.3880997
517505706	42.8378635	-108.7548596
517510879	43.2352534	-108.1081397
517505918	42.8331035	-108.7327796
517510446	43.0416234	-108.3813797
517510422	43.0249934	-108.3881397
517505655	42.8393435	-108.7361096
517510870	43.1862934	-108.2297597
517663078	43.5352335	-109.6389693
517504481	42.7971725	-108.6814417
517510533	43.0227634	-108.3801797
517506101	42.8301135	-108.7214596
517505675	42.8342135	-108.7172496
517510148	43.1537944	-108.3554367
517505220	42.6054786	-109.6347475
517662954	43.5364635	-109.6442993
517509508	43.0214034	-108.4047197
517510505	43.0850134	-108.3818597
517506046	42.8693635	-108.7273796
517510774	43.0320234	-108.3817897
517509952	43.4199003	-106.8497150
517508976	43.0030815	-108.8857716
517508935	43.0258545	-108.7819766
517509815	43.0998734	-108.5415596
517415805	41.1369134	-104.8173208
517509840	43.0978634	-108.6218596
517501618	42.8531133	-106.3234702
517510776	43.0159734	-108.3783397
517509190	43.0317984	-108.4232827
517509448	43.0249234	-108.4019497
517505556	42.8868335	-108.8507496
517510272	43.0306034	-108.3739797
517506062	42.8328635	-108.7445796
517509499	43.0342334	-108.3935797
517509029	43.1454334	-108.6574376
517509827	43.0973434	-108.5404296
517663006	43.5313435	-109.6248693
517504489	42.8452355	-108.7068276
517504518	42.9573674	-108.4999897
517505605	42.8335035	-108.7369796
517510807	43.0330134	-108.3899097
517510289	43.0233834	-108.3837597
517504210	42.8451533	-106.3758402
517509338	43.4812735	-109.5021194
517509664	43.0148834	-108.3981297
517505534	42.8567535	-108.7186796
517510778	43.0292034	-108.3929397
517509386	43.2347534	-108.9173095
517509842	43.0231534	-108.4085497
517510077	43.0262494	-108.3890407
517662865	43.5850472	-110.8257678
501212311	33.8836752	-118.2497288
517509244	43.0708764	-108.4837857
502741428	38.3343050	-122.7614877
503600294	20.8883166	-156.4615765
503600474	20.8907066	-156.4644065
517505494	42.4737935	-108.7203397
517510687	43.0424834	-108.3676697
517509869	43.2154134	-108.5174296
517510078	43.0366144	-108.3806917
517510602	43.0938534	-108.3801997
517506016	42.8252835	-108.7194296
517509891	43.0425034	-108.4961497
517510866	43.1611234	-108.3564497
517504872	42.8423133	-106.4686601
517505821	42.8078535	-108.7315996
517504527	42.4976746	-106.6942161
517662636	43.5270955	-109.6157693
517510434	43.0275034	-108.3898297
517662621	43.6795945	-109.6226123
517504493	42.5397754	-107.9529249
517505593	42.8329235	-108.7371396
517510769	43.0408134	-108.3834797
517504535	42.9771852	-108.5186052
517504532	42.9684438	-108.5300097
503599857	20.8940536	-156.4622575
517509341	43.4950535	-109.5261994
517510509	43.0671534	-108.3520097
517504531	42.9684438	-108.5300097
517504536	42.9771852	-108.5186052
517505952	42.8587435	-108.7267196
517509189	43.0516834	-108.4507277
517663019	43.5360135	-109.6296893
502744112	38.3600450	-122.8132677
517504327	42.8361073	-106.5648951
517504501	42.7680275	-108.6715327
517509790	43.1193534	-108.5183296
517505194	42.8267635	-108.6409997
517509425	43.2295434	-108.5426796
517509675	43.2111634	-108.4948096
517509589	43.1300434	-108.5238796
517509208	43.0246594	-108.4036467
517506610	42.8662046	-109.8598934
517509673	43.0307134	-108.4000197
517505820	42.8343035	-108.7298696
517510110	43.0247184	-108.3862327
517505483	42.8773742	-108.7849791
517504420	42.8629753	-106.4037642
517510597	43.0260034	-108.3795797
517509612	43.1664234	-108.4243897
517510160	43.2355064	-108.1175167
517417379	41.1381834	-104.7922408
517509863	43.1270534	-108.5132796
517509337	43.4917535	-109.5221394
517392120	41.1060059	-111.9840692
517508908	43.4196595	-109.3602814
517510214	43.0147647	-108.3793690
517506080	42.8470935	-108.7264196
517504602	42.8921333	-106.4926901
517505724	42.8322435	-108.7286796
517510191	43.1864364	-108.3214637
514610151	43.5502925	-96.7236425
517505552	42.8380935	-108.7495296
517662623	43.5337475	-109.6321833
517506044	42.4968335	-108.7321397
517509104	43.0736434	-108.4059647
517662938	43.6301735	-109.8987193
517506090	42.8337235	-108.7449196
503599933	20.8837216	-156.4607865
517510631	43.0269634	-108.3867597
503600263	20.8838866	-156.4567365
517505232	42.8340645	-108.7357736
517416435	41.1353034	-104.8075108
517505734	42.8318935	-108.7482896
517509181	43.1547094	-108.3935557
517510341	43.1091834	-108.3373997
514499771	41.5486650	-82.8207157
517509878	43.0166534	-108.3969097
517417169	41.1367934	-104.7697508
517662931	43.6277235	-109.8590993
517505001	42.8924233	-106.4891201
517510670	43.0315134	-108.3921197
517510810	43.0126634	-108.3782397
517505139	42.7483335	-108.6758997
517662855	43.8416371	-110.5084043
517662962	43.5741335	-109.7171793
517510133	43.0197554	-108.3646027
517505758	42.8239135	-108.7441596
517505582	42.8345135	-108.7360596
517510366	43.0325734	-108.3774997
517509107	43.1564414	-108.4204167
517506036	42.8383535	-108.7538496
517502387	42.7694433	-106.3454802
517505351	42.8383095	-108.7759406
517506139	42.8291035	-108.7347096
517510281	43.0369134	-108.3745197
517505924	42.8414635	-108.7272296
517509180	43.0371804	-108.4525887
517505130	42.8768135	-108.6199197
517417054	41.1399204	-104.7950108
517509542	43.0244634	-108.4504997
517505964	42.8307335	-108.7423896
517510702	43.0379434	-108.3871497
517509505	43.0279834	-108.4070197
517504467	42.8887545	-108.6089397
517509683	43.0562134	-108.4094997
517505662	42.8249435	-108.7284096
517505560	42.8656035	-108.7290496
517505172	42.8631435	-108.6634496
517509586	43.1270534	-108.5139296
517662934	43.5686235	-109.7157493
517510276	43.0281234	-108.3813297
501215495	33.8754502	-118.2532278
517662382	43.6356841	-108.2217489
517509164	43.0437844	-108.4449457
517509403	43.2470634	-108.6728596
517505814	42.8424735	-108.7430696
517509498	43.0304834	-108.4182597
517509637	43.0259834	-108.4438797
517504225	42.9623144	-108.4897377
517510821	43.0243334	-108.3870397
517505338	42.8348715	-108.7390516
517505766	42.8176235	-108.7502596
517410832	41.2668338	-110.9620494
517509762	43.1890534	-108.4817696
517505234	42.8349815	-108.7296576
517505547	42.8442235	-108.7336896
517417160	41.1379934	-104.7872208
517510035	43.0128714	-108.3805237
514500169	41.5280520	-82.7768367
502738860	38.3339650	-122.7399877
517509467	43.0265134	-108.4243897
517510848	43.1352734	-108.3206297
517510824	43.0552534	-108.3879297
517510102	43.0339424	-108.3822017
517509152	43.0795974	-108.5037336
517510800	43.0243434	-108.3854597
517510000	43.1210184	-108.3602617
517510262	43.0351134	-108.3834797
517509394	43.2398734	-108.5920896
517510833	43.0254234	-108.3816097
517505606	42.8384535	-108.7419596
517509996	43.0323534	-108.3802787
517510016	43.0499934	-108.3646657
517499282	42.8437213	-106.2382982
517505879	42.8271435	-108.7217596
517509769	43.3217534	-108.4993096
517509602	43.0434334	-108.3998897
517499850	42.8398933	-106.2362602
502741454	38.3427050	-122.7629177
517510069	43.0269494	-108.3712937
517509306	43.0391362	-108.4004254
517509775	43.0594634	-108.4733597
517509108	43.1862244	-108.5005646
517505256	42.8347935	-108.7339166
517662643	43.5392095	-109.6275733
517510282	43.0480534	-108.3817297
502742249	38.3479150	-122.7806477
517505733	42.8382735	-108.7382796
517503370	42.8441053	-106.3977252
517510486	43.0249134	-108.3845497
517416069	41.1409004	-104.7968908
517510868	43.2399834	-108.1110897
517416550	41.1448834	-104.7978008
517505919	42.8799235	-108.8073196
517509524	43.1962134	-108.7013596
517505857	42.8328435	-108.7331696
503600325	20.8873866	-156.4584965
517509130	43.3389434	-108.5394816
517510518	43.0254434	-108.3909197
517510832	43.0281134	-108.3837497
517505102	42.8117635	-108.7103996
517510572	43.0163434	-108.3577197
517662725	43.7656015	-110.5682061
517509807	43.0242434	-108.4056597
517505646	42.8384735	-108.7443596
517510115	43.0848824	-108.3765467
517505174	42.8107235	-108.7103996
517509143	43.0178534	-108.4401187
517509468	43.0248134	-108.4150797
517663027	43.5343635	-109.6306093
517506001	42.8263635	-108.7425796
517509281	43.1924237	-108.7587362
517505886	42.8352935	-108.7345096
517504487	42.8629415	-108.6851246
517499230	42.8436833	-106.2382122
517505823	42.8259935	-108.7216896
517509883	43.1000034	-108.5478596
517665919	44.3468411	-106.6988489
517662613	43.5713645	-109.7365303
517509866	43.0529734	-108.5179896
517505549	42.8500035	-108.7446196
503599157	20.8904466	-156.4725765
517506072	42.8251635	-108.7262596
517505901	42.8351035	-108.7418096
517510322	43.0338334	-108.3723797
517509540	43.0259634	-108.4017197
517505224	42.8332195	-108.7312646
517509789	43.0196534	-108.4026597
517509608	43.1235334	-108.4796296
517509476	43.0242834	-108.3949597
517417353	41.1392034	-104.7783908
517509984	43.0248134	-108.3847747
517506051	42.8797035	-108.7255496
517509713	43.1620234	-108.6193996
517509740	43.0306234	-108.4592497
517509874	43.0242734	-108.4031697
517505072	42.8856033	-106.4368601
502811734	39.1103739	-108.6369502
517510461	43.1123334	-108.3500297
517509310	43.0391362	-108.4004254
514500834	41.4916130	-82.8212237
517505184	42.7769835	-108.6809497
517414440	41.1376834	-104.8206008
517510674	43.1284134	-108.2896497
517510356	43.1048434	-108.3261897
517417436	41.1414034	-104.7781308
517505801	42.8207435	-108.7436096
517510170	43.1752764	-108.1084067
517499774	42.8442033	-106.2375702
517663024	43.5383635	-109.6258893
517509241	43.0356864	-108.4211527
517509390	43.1685234	-108.7213396
517510743	43.0232834	-108.3826497
517510827	43.0270734	-108.3823297
517509530	43.1369234	-108.6231996
517662679	43.5348325	-109.6264173
517662678	43.5994535	-109.7836893
517663072	43.5273135	-109.6147693
517664824	44.3456121	-106.7061149
517510339	43.0322834	-108.3734097
517510697	43.0370434	-108.3877397
517510007	43.0007424	-108.3813217
517510378	43.0295234	-108.3812497
517510881	43.2358434	-108.1110697
517504497	42.6781635	-108.6630987
517509553	43.0281734	-108.3942397
517662659	43.5266985	-109.6148093
517505748	42.8300435	-108.7309996
517509802	43.0276034	-108.4183497
517505848	42.8333235	-108.7361096
517503111	42.8349733	-106.3434902
517505475	42.8494647	-108.7508789
517417461	41.1374634	-104.7744708
517510381	43.0366534	-108.3922797
517662654	43.5339895	-109.6372193
517510449	43.0620234	-108.3547097
517509204	43.0374234	-108.4069317
517506107	42.8574135	-108.7674096
517509706	43.0275334	-108.3936097
517506111	42.7136935	-108.7222297
517505115	42.8165935	-108.7096396
517417454	41.1418334	-104.7906008
517416051	41.1409184	-104.7969028
517510559	43.0233234	-108.3798897
517663005	43.5750935	-109.7441293
517663001	43.5362135	-109.6405393
517509639	43.0379634	-108.4030797
517510119	43.0147664	-108.3793607
517509475	43.1306934	-108.4455997
517499265	42.8378343	-106.2303232
517509640	43.0309934	-108.4263497
517505674	42.8327435	-108.7362896
517417241	41.1370434	-104.7834608
517510333	43.0177134	-108.3697897
517510841	43.0201534	-108.3823997
517506095	42.8317035	-108.7313196
517505654	42.8273435	-108.7338596
517505788	42.8242835	-108.7170396
517509609	43.0524434	-108.5170796
517505094	42.9043735	-108.5845197
517509677	43.0313634	-108.4009897
517509096	43.0555154	-108.5272626
517505449	42.8223162	-108.7332572
517506037	42.7794735	-108.7796496
517510620	43.0243234	-108.3840797
517505849	42.8732335	-108.8045696
517510816	43.0243334	-108.3876097
517509534	43.0680834	-108.5498696
503598882	20.8898916	-156.4666685
517510726	43.0331334	-108.3888797
517504545	42.4916960	-107.8294876
517509494	43.0243634	-108.4099397
517509588	43.0199434	-108.3960697
517662637	43.5335415	-109.6308543
517510393	43.0275134	-108.3838897
517505887	42.8266635	-108.7341296
517510863	43.2384634	-108.1150797
517509517	43.0315234	-108.3967197
517510655	43.0170034	-108.3876997
517665935	44.3541171	-106.6789249
517505765	42.8076535	-108.7375796
517510579	43.0250434	-108.3903497
517409846	41.2610938	-110.9943894
517505910	42.8471135	-108.7501596
517509757	43.1989434	-108.6817896
517504508	42.9838414	-108.4289287
517505596	42.8243035	-108.7298296
517505537	42.8382135	-108.7408596
517505243	42.8247965	-108.7323196
517665699	44.3515401	-106.6989459
517505334	42.8372035	-108.7521306
517506113	42.8296535	-108.7393396
517509213	43.0374374	-108.4412157
517662821	43.5565352	-109.7038268
517505884	42.8234735	-108.7186296
517510051	43.0262064	-108.3890567
517509686	43.0295834	-108.4592497
517510159	43.3916634	-108.1588447
517505347	42.8331785	-108.7366606
517510763	43.0249834	-108.3859197
517510316	43.0378134	-108.3763197
517505711	42.8342135	-108.7346396
517505755	42.8106435	-108.7458096
517505984	42.9433035	-108.8031596
517509282	43.1924237	-108.7587362
517505532	42.8089935	-108.7383896
517662671	43.5335165	-109.6310043
517510280	43.0238034	-108.3888897
517506585	42.8701516	-109.8598154
517509384	43.1591334	-108.6853196
517510792	43.0239534	-108.3745697
517505111	42.8048835	-108.6828797
517510497	43.0197434	-108.3824297
517510700	43.0287134	-108.3858397
517502434	42.8515033	-106.3271302
517505193	42.7382235	-108.6493297
517665782	44.3495171	-106.6940789
517510701	43.0432134	-108.3618797
517791457	44.7565873	-108.7671423
517664840	44.3466221	-106.7166279
517509700	43.0262634	-108.4128797
517504551	42.9810434	-108.6196496
517510440	43.0249834	-108.3823797
517505280	42.8482905	-108.7253716
517510517	43.0159734	-108.3783397
517510716	43.0368634	-108.3754897
517509451	43.0304534	-108.4176097
517509583	43.1772734	-108.4083197
517509881	43.0270934	-108.4135297
517509218	43.0555174	-108.4168247
517509179	43.0171904	-108.3980757
517510398	43.0343134	-108.3814697
517509688	43.0254234	-108.4099497
517510784	43.0351134	-108.3829897
517510054	43.0245114	-108.3862327
513631709	40.0016449	-75.6939391
503599153	20.8882766	-156.4645065
517505859	42.8595135	-108.7778396
517792139	44.7539133	-108.7520693
517506129	42.8367035	-108.7411896
517506049	42.8341335	-108.7376096
517421072	41.5836770	-109.2535065
517510331	43.0357134	-108.3917297
517505922	42.8270235	-108.7204696
517509485	43.0242434	-108.3980397
517509418	43.2103934	-108.7507996
517510024	43.0127294	-108.3773347
517510893	43.1688134	-108.2948497
517502226	42.8511753	-106.3301972
517662847	43.8416371	-110.5084043
517510491	43.0270634	-108.3896897
517509064	43.2813214	-108.6989326
517510391	43.1228734	-108.2797897
517505337	42.8389285	-108.7164206
517509576	43.1151834	-108.4615897
517505842	42.8248535	-108.7357096
517510616	43.0270234	-108.3860097
517510730	43.0222234	-108.3870697
513633137	40.0141219	-75.6828291
517500106	42.8546833	-106.2430502
517506020	42.8360935	-108.7267396
517508934	43.0258545	-108.7819766
517510420	43.0300934	-108.3831697
517509522	43.1250934	-108.4572997
517505846	42.8348735	-108.7273496
517662618	43.5335915	-109.6305953
517505725	42.8202135	-108.7303196
517510596	43.1246634	-108.3223297
517510052	43.0248834	-108.3806847
517505100	42.8144835	-108.7113396
517792075	44.7505233	-108.7627693
517505126	42.8312035	-108.7122896
517662928	43.5371835	-109.6421293
517506025	42.8422735	-108.7430796
517509339	43.4838235	-109.5008994
517504464	42.7818915	-108.6768267
517508941	43.0180035	-108.7750456
517509814	43.1313334	-108.4115597
517510071	43.0235404	-108.3847487
517506117	42.8207035	-108.8148996
517505235	42.8344645	-108.7215206
517662977	43.5252035	-109.6070893
501220259	33.8747052	-118.2549688
517661622	43.6466383	-108.1980586
517509989	43.0248074	-108.3903957
517504530	42.9684438	-108.5300097
517505481	42.8567842	-108.7643495
517508928	43.0245815	-108.7734976
517509536	43.1374434	-108.4629096
517504471	42.8572205	-108.6605056
517509163	43.0411454	-108.3961957
517791436	44.7495273	-108.7641463
517510313	43.0249834	-108.3814297
517505568	42.8353635	-108.7297196
517505281	42.8416775	-108.7347026
517505204	42.9868234	-108.4719097
517509579	43.1248634	-108.5179996
517505704	42.8332735	-108.7335496
517510878	43.1868634	-108.3036997
517509832	43.1008934	-108.6410796
517505925	42.8238235	-108.7312096
517510040	43.0697674	-108.3809227
517505958	42.8214735	-108.7336496
517503403	42.8444842	-106.3756056
517510397	43.0361534	-108.3913597
517505740	42.8119235	-108.8000096
517663236	43.6397533	-108.2254196
517510155	43.2195274	-108.2159047
517505995	42.8231135	-108.7304296
517510826	43.0249834	-108.3866697
517509689	43.1356034	-108.5579596
517510799	43.0224834	-108.3591097
517510048	43.0195344	-108.3805307
517509572	43.0433234	-108.4977697
513633973	40.0224419	-75.6738191
517509518	43.0285534	-108.4358897
517502643	42.8443533	-106.3269702
517505366	42.8347905	-108.7386676
517505856	42.8465535	-108.7498696
517505491	42.4976035	-108.7309097
517509846	43.0259434	-108.4132997
517505121	42.7255735	-108.6630197
517509207	43.0401184	-108.5148327
517663003	43.5375635	-109.6482193
503108852	39.7461436	-105.2074208
517509561	43.0242934	-108.3956897
517662670	43.6098835	-109.6501443
517510617	43.0326234	-108.3740297
517505845	42.8346035	-108.7341896
517663022	43.5359435	-109.6470493
517505942	42.8315135	-108.7304296
517510653	43.0717334	-108.3762397
517504360	42.7120473	-106.5636281
517506008	42.8168535	-108.7485996
517510265	43.0159734	-108.3783397
517510683	43.0879734	-108.3737197
517510869	43.1688634	-108.2925997
517509541	43.0242434	-108.3980397
517509656	43.0234134	-108.4047097
517505392	42.8336015	-108.7335736
517662645	43.5337385	-109.6319483
517505179	42.8134735	-108.7131096
517509065	43.4307914	-108.6861686
517508957	42.9994095	-108.8805576
517510107	43.0245524	-108.3862327
517415188	41.1339824	-104.8145558
517499411	42.8449893	-106.2114832
517510257	43.0333534	-108.3733897
517504238	42.7567093	-106.5189991
517505929	42.8342135	-108.7346396
517505906	42.8779235	-108.7840496
517662941	43.5663935	-109.7071693
517510363	43.1146634	-108.3184397
517792173	44.7531733	-108.7565393
517508949	43.0028745	-108.8847986
517509488	43.0362434	-108.4098597
517509172	43.0323034	-108.4204997
517505182	42.5430635	-108.1809898
517501544	42.8473833	-106.3255902
517505749	42.8343035	-108.7298696
517510783	43.0420034	-108.3933597
517510671	43.0242934	-108.3930097
517505950	42.8284335	-108.7465596
517505743	42.8247335	-108.7373696
517510694	43.0243234	-108.3812797
517661686	43.6517563	-108.2123246
517509171	43.0608414	-108.4566877
517505951	42.8260235	-108.7421996
517509324	43.4065335	-109.3671194
517505817	42.8343035	-108.7298696
517505176	42.8529535	-108.6867096
517503530	42.8702433	-106.3473302
517510350	43.0249834	-108.3839397
517509551	43.0237434	-108.4074197
517510669	43.0260334	-108.3867597
517505982	42.8477335	-108.7826296
517413592	41.1684234	-104.8323308
517663002	43.5359235	-109.6282193
517509067	43.2557424	-108.5592566
517663065	43.5334335	-109.6348593
517662441	43.6438033	-108.2082296
517510521	43.0279034	-108.3789597
517506086	42.8377835	-108.7650896
517505345	42.8332365	-108.7313406
517662728	43.8534215	-110.3154731
517661644	43.6474883	-108.1998496
517505127	42.8186935	-108.7028096
517391196	41.1109169	-111.9953752
517510641	43.0265734	-108.3924797
502740722	38.3348090	-122.7739847
517505376	42.8344605	-108.7329156
517510528	43.0250034	-108.3873197
517505772	42.8319535	-108.7325396
517509042	43.1724324	-108.7280706
517662628	43.5528925	-109.6810013
517510607	43.0290934	-108.3837097
517505561	42.8248635	-108.7308996
517509520	43.0202234	-108.4006197
501212286	33.8784452	-118.2510488
517510066	43.0223354	-108.3791727
517502263	42.8584713	-106.3331372
517509571	43.0271434	-108.4579597
517663058	43.5370535	-109.6409293
517505550	42.8334135	-108.7342196
517792045	44.7539933	-108.7549893
517505160	42.7319235	-108.6475997
517509593	43.0219334	-108.4291797
517510172	43.1691864	-108.2972617
517506109	42.8339835	-108.7312696
517509325	43.3098835	-109.1936895
517510736	43.0206634	-108.3837697
517506032	42.8353935	-108.7168596
517662960	43.5473335	-109.6641893
517509484	43.1733334	-108.4035197
503109252	39.7413336	-105.1987808
514608722	43.5467105	-96.7118515
517510421	43.0716234	-108.3716997
517510147	43.0285724	-108.3779107
517510765	43.0367034	-108.3941397
517663076	43.5363835	-109.6318993
517505723	42.8350635	-108.7285596
517509072	43.2742714	-108.5688816
517510188	43.1489104	-108.2660877
517791269	44.7548263	-108.7502733
517508977	43.0052175	-108.8843406
517662635	43.5998064	-109.4323464
517505344	42.5272755	-108.7223887
517390202	41.1234269	-112.0190182
517510744	43.0132634	-108.3785697
517509721	43.0249334	-108.3966797
517510059	43.1258504	-108.3021987
517662991	43.5707335	-109.6605793
517509870	43.0379834	-108.4544697
517510321	43.0243234	-108.3885697
517504476	42.7788375	-108.6634107
517510100	43.1065414	-108.3456577
517506052	42.8315035	-108.7431396
517662625	43.6008595	-109.7915573
517421503	41.5827937	-109.2546397
517509509	43.0217734	-108.3957397
517510530	43.0243634	-108.3881697
517509653	43.0352034	-108.4014797
517505578	42.8279935	-108.7317096
517506156	42.8247335	-108.7373696
517509851	43.0257834	-108.4516397
517504553	42.9812134	-108.5040397
517509442	43.0246734	-108.4165397
517792155	44.7532133	-108.7579993
517506159	42.7995835	-108.7612596
517510534	43.0997534	-108.3748797
517506157	42.8248635	-108.7308996
517509852	43.0504634	-108.4590997
517509426	43.2328434	-108.7607696
517501750	42.8484433	-106.3245702
517510502	43.0235334	-108.3740997
517505333	42.8333875	-108.7289556
517509810	43.0233934	-108.4179397
517505863	42.8344935	-108.7460796
517510599	43.0364134	-108.3823997
517509059	43.2292834	-108.6580136
517504366	42.9317053	-106.5136041
517509342	43.4140335	-109.4274294
517509587	43.1554234	-108.3999697
517510001	43.0245114	-108.3862327
517509736	43.0332834	-108.4315897
517663039	43.5340235	-109.6311493
517505789	42.9501535	-108.8141496
517509864	43.0626234	-108.4010597
517662669	43.5222465	-109.5945403
517510569	43.0243234	-108.3889897
517505888	42.8338035	-108.7274796
517505374	42.8809425	-108.7379646
517510337	43.0374534	-108.3881497
517510215	43.2107943	-108.2157584
517510198	43.1616349	-107.7224570
517506105	42.8124835	-108.7378996
517505159	42.7812735	-108.6731997
517510527	43.0243334	-108.3851697
517417523	41.1444034	-104.7727108
517509552	43.0249134	-108.4049797
517510549	43.0605834	-108.3814497
517505239	42.8290415	-108.7233846
517510854	43.0327434	-108.3913297
517499219	42.8407603	-106.2317142
517510626	43.0515734	-108.3624797
517505619	42.8259235	-108.7333896
517510677	43.0298034	-108.3750197
517505487	42.8223162	-108.7332572
503599271	20.8859966	-156.4641465
517505792	42.8642435	-108.7292096
517417142	41.1447534	-104.7774508
517510120	43.0382854	-108.3805417
517504474	42.7287315	-108.6527427
503600287	20.8874966	-156.4551065
517505105	42.8692735	-108.6538496
517506137	42.8815035	-108.7348996
517504230	42.9831944	-108.4849987
517510185	43.2358944	-108.1104607
517510808	43.0271334	-108.3883797
517505987	42.8333935	-108.7341296
517510264	43.0399234	-108.3785697
517510304	43.0238634	-108.3901897
517505635	42.4967235	-108.7352597
517510804	43.0315434	-108.3911997
517509087	43.0315034	-108.4325487
517509550	43.2200034	-108.4959896
517510295	43.0448534	-108.3812497
517509831	43.0242834	-108.3949597
501217471	33.8777052	-118.2530788
517506131	42.8318935	-108.7374496
517416408	41.1357834	-104.8013008
517663200	43.6325233	-108.2225896
517509272	43.0461448	-108.8951172
517504495	42.8030455	-108.6605397
517509138	43.2045874	-108.4601326
517508910	43.3424975	-109.2439434
517505587	42.8801535	-108.8064696
517505955	42.8328835	-108.7283296
517510425	43.0231934	-108.3838797
514500095	41.5576920	-82.8199367
517505938	42.8323435	-108.7448096
517509450	43.0620534	-108.5245296
517510790	43.0351834	-108.3811497
517509409	43.2525734	-108.5645496
517505283	42.8648715	-108.7764956
517505806	42.8729635	-108.8691396
517508022	43.5009736	-110.7590271
517509813	43.1824134	-108.3956997
517510791	43.0378234	-108.3898597
517510746	43.0299934	-108.3717497
517510079	43.0339284	-108.3863927
517510593	43.0309634	-108.3910697
517413566	41.1696534	-104.8418908
517504697	42.8924233	-106.4891201
517509880	43.1377234	-108.5007496
517505728	42.8342835	-108.7383196
501224825	33.8745952	-118.2588988
517510470	43.0345834	-108.3718097
517509443	43.2150834	-108.5191996
517509668	43.0558634	-108.4762697
517506103	42.8382735	-108.7382796
517509997	43.0382024	-108.3792147
517417432	41.1453234	-104.7697708
517504822	42.7127033	-106.5546001
517509695	43.0270834	-108.4504697
517509408	43.2542934	-108.6839996
517505851	42.8361335	-108.7436996
517509137	43.0734444	-108.4893097
517510058	43.0487344	-108.3512027
517510088	43.0025104	-108.3802717
517510307	43.0228234	-108.3910797
517663047	43.5151935	-109.5703993
517662666	43.5737365	-109.7277693
517393103	41.1137469	-111.9814782
517509628	43.0920734	-108.6016296
517663035	43.5379535	-109.6408693
517510030	43.0220644	-108.3615777
517509662	43.0343034	-108.4574497
517508978	43.0045905	-108.8812646
517510759	43.0362734	-108.3563597
501226512	33.8783872	-118.2617728
517509873	43.1683534	-108.4017297
517505981	42.8855735	-108.8180996
517661640	43.6438903	-108.2103956
517509097	43.0378764	-108.4390277
517510705	43.0300534	-108.3772197
517663026	43.5333735	-109.6317493
517504552	42.9833634	-108.6118496
517509860	43.0233634	-108.4186097
517505128	42.8619835	-108.6327397
517509462	43.0242434	-108.3980397
517506078	42.8327235	-108.7275996
517505616	42.8328435	-108.7331696
517510592	43.0345834	-108.3868897
517510581	43.0555534	-108.3649097
517414101	41.1313504	-104.8188818
517509289	43.0391362	-108.4004254
517509605	43.1146434	-108.5371896
517662932	43.5590535	-109.6944593
517503166	42.8353233	-106.3406902
517509808	43.0242034	-108.4138397
517499751	42.8442033	-106.2375702
517505753	42.8327935	-108.7365196
517416283	41.1425543	-104.7973785
517508988	42.9915375	-108.8725476
517509691	43.2167634	-108.4849196
517509567	43.0222034	-108.3933097
517509481	43.1479834	-108.5245196
517505104	42.7307235	-108.6441997
517510874	43.2352434	-108.1135497
517510033	43.0194614	-108.3691827
517505190	42.8330535	-108.7154896
517509830	43.0304834	-108.4161997
501217494	33.8747252	-118.2535788
517505899	42.8222035	-108.7677996
517510831	43.0931634	-108.3626797
517417306	41.1388534	-104.7842708
517510712	43.0457934	-108.3598997
517505658	42.8392935	-108.7273996
517510479	43.0232334	-108.3530097
517505166	42.7070135	-108.6657797
517505584	42.8320135	-108.7328196
517504171	42.8448333	-106.3819802
517509767	43.0213834	-108.4006197
517508981	42.9915375	-108.8725476
517510708	43.0237934	-108.3852697
517505650	42.8148935	-108.7591596
517505626	42.8224435	-108.7318496
517505785	42.4967235	-108.7352597
517505558	42.8421535	-108.7410696
517509782	43.0779234	-108.5160596
517510865	43.1556734	-108.3736897
517505541	42.8395835	-108.7197796
517416460	41.1350734	-104.8081208
503109288	39.7527636	-105.2152008
517510594	43.0712734	-108.3756297
517663021	43.5680135	-109.7059193
517510146	43.0195704	-108.3659097
517505729	42.8252835	-108.7194296
517503455	42.8669433	-106.3500502
517506110	42.8231235	-108.7320096
517510844	43.0306834	-108.3827497
517505966	42.8115435	-108.7316296
517505638	42.8403435	-108.7425296
517509889	43.0569234	-108.4787197
517510665	43.0298934	-108.3896397
517506138	42.8352335	-108.7394696
517510699	43.0188034	-108.3632997
517510143	43.0262204	-108.3890507
517499234	42.7391983	-106.1196972
503109244	39.7532136	-105.2117308
517509304	43.0391362	-108.4004254
517505158	42.8562435	-108.7146396
517505601	42.8248635	-108.7308996
517505165	42.8325635	-108.6467097
517505720	42.8271835	-108.7280996
503600177	20.8846066	-156.4591165
517509049	43.0180035	-108.7750456
517509034	43.1078324	-108.7035246
517505185	42.8526735	-108.6894296
513633610	40.0066289	-75.6688301
517510576	43.0358734	-108.3820797
517509231	43.0349224	-108.4388197
517510717	43.0238534	-108.3867197
517509727	43.0190634	-108.3951597
517509780	43.0393634	-108.3971297
517509427	43.2093034	-108.5618896
517663043	43.5385235	-109.6371393
517509199	43.0246664	-108.3962227
517791351	44.7536683	-108.7531563
517510113	43.0325004	-108.3805497
517505092	42.8230035	-108.7159396
501226203	33.8778352	-118.2603588
517508985	42.9915375	-108.8725476
517510556	43.0249834	-108.3855497
517509224	43.0955274	-108.5473646
517505096	42.9049535	-108.5832197
517505163	42.8093535	-108.7095696
517509178	43.2071634	-108.4600406
517791347	44.7561393	-108.7708063
517792084	44.7604333	-108.7777893
517510369	43.0174634	-108.3874197
517510871	43.1761934	-108.3697397
517505816	42.8323735	-108.7367996
517509196	43.0336734	-108.4172267
517510259	43.0377534	-108.3738997
517506060	42.8428835	-108.7455996
517504513	42.9258964	-108.3145657
517414310	41.1387234	-104.8198908
517505255	42.8232525	-108.7334816
517503266	42.8721323	-106.3552702
517505793	42.8077835	-108.8168996
517508992	42.9915375	-108.8725476
517504465	42.7637855	-108.6716907
517665768	44.3592671	-106.6976529
517664856	44.3465701	-106.7090299
517505944	42.7281635	-108.7433696
517510300	43.0299034	-108.3799197
517509607	43.0240934	-108.4117997
517505684	42.8387335	-108.7432696
517499224	42.8437213	-106.2382982
517662661	43.6284495	-109.8566433
517510336	43.1169434	-108.3250197
517510706	43.0368134	-108.3907997
517663009	43.5165035	-109.5965893
517506018	42.8108935	-108.7982596
517663060	43.5469635	-109.6631693
517509894	43.1764934	-108.5355896
517505843	42.8404935	-108.7255696
517505917	42.8354035	-108.7402696
517663083	43.5265935	-109.6884993
517505120	42.8095535	-108.6558197
503600211	20.8876566	-156.4583065
517504682	42.8679833	-106.4119902
517510152	43.1876914	-108.2436707
517510025	42.9998484	-108.3756367
517509849	43.0236334	-108.4752897
517505975	42.8274335	-108.7493396
517505078	42.8732033	-106.4185402
517506083	42.8444735	-108.7444796
517510436	43.0305534	-108.3859897
517505597	42.8370935	-108.7548696
517506145	42.7952635	-108.7839596
517505590	42.8439835	-108.7237496
517662957	43.5668335	-109.7664593
517505673	42.8411135	-108.7337096
517505890	42.8427835	-108.7334896
517510375	43.0161234	-108.3616197
517505122	42.6689235	-108.3213597
517509398	43.2129234	-108.6638496
517510585	43.0224834	-108.3591097
517510782	43.0207534	-108.3841397
517504843	42.8761333	-106.4188301
517505622	42.8008535	-108.7549196
517510709	43.0233234	-108.3783197
517505251	42.8749135	-108.7901766
517662946	43.5538335	-109.6685393
517662958	43.5307835	-109.6284993
517505188	42.8417535	-108.7093096
517509776	43.0197334	-108.4222097
517509036	43.2178054	-108.8191486
517505474	42.8491742	-108.7508394
517662675	43.5351965	-109.6263353
517505908	42.8280835	-108.7493496
517510642	43.1144934	-108.3595597
517510748	43.0254234	-108.3814297
517508952	43.0004655	-108.8680506
517509225	43.0279894	-108.3953937
517509234	43.1855614	-108.6440136
517504226	42.9831944	-108.4849987
517505279	42.8232485	-108.7306646
517510895	43.1887934	-108.3459097
517505589	42.8321935	-108.7284496
517510657	43.0379234	-108.3796797
517505046	42.9516433	-106.5214901
517505847	42.8390535	-108.7357296
517505815	42.8331635	-108.7330496
517504821	42.8534434	-107.3625499
517415642	41.1395534	-104.8176508
517662461	43.6825233	-108.2018096
517509027	43.1078324	-108.7035246
517505747	42.8252235	-108.7479296
517510150	43.2699624	-108.0707567
517510462	43.0179434	-108.3590097
517509514	43.0277034	-108.4585197
517505109	42.8240235	-108.7155196
517505877	42.8485735	-108.7869196
517509765	43.0213534	-108.4456997
517505292	42.8355525	-108.7449516
517505138	42.8526235	-108.6163797
517509783	43.0315234	-108.3967197
501229630	33.8849152	-118.2642688
517505304	42.8331395	-108.7314216
517509491	43.0324434	-108.4543097
517502010	42.8504533	-106.3204902
517509685	43.1543634	-108.5245096
517509835	43.0249234	-108.4016097
517510451	43.0360334	-108.3840697
517510678	43.0863534	-108.3848297
517504993	42.8787033	-106.4231701
517510086	43.1194894	-108.3206307
517509563	43.0809234	-108.5104796
517509527	43.1016634	-108.5594296
517510547	43.0250034	-108.3926597
517510212	43.0313937	-108.3903997
517505687	42.7721535	-108.7796196
517510623	43.0237934	-108.3852697
517509147	43.0850874	-108.5186776
517663188	43.6393233	-108.2232396
517509202	43.2009594	-108.4480386
517510615	43.0415734	-108.3674997
517505566	42.8364235	-108.7453696
517505529	42.8333935	-108.7284696
503601947	20.9106866	-156.4042455
517509069	43.2148304	-108.5664846
517509820	43.0273734	-108.3970497
517505212	42.9820934	-108.4301097
517505103	42.7303435	-108.6276797
517510684	43.0305734	-108.3901397
517505600	42.8368035	-108.7554396
517510213	43.0588343	-108.3609397
517417178	41.1409834	-104.7950208
517509455	43.0268034	-108.4135397
517509537	43.0254234	-108.4099497
517510195	43.4595674	-108.1708957
502745603	38.3066960	-122.8424137
517509461	43.0267534	-108.4409297
517509697	43.0255134	-108.4157997
517510067	43.0339424	-108.3822017
517510622	43.0272234	-108.3858697
517662996	43.6055535	-109.8023493
517510060	43.0211394	-108.3607907
517792035	44.7532733	-108.7538693
517510323	43.0237934	-108.3850797
517505610	42.8206135	-108.7268596
517505536	42.8327135	-108.7221196
517509737	43.3296434	-108.5185296
517509871	43.1156634	-108.4028197
517505630	42.8343035	-108.7226496
517510587	43.0232834	-108.3826497
517505776	42.8293235	-108.7352796
517662817	43.5565352	-109.7038268
517509822	43.0256534	-108.4174697
517504556	42.7690433	-106.4014502
517504219	42.9831764	-108.5175687
517510560	43.0275734	-108.3858697
517510072	43.0296314	-108.3805567
517510575	43.0249934	-108.3760997
517510140	43.0289194	-108.3888747
517505892	42.8149335	-108.8110596
517508921	43.3427475	-109.2442444
502737835	38.3217550	-122.7365777
517505692	42.8372235	-108.7280096
517663073	43.5303535	-109.6330793
502812776	39.0977039	-108.6106502
517509287	43.0391362	-108.4004254
517510857	43.1901534	-108.2676697
517505640	42.8376535	-108.7526896
517509659	43.0249234	-108.4022797
517509487	43.1318134	-108.5120996
517509510	43.0216534	-108.4245497
517662665	43.5337495	-109.6322753
517509666	43.0309934	-108.4263497
517791416	44.7493453	-108.7575083
517509591	43.0198434	-108.4026597
514608184	43.5475725	-96.7032725
517505253	42.8334185	-108.7355296
517505953	42.8333235	-108.7337696
517509674	43.0259334	-108.4072497
517662647	43.5337125	-109.6289833
517505679	42.7950635	-108.7644896
517501829	42.8444233	-106.3253502
517506014	42.8302935	-108.7327496
517792071	44.7619733	-108.7508293
517509652	43.0344934	-108.4008297
514610156	43.5502925	-96.7236425
517506027	42.8327335	-108.7310196
517510389	43.0314334	-108.3744097
517509801	43.1061834	-108.4933196
517505545	42.8401835	-108.7445696
517509068	43.2148594	-108.5693386
517505301	42.8366595	-108.7375266
517509755	43.0351634	-108.4198797
517415650	41.1348634	-104.8163308
501227950	33.8831852	-118.2622488
517510847	43.0177134	-108.3697897
517510390	43.3047634	-108.3712496
517414684	41.1196134	-104.8297208
517662965	43.5379535	-109.6408693
517506022	42.8274335	-108.7343096
502813857	39.0672039	-108.5795402
517509399	43.2328234	-108.6233496
517509632	43.1335134	-108.4044497
517505804	42.8343535	-108.7386796
517509756	43.0273334	-108.4037297
517417233	41.1335234	-104.7886908
517509513	43.1920034	-108.6763396
517502926	42.8508933	-106.3341902
517509596	43.0243034	-108.3964797
503598881	20.8898916	-156.4666685
517510621	43.0254234	-108.3817997
517509722	43.1360834	-108.5344696
517508946	42.9973135	-108.7307606
517510415	43.0269734	-108.3872297
517509038	43.3444215	-109.1731305
517508943	43.0258515	-108.7798246
517510688	43.0105034	-108.3733097
517509157	43.0435694	-108.4301327
517510015	43.0247384	-108.3878527
517509489	43.0284734	-108.4552697
517510465	43.0397634	-108.3595797
517417245	41.1394134	-104.7906808
517505668	42.8285335	-108.7454796
517509478	43.0381134	-108.4519197
517508911	43.3184195	-109.2144265
517509186	43.0256384	-108.4133267
517663082	43.5120435	-109.5713593
517510580	43.0249934	-108.3884597
517509469	43.0352634	-108.4009897
517509115	43.1180814	-108.4598277
517510165	43.2115034	-108.2213507
517663028	43.5375635	-109.6382493
517506010	42.8335235	-108.7313496
517510005	43.0136644	-108.3705727
517509167	43.1234314	-108.5444756
513634562	40.0196469	-75.6648921
517510802	43.0320134	-108.3770097
517504543	42.9039371	-108.5837064
517505579	42.8301035	-108.7289796
517502347	42.9251333	-106.3444502
517663079	43.5311835	-109.6297593
517509329	43.3501635	-109.2577194
517502070	42.8495333	-106.3220802
517510843	43.0431334	-108.3535397
517510171	43.1473064	-108.2441617
517506068	42.8794235	-108.8041096
501220230	33.8747052	-118.2549688
503599370	20.8793166	-156.4654565
517504830	42.8866633	-106.4372001
517415746	41.1352034	-104.8189908
517662997	43.5332035	-109.6300193
517509404	43.2183634	-108.6233796
517417302	41.1402134	-104.7962408
517503558	42.7758133	-106.3943302
517505943	42.8617135	-108.7810996
517510738	43.1249034	-108.3130697
517505533	42.7720935	-108.7745196
517510633	43.0401634	-108.3812297
517505385	42.7811415	-108.7779186
517510877	43.1842134	-108.2095497
517506047	42.8367035	-108.7280196
517509032	43.2259014	-108.9529235
517663013	43.5475035	-109.6650593
517509865	43.0249134	-108.4058397
517506042	42.8127135	-108.7399796
517663007	43.5333635	-109.6318493
517510544	43.0314234	-108.3764497
517504488	42.5418675	-108.1819398
517662993	43.5484735	-109.6672793
517505932	42.8420435	-108.7453496
517509043	43.2257574	-108.9532415
517505135	42.8136535	-108.7083796
517509523	43.0260934	-108.4120597
517510482	43.0422034	-108.3891597
517505796	42.8259135	-108.7269896
517510636	43.0243234	-108.3825597
517509135	43.0700304	-108.5473686
517662933	43.5522435	-109.6677493
514609307	43.5390425	-96.7158525
517505245	42.8390145	-108.7399606
517510886	43.1346634	-108.2064597
517510169	43.1690614	-108.2867137
517662992	43.6714735	-109.9471492
517505809	42.8086635	-108.7498996
517510325	43.0251134	-108.3845497
517505369	42.8365365	-108.7416296
517663171	43.8248835	-110.3591991
517663054	43.5686235	-109.7157493
517509424	43.2388534	-108.6803896
517510197	43.4595674	-108.1708957
517509669	43.0270934	-108.4513897
517509785	43.0329734	-108.3991697
517509786	43.0429634	-108.4158897
517509076	43.2147324	-108.5321956
517510344	43.0222334	-108.3859497
517662955	43.5464735	-109.6618193
517663204	43.6651834	-108.4138996
517509385	43.1825634	-108.7340896
517505998	42.8508735	-108.7566296
517662923	43.7879736	-110.9585690
517791454	44.7596003	-108.7608143
517509858	43.0272734	-108.4006897
517505774	42.8375435	-108.7554396
517510664	43.0350634	-108.3709697
517417248	41.1367934	-104.7697508
517509434	43.2534634	-108.5991496
517505828	42.8444835	-108.7328196
517502242	42.8715843	-106.3300072
517510884	43.2452234	-108.1096197
517662983	43.5339535	-109.6382793
517417434	41.1381434	-104.7882808
517509671	43.0249134	-108.4032897
517506045	42.8327235	-108.7275996
517505321	42.8134265	-108.7346776
517509670	43.0639134	-108.4132697
517508974	43.0037135	-108.8810066
517510680	43.0221434	-108.3802197
517663010	43.5379735	-109.6536993
517510561	43.0249834	-108.3842197
517510130	43.0278784	-108.3905547
517505691	42.8346235	-108.7222196
517509696	43.2999234	-108.5373396
517509504	43.0298734	-108.4155497
517504789	42.8780633	-106.4205501
517663071	43.5343635	-109.6298093
517505490	42.8870545	-108.7910589
517506082	42.8337435	-108.7323796
517510020	43.0993044	-108.3670617
517503641	42.8221533	-106.3834202
503600350	20.8846066	-156.4591165
517510367	43.0952234	-108.3889997
517510297	43.0249934	-108.3875597
517510412	43.0260334	-108.3846397
517510558	43.0301034	-108.3780097
517791453	44.7501713	-108.7573893
517510747	43.0368534	-108.3815997
517662365	43.6318339	-108.2201398
517510675	43.1146634	-108.3184397
517509839	43.0345734	-108.4090897
517510715	43.0305334	-108.3651997
517505705	42.8340835	-108.7317196
517509106	43.0239604	-108.4065437
517509211	43.0363314	-108.4005547
517505643	42.8331935	-108.7298196
517503228	42.8737843	-106.3536302
517510332	43.1352734	-108.3206297
517505858	42.8512735	-108.7425896
517663051	43.5288735	-109.6331793
517509614	43.3265234	-108.5687396
517505352	42.8416415	-108.7455886
517510154	43.1855374	-108.2457667
517510141	43.0225354	-108.3769477
517504450	42.9057545	-108.5781777
517509805	43.0544034	-108.5158996
517505819	42.8342635	-108.7332596
517509887	43.1556434	-108.4158297
517505576	42.8445935	-108.7453696
517505915	42.8356535	-108.7446896
517509226	43.3226364	-108.4751256
517510506	43.0373534	-108.3917597
517506106	42.8302535	-108.7319896
517504278	42.9036003	-106.4555441
517509477	43.1604734	-108.5687796
517509856	43.0208034	-108.4026597
517509850	43.1543334	-108.3962697
517509604	43.0329734	-108.3991697
517662622	43.7343815	-110.0256552
517509216	43.0300284	-108.4191587
517509667	43.0149034	-108.4294597
517505177	42.8656135	-108.6398197
517662963	43.5333635	-109.6318493
517505210	42.9793134	-108.4380197
517505390	42.8313945	-108.7341236
517509692	43.0250034	-108.4521397
517505672	42.8817335	-108.7676196
517509797	43.0610434	-108.4016697
517505935	42.8355735	-108.7444496
517500081	42.8466833	-106.2152702
503109249	39.7527236	-105.2133208
517509728	43.0264034	-108.3987097
517505203	42.9859134	-108.4458797
502741703	38.3431670	-122.7783517
502812994	39.1070839	-108.6199602
517509663	43.0241634	-108.4050197
517505580	42.8274235	-108.7262096
517510012	43.0247384	-108.3878527
517510606	43.0185634	-108.3815497
517505741	42.8342135	-108.7346396
517509972	43.2892713	-107.6311408
517508979	43.0035705	-108.8821486
517505874	42.8064835	-108.7388596
517505615	42.8419335	-108.7436396
517505682	42.8775535	-108.8687896
517510894	43.1703434	-108.2118197
517509811	43.2053534	-108.5034396
517505211	42.9839634	-108.4356997
517509300	43.0391362	-108.4004254
517510095	43.0247204	-108.3832937
517510383	43.0255234	-108.3859197
517505913	42.8570635	-108.7173796
517510733	43.0243234	-108.3812797
517505836	42.8415335	-108.7451696
517390198	41.1394619	-112.0166862
517509703	43.0351634	-108.4198797
517414061	41.1355264	-104.8226308
517505106	42.7088135	-108.6441197
503108846	39.7407936	-105.1966008
517509681	43.0653534	-108.4072297
517663069	43.5332035	-109.6300193
517510091	43.0118464	-108.3804997
517509472	43.0381134	-108.4524797
514609417	43.5418525	-96.7173225
517505095	42.9020535	-108.5815397
517505977	42.8367435	-108.7361396
517505285	42.8329555	-108.7300096
517505332	42.8341705	-108.7303926
517505731	42.8219435	-108.7332296
517508933	43.0246345	-108.7732896
517662987	43.5334335	-109.6348593
517505738	42.8338435	-108.7362396
517510414	43.0091034	-108.3779297
517414132	41.1214224	-104.8308438
517510718	43.0240134	-108.3837097
517506026	42.8415335	-108.7451696
517509002	43.0054245	-108.8818386
517504594	42.7582833	-106.5170501
517510564	43.0181534	-108.3799797
517505501	42.6017736	-109.6260895
517510553	43.0260234	-108.3816997
517506119	42.8469735	-108.7658996
517510335	43.0374434	-108.3907497
517509343	43.5018335	-109.5407294
517505960	42.8088635	-108.7512496
517510762	43.0407734	-108.3860797
517509486	43.1363434	-108.4920296
517662948	43.5165035	-109.5965893
517508964	43.0002585	-108.9157596
517505930	42.8243035	-108.7298296
517509654	43.0298534	-108.4019697
517509417	43.2404934	-108.6719896
517505970	42.8301135	-108.7342396
517504250	42.8972663	-106.4639451
517505746	42.8354235	-108.7557096
517509161	43.1686474	-108.5495496
517792170	44.7545233	-108.7571393
517510104	43.0412594	-108.3805097
517504458	42.8465085	-108.6011907
517505129	42.8106235	-108.7089696
514499777	41.5476080	-82.8206677
517504999	42.9445233	-106.5533601
517663023	43.5166835	-109.5975693
517509626	43.1486634	-108.5317296
517510618	43.0379234	-108.3796797
517510555	43.0284034	-108.3734897
517505354	42.8809265	-108.8041056
517510822	43.0432134	-108.3685697
517510312	43.0408134	-108.3814297
517504482	42.6938695	-108.6799287
517505872	42.8807535	-108.8089696
517509296	43.0391362	-108.4004254
517506064	42.8259335	-108.7238096
517509320	43.2885435	-109.1415595
517505867	42.8330335	-108.7324196
517509723	43.0241634	-108.4050197
517509879	43.0251734	-108.4505097
517662424	43.6527233	-108.1974896
517505146	42.8603935	-108.7160296
517505238	42.8100005	-108.7201976
517663031	43.5345035	-109.6395993
517663000	43.5303335	-109.6323793
517506143	42.8333435	-108.7305396
517510722	43.0306834	-108.3854697
517505881	42.8328435	-108.7331696
517510428	43.0336734	-108.3883097
517662950	43.6299635	-109.8297593
517510644	43.0243234	-108.3837997
517509716	43.1844434	-108.4034997
517416818	41.1311634	-104.7979508
501227876	33.8785152	-118.2624088
517509760	43.0341334	-108.4007997
517510114	43.0366524	-108.3806917
517509824	43.0551534	-108.4523397
517509299	43.0391362	-108.4004254
503600288	20.8864466	-156.4593965
517509033	43.1465914	-108.6609966
517509875	43.0297334	-108.4146097
503109028	39.7483936	-105.2111608
517509687	43.0368934	-108.3941397
517510686	43.0254234	-108.3830297
517499217	42.8436833	-106.2382122
517505142	42.8624135	-108.6643796
517505689	42.8470135	-108.7726796
517662919	43.7763436	-111.0259590
517510760	43.1071234	-108.3852097
517508947	43.0258595	-108.7852356
517504401	42.7760113	-106.5993771
517662673	43.5337385	-109.6319483
517505693	42.7666935	-108.7914996
517509558	43.0342334	-108.3935797
501212254	33.8758952	-118.2501688
517510014	43.0290554	-108.3807137
517510605	43.0366434	-108.3829797
517505751	42.9674535	-108.7509996
517509544	43.0218234	-108.3979697
517505803	42.8339335	-108.7211496
517665623	44.3541191	-106.6934599
517510096	43.0996254	-108.3463797
517505381	42.8329965	-108.7356906
517510819	43.0322734	-108.3878897
517505709	42.8134835	-108.7391996
517509132	43.0850874	-108.5186776
517505484	42.8223162	-108.7332572
517505808	42.9442635	-108.7631196
517502494	42.8460533	-106.3309802
517509159	43.1698724	-108.4011777
517509421	43.2037834	-108.6432096
517506056	42.8299135	-108.7459796
517416048	41.1417254	-104.7974408
517663017	43.5351235	-109.6312893
502742206	38.3335650	-122.7744177
517509191	43.0265994	-108.3992437
517509397	43.2494534	-108.7080796
517510135	43.0284974	-108.3788317
517505826	42.8338835	-108.7416496
517509230	43.0952544	-108.5499766
517505760	42.8417635	-108.7452496
517505613	42.8265435	-108.7384196
517510166	43.2406974	-108.1126177
517510814	43.1208034	-108.3531497
517509876	43.0268934	-108.4143697
517510796	43.0204134	-108.3760697
503598927	20.8889969	-156.4645450
517504537	42.9771852	-108.5186052
517505551	42.8359935	-108.7378496
517509074	43.2437724	-108.6107506
517505538	42.8279235	-108.7224396
517509396	43.2112534	-108.6434796
517510809	43.0320034	-108.3855397
517505326	42.8320615	-108.7258766
517508996	43.0003365	-108.8783666
517505732	42.8280335	-108.7296196
517662767	43.6768474	-108.3775616
517509987	43.0320804	-108.3805507
517509312	43.0391362	-108.4004254
517505563	42.8407835	-108.7459896
517509557	43.2110334	-108.6726996
517505854	42.8477935	-108.8740196
517509526	43.0841034	-108.5145996
517508993	43.0003365	-108.8783666
517510249	43.0431834	-108.3823697
517505367	42.8333335	-108.7355616
517663004	43.5340135	-109.6315393
517509474	43.0309034	-108.4330497
517505933	42.8206135	-108.7268596
502742138	38.3385950	-122.7801077
517509893	43.1441434	-108.4252497
517510299	43.0260234	-108.3873197
517502608	42.8539533	-106.3346702
517510464	43.0348934	-108.3811497
517505633	42.8340835	-108.7317196
517505862	42.8376635	-108.7330096
517509221	43.0276284	-108.4564787
517505825	42.8356635	-108.7414896
517505949	42.8351235	-108.7422896
517509062	43.2433194	-108.7130146
517415658	41.1339834	-104.8142808
517509999	43.0382024	-108.3792147
517508906	43.3513065	-109.1994825
517509578	43.1230134	-108.4427997
517509872	43.0242934	-108.3973697
517505097	42.9000835	-108.5845297
517505624	42.8351335	-108.7366696
517414537	41.1333134	-104.8205408
517509242	43.0708764	-108.4837857
517505595	42.8352635	-108.7446196
517509633	43.0680834	-108.5498696
517509566	43.0242934	-108.3956897
517505032	42.8659733	-106.4038502
517662966	43.5334235	-109.6378193
517509433	43.2382734	-108.5495796
517509229	43.0257304	-108.4572427
517505878	42.8399435	-108.7172596
517662633	43.5336715	-109.6335853
517506122	42.7968335	-108.7643396
517509733	43.0616834	-108.4048697
517509828	43.0242434	-108.4158997
517505294	42.8422515	-108.7298846
517662971	43.5352435	-109.6405593
517417194	41.1361234	-104.7760008
517417032	41.1356694	-104.7715818
517509988	43.0339424	-108.3822407
517504468	42.8215345	-108.7164216
517508917	43.3724735	-109.2895644
517504509	42.9680164	-108.4131877
517416419	41.1445034	-104.7987508
517505707	42.8330635	-108.7291996
517510476	43.0254234	-108.3816097
517510237	43.4622233	-107.7496298
513634028	40.0225519	-75.6804491
517509060	43.2455054	-108.6904906
517504596	42.8382933	-106.5694101
517505649	42.8332935	-108.7279696
517505771	42.8343035	-108.7298696
517663057	43.5485735	-109.6341893
517501966	42.8484433	-106.3244202
502739738	38.3257550	-122.7584377
502740787	38.3243750	-122.7675677
517661620	43.6505493	-108.1998006
517505764	42.8482735	-108.7422996
517505268	42.8243715	-108.7368366
517509210	43.0013554	-108.3983037
517510861	43.1820234	-108.3370697
517505270	42.8767375	-108.7837786
517506081	42.8235835	-108.7637396
517509105	43.0850874	-108.5186776
517505208	42.9790334	-108.4357597
503600394	20.8864466	-156.4593965
517510439	43.0243234	-108.3844497
502742236	38.3505450	-122.7809377
517509742	43.0355834	-108.4009897
517509129	43.0246804	-108.4006007
517509844	43.0295834	-108.4585897
517505811	42.8328835	-108.7317196
517510720	43.0418734	-108.3661697
517510735	43.0960134	-108.3634897
517505864	42.8419735	-108.7273196
517505180	42.7803435	-108.6774697
517505685	42.8428835	-108.7455996
517662624	43.5399185	-109.4654524
517510037	43.0996254	-108.3463797
517505831	42.8457735	-108.7237396
517504330	42.9063913	-106.5139321
517510540	43.0222234	-108.3870697
517505972	42.8362935	-108.7340296
517509618	43.0571134	-108.3949297
517505976	42.8333235	-108.7361096
517505322	42.8829405	-108.7884696
517417060	41.1384014	-104.7939818
517510441	43.0159734	-108.3783397
517505678	42.8229035	-108.7304196
513633270	40.0019619	-75.6880091
517510566	43.0243234	-108.3812797
517509732	43.0583034	-108.5291196
517662741	43.5917086	-110.8128181
517410951	41.2630938	-110.9569494
517662939	43.5479935	-109.6614093
517504469	42.5579525	-108.1149708
517510274	43.0298534	-108.3841797
517428281	41.7354999	-111.8549271
517510098	43.0247804	-108.3877027
517504416	42.8971193	-106.4845271
517509402	43.2137734	-108.7289896
517510413	43.0353834	-108.3874697
517509400	43.2693534	-108.5698196
517510376	43.0852534	-108.3744597
517505999	42.8296535	-108.7381396
517509841	43.0981834	-108.5388596
502743066	38.3466450	-122.8064777
517505663	42.8359435	-108.7559396
517509045	43.1557164	-108.6950786
517505667	42.8385635	-108.7569296
517510046	43.0395704	-108.3780707
517427856	41.7352344	-111.8368289
517510050	43.0245574	-108.3620887
517510387	43.0937834	-108.3655697
517509574	43.0355734	-108.4023397
517510384	43.1296234	-108.3352097
517505123	42.8192735	-108.7125696
517505535	42.8445035	-108.7465996
517509862	43.0296534	-108.4200297
517509237	43.0323034	-108.4204997
517663077	43.5323935	-109.6304093
517500495	42.8566633	-106.3025302
517504470	42.8686065	-108.6458596
517505555	42.8243035	-108.7298296
517662936	43.5904435	-109.6326593
517510330	43.0301034	-108.3783497
517505140	42.8054235	-108.7154696
517499251	42.8378343	-106.2303232
517510157	43.3916634	-108.1588447
517505767	42.8331535	-108.7295996
502738857	38.3347850	-122.7417977
517662662	43.5681775	-109.7237533
517509414	43.2521034	-108.6916996
517509423	43.2249134	-108.7507496
517505282	42.5507785	-108.7275677
517662740	43.5500754	-108.8473155
517509665	43.0250934	-108.4178197
517505714	42.8366535	-108.7439296
502743129	38.3645850	-122.7976577
517509806	43.0344934	-108.4027397
517505246	42.8331315	-108.7223966
517417428	41.1372734	-104.7929908
517509565	43.0780534	-108.4905697
517510457	43.0232834	-108.3823697
517510041	43.0245104	-108.3878517
517510278	43.0229934	-108.3859697
517510503	43.1148134	-108.3572197
517505735	42.8771435	-108.7368396
517510828	43.0605834	-108.3814497
517510545	43.0333434	-108.3746597
517509301	43.0391362	-108.4004254
517510672	43.0238934	-108.3827497
517509223	43.0741864	-108.4908927
517510721	43.0417034	-108.3794397
517506043	42.8361835	-108.7601296
517509148	43.0705604	-108.4080157
517505387	42.8754905	-108.7857396
517510438	43.0263134	-108.3866197
517505355	42.8665755	-108.7780906
517510036	43.0949554	-108.3621477
517505564	42.8806435	-108.7284796
517432335	42.4541754	-107.5538360
517505101	42.8694135	-108.6815496
517509090	43.0263814	-108.4388527
517510455	43.1353734	-108.3015797
517662646	43.6022595	-109.7944543
517505562	42.8308235	-108.7428396
517421711	41.6169937	-109.2356297
517505677	42.7986535	-108.7617296
517506120	42.8359735	-108.7319996
517662995	43.5173435	-109.5893393
517415500	41.1350034	-104.8159408
517510883	43.1701934	-108.2961797
517505186	42.7717535	-108.6802397
517500498	42.8567233	-106.3014002
517508961	43.0043295	-108.8859696
517505181	42.7168535	-108.6402497
517510361	43.0243234	-108.3883997
517510638	43.0399334	-108.3795597
517509501	43.1447734	-108.4134097
517510126	43.0248134	-108.3847747
517510805	43.0312734	-108.3799097
517505136	42.7609035	-108.6511597
517508945	43.0259695	-108.7872096
517510885	43.1868334	-108.2038497
517506054	42.8360935	-108.7267396
517505812	42.8413635	-108.7451196
517510305	43.0305934	-108.3767597
517509739	43.0897034	-108.5436396
517505721	42.8478235	-108.7507196
517510520	43.0334534	-108.3897697
517509735	43.0329034	-108.4344997
503600389	20.8829366	-156.4552865
517662929	43.5787035	-109.4541294
517505897	42.8338535	-108.7277096
517504473	42.7908645	-108.6751987
517510010	43.0680324	-108.3809017
517509150	43.0850874	-108.5186776
517504453	42.9091155	-108.5809187
517665625	44.3541231	-106.6808339
517663040	43.5355435	-109.6394693
517505787	42.8331135	-108.7402996
517413253	41.1693804	-104.8408198
517509580	43.0209634	-108.4463197
517509676	43.0331734	-108.4411697
517509658	43.0404134	-108.4323797
502812699	39.1063767	-108.5962988
517509777	43.0174134	-108.4049597
517509617	43.0357434	-108.3941297
517504269	42.8768433	-106.4282671
517505288	42.8335355	-108.7388836
517506155	42.8110135	-108.8014296
517506011	42.8268035	-108.7169196
517504454	42.9091155	-108.5809187
517505698	42.8298635	-108.7330696
517663044	43.5334335	-109.6352793
517510447	43.0281034	-108.3898297
517505313	42.8332275	-108.7313026
517510494	43.0320234	-108.3817897
517662850	43.8416371	-110.5084043
517509193	43.0536044	-108.4502607
517505752	42.8239735	-108.7188196
517509812	43.0217234	-108.4444497
517508986	43.0041275	-108.8833886
502741714	38.3424620	-122.7783677
517509330	43.2976635	-109.2116795
517509238	43.1280204	-108.5227476
517510591	43.0397234	-108.3810397
517509590	43.0300134	-108.4149597
517662642	43.5346565	-109.6356483
517509529	43.0351634	-108.4198797
517509854	43.0807234	-108.5755896
517510768	43.0356334	-108.3860797
517509598	43.1818034	-108.4084197
517510811	43.0321834	-108.3711197
517506134	42.8316935	-108.7336196
517510829	43.0188534	-108.3883797
517510780	43.0176934	-108.3663197
517510277	43.0240134	-108.3837097
517510648	43.0374234	-108.3833797
517505761	42.8340335	-108.7371396
517509431	43.2476734	-108.6009796
517510101	43.0919344	-108.3276177
517509176	43.0653184	-108.4092987
517663025	43.5326435	-109.6292593
517502718	42.8557633	-106.3265302
517509643	43.0233534	-108.4118697
517509521	43.0351634	-108.4198797
517510318	43.0985334	-108.3279097
517509407	43.2176634	-108.6570496
517509569	43.1301234	-108.4551397
517508950	43.0035265	-108.8866886
517510498	43.0290834	-108.3722697
517509447	43.0351634	-108.3941297
517510565	43.0265734	-108.3866197
517510610	43.0943934	-108.3867297
503600154	20.8857566	-156.4584565
517510284	43.0379234	-108.3796797
517417433	41.1392034	-104.7783908
517509144	43.0298134	-108.4496667
517506089	42.8360935	-108.7267396
517505737	42.8365135	-108.7565196
517509985	43.0245944	-108.3833707
517505133	42.8112535	-108.7112296
517664762	44.3491551	-106.7050709
517509795	43.1784934	-108.4020997
517506152	42.8361335	-108.7436996
517510269	43.0188534	-108.3801997
517505359	42.8753375	-108.7292336
501210826	33.8745152	-118.2491688
517506085	42.8295035	-108.7418096
517505695	42.8336035	-108.7290296
517505990	42.8315735	-108.7434496
517509967	43.2675353	-107.6901468
517504172	42.8408133	-106.3713902
517510450	43.0224834	-108.3591097
517510062	43.0246764	-108.3877027
517509638	43.0268334	-108.4539997
517509577	43.0403434	-108.5078197
517505959	42.8441235	-108.7486796
517510595	43.0307634	-108.3835897
517509284	43.1924237	-108.7587362
517504265	42.6455333	-106.4249002
517510250	43.0324734	-108.3795397
517502650	42.8503533	-106.3278002
517509636	43.1396334	-108.4017297
517510338	43.0132634	-108.3785697
517510409	43.0332434	-108.3846397
501212307	33.8838852	-118.2511488
517510754	43.0396434	-108.3778597
517510271	43.0185634	-108.3815497
517505822	42.8371335	-108.7382796
517509280	43.1924237	-108.7587362
517509454	43.0651434	-108.4042097
503600813	20.8821576	-156.4520005
517510009	43.1231344	-108.3358417
517509710	43.0188434	-108.4502197
517510167	43.2301684	-108.1397857
517509436	43.2795634	-108.6291696
517505583	42.8233635	-108.7457696
517506112	42.8351035	-108.7418096
517510252	43.0229934	-108.3859697
517661743	43.6460783	-108.2110046
517663052	43.5370135	-109.6469493
517510660	43.0853634	-108.3688897
517505979	42.8861435	-108.7836696
517499271	42.8407603	-106.2317142
517509275	43.0461448	-108.8951172
517503466	42.8955033	-106.3486402
517510473	43.0369134	-108.3749197
517505175	42.8417535	-108.7093096
517510011	43.0195704	-108.3717667
517501328	42.8490103	-106.3252332
517509307	43.0391362	-108.4004254
517505553	42.8343235	-108.7299596
517505905	42.7622435	-108.7935596
517510639	43.0378734	-108.3745197
517505328	42.8332275	-108.7313026
517510290	43.0190234	-108.3759497
502812614	39.0954889	-108.5988412
517661723	43.7364403	-108.1585066
514609169	43.5492925	-96.7138025
517505383	42.8768665	-108.7946836
517510691	43.1003234	-108.3638197
517413269	41.1678154	-104.8417818
514609096	43.5470625	-96.7123125
517510324	43.0270634	-108.3896897
517510253	43.0285334	-108.3811197
517510582	43.0516634	-108.3859997
517506055	42.8366535	-108.7439296
517510092	43.0381944	-108.3713567
517510880	43.2358434	-108.1165897
517505272	42.7785275	-108.7714076
517505781	42.8267235	-108.7450096
517509212	43.0299984	-108.4496607
517505477	42.8223162	-108.7332572
501209524	33.8821822	-118.2486488
517508997	42.9915375	-108.8725476
517510137	43.0248834	-108.3806847
517510380	43.0408234	-108.3793297
517505947	42.8340335	-108.7423796
517504539	42.9771852	-108.5186052
517509200	43.0336734	-108.4172267
517504466	42.5416445	-108.1806258
517505805	42.8346135	-108.7401996
517510395	43.0285034	-108.3872397
517504200	42.8471333	-106.3753002
517663050	43.5173435	-109.5893393
517510444	43.0121034	-108.3781197
517504546	42.9842849	-108.4084767
517503151	42.8381633	-106.3411002
517501816	42.8594433	-106.3222502
517505871	42.8310635	-108.7170996
517510834	42.9967134	-108.3848897
517509751	43.3151434	-108.4804296
517504496	42.9027255	-108.5845367
517510410	43.0159734	-108.3783397
517505996	42.8326135	-108.7304296
517505941	42.8358135	-108.7399196
502812547	39.0868069	-108.5970632
517505171	42.6879835	-108.5748197
517504769	42.8889033	-106.4653601
517509102	43.1575044	-108.4001757
517504485	42.8142705	-108.7093736
517509073	43.3615664	-108.6006076
517510460	43.0260334	-108.3846397
517505286	42.8354145	-108.7202156
517504203	42.8457433	-106.3847902
517501296	42.8499743	-106.3238242
517414881	41.1709934	-104.8302108
517506149	42.8448735	-108.7487396
517505296	42.8279405	-108.7309486
517505870	42.8430435	-108.7403096
517505264	42.8311655	-108.7276756
517662730	43.6523456	-110.7110451
517510362	43.0222234	-108.3874497
517506038	42.8220335	-108.7320496
517509817	43.1250934	-108.4572997
517509243	43.0708764	-108.4837857
517421592	41.6117137	-109.2310597
517427085	41.7169839	-111.8376911
517510745	43.0315734	-108.3799097
517510647	43.0409934	-108.3891597
517509263	43.0461448	-108.8951172
517510399	43.0260334	-108.3903097
517509792	43.1187934	-108.4610597
517510864	43.1827634	-108.2973697
517510329	43.0318134	-108.3770097
517506053	42.8443635	-108.7470596
517510347	43.0232834	-108.3842997
517509098	43.0222584	-108.4040367
517509133	43.1078714	-108.5194166
517510430	43.0264534	-108.3916197
517508914	43.3172825	-109.2044385
517395515	41.1076542	-111.9700788
517509725	43.0285434	-108.4134097
517506057	42.8394135	-108.7384596
517510081	43.0195704	-108.3717667
517505902	42.8320135	-108.7328196
517505370	42.8325815	-108.7287706
502811756	39.1093539	-108.6289702
517505794	42.8333935	-108.7307596
517510057	43.0245944	-108.3833707
501226507	33.8782892	-118.2620448
517509766	43.1187934	-108.4610597
517510372	43.1144234	-108.3564297
517510867	43.1686934	-108.2591397
517662982	43.5364735	-109.6245793
517506003	42.8438135	-108.7465596
517509053	42.9944155	-108.7156356
517505191	42.7075335	-108.6834997
517510411	43.0316234	-108.3733497
517510103	43.3222864	-108.3171967
517505346	42.9263475	-108.7947646
517510134	43.0136004	-108.3736017
517509573	43.0218234	-108.3947097
517505968	42.8306835	-108.7294596
517506581	42.8807966	-109.9686584
517505098	42.9075035	-108.5803397
517510022	43.0245124	-108.3902527
517505167	42.8472335	-108.6840496
517508972	43.0028745	-108.8847986
517499220	42.8378343	-106.2303232
517509791	43.0228834	-108.4466397
517508930	43.0248825	-108.7741476
517665648	44.3448371	-106.6970799
517510613	43.1074734	-108.3464597
517510724	43.0511834	-108.3632097
517505350	42.8333125	-108.7355696
517510471	43.0175834	-108.3792797
517504404	42.7532723	-106.5203141
517505770	42.8334135	-108.7342196
517510548	43.0238934	-108.3838897
517505031	42.8668933	-106.4050602
517510713	43.0232734	-108.3896597
503600496	20.8836966	-156.4595265
517662658	43.5719185	-109.7965213
517508990	42.9915375	-108.8725476
517510820	43.0228434	-108.3869997
517510136	43.0224994	-108.3819647
517505312	42.8232505	-108.7302306
517505156	42.8567435	-108.6235797
517509078	43.2580154	-108.6546086
517415935	41.1255934	-104.8128708
503600551	20.8877366	-156.4631865
517505284	42.8422275	-108.7459856
517509655	43.1232834	-108.4880796
517417166	41.1342834	-104.7754208
517509867	43.0423934	-108.4109497
517505621	42.8397835	-108.7379596
517505671	42.8268035	-108.7403796
503601219	20.8858666	-156.4515565
517510334	43.0372434	-108.3810597
517504869	42.9679433	-106.5411901
513631753	39.9992519	-75.6985601
517509994	43.0234034	-108.3652037
517510490	43.0329034	-108.3872797
517505258	42.8331225	-108.7313456
517509419	43.2398734	-108.5920896
517510317	43.0113534	-108.3778697
517510525	43.0105034	-108.3733097
517506126	42.8266935	-108.7227796
517509759	43.0329734	-108.3991697
517509184	43.1480224	-108.5086636
517504143	42.8499333	-106.3813702
517505131	42.8821635	-108.6155197
517409614	41.2592398	-110.9672134
517510789	43.0325734	-108.3774997
517508958	43.0035595	-108.8817356
503600529	20.8911466	-156.4605465
517509969	43.2723343	-107.6905898
517505648	42.8485735	-108.7869196
517505386	42.8757745	-108.7856196
517509048	43.0234295	-108.7750336
517510550	43.0249834	-108.3837097
517510646	43.0243334	-108.3858297
517510608	43.0243434	-108.3854597
517510124	43.0366244	-108.3806917
517510862	43.2352334	-108.1110697
517510692	43.0232834	-108.3830197
517509092	43.0246734	-108.4014897
517505802	42.8647635	-108.7309396
517505378	42.8332215	-108.7318026
517504479	42.8354355	-108.6345677
517505602	42.8332535	-108.7186896
513633203	40.0234019	-75.6833091
517505636	42.8236235	-108.8200996
517505309	42.9445215	-108.7330896
517506004	42.8284435	-108.7362896
517510196	43.4595674	-108.1708957
517505521	42.9881035	-108.8791096
517505226	42.9826995	-108.7383366
517510353	43.0243234	-108.3825597
517505699	42.8302835	-108.7402696
517510260	43.0168634	-108.3601097
517505632	42.8438135	-108.7465596
517661706	43.6414333	-108.2041566
501220234	33.8761052	-118.2557788
517510632	43.0154934	-108.3803697
517505306	42.8332295	-108.7318406
517504534	42.9684438	-108.5300097
517506002	42.8342835	-108.7435896
517509650	43.0200334	-108.4022497
517509724	43.0341134	-108.4027397
517509603	43.1154434	-108.3965997
517509884	43.0299534	-108.4592497
517505923	42.8271035	-108.7241896
517509679	43.0242934	-108.3956897
517504486	42.8786025	-108.6197527
517791754	44.7548333	-108.7593793
517505295	42.8320615	-108.7258766
517510021	43.0355464	-108.3805417
502741446	38.3430750	-122.7645677
517504276	42.9314683	-106.5037001
517505476	42.8223162	-108.7332572
517510435	43.0252434	-108.3893697
517510423	43.0249834	-108.3826597
517506039	42.8339435	-108.7333396
517509555	43.0306934	-108.4369497
517662819	43.5565352	-109.7038268
517510038	43.0949554	-108.3621477
517510690	43.1079034	-108.3473097
517504246	42.9105673	-106.5140161
517509746	43.0252134	-108.4409897
517510452	43.0286434	-108.3888797
517662384	43.6318339	-108.2201398
517509464	43.0163534	-108.4391997
517393104	41.1137469	-111.9814782
517505249	42.8052195	-108.7575086
517509771	43.0365034	-108.4194097
517509441	43.0264034	-108.3995097
517510358	43.0300934	-108.3813397
517504198	42.8474233	-106.3801302
517505119	42.8597035	-108.6108197
517509616	43.0643234	-108.3987997
517505546	42.8577035	-108.7263596
517509420	43.2016734	-108.7186196
517510144	43.0223344	-108.3862187
517504388	42.8628093	-106.4034752
517510872	43.2353234	-108.1085397
517663075	43.5323935	-109.6304093
502814077	39.0840839	-108.5899502
517508912	43.3010995	-109.1800735
517414220	41.1387234	-104.8198908
517506021	42.8369935	-108.7463696
503109091	39.7435036	-105.1955208
517510106	43.3222864	-108.3171967
517509084	43.0850874	-108.5186776
517506007	42.8247435	-108.7382596
517510099	43.0876714	-108.3810087
517509599	43.0205534	-108.3949697
517509136	43.0246944	-108.4080187
517510153	43.1840244	-108.2471397
517662648	43.6384974	-109.3824204
517417397	41.1428134	-104.7861608
517509031	43.1454334	-108.6574376
517509816	43.0188734	-108.4022497
517510427	43.0219034	-108.3809197
517510053	43.0321404	-108.3807007
517510298	43.0228434	-108.3845297
517510394	43.0237934	-108.3852697
