sp_id	latitude	longitude
512213787	41.9422432	-103.8131309
517433788	42.0566232	-104.1480808
517503244	42.8749773	-106.3527692
517432979	42.0673672	-104.1842568
512210802	41.8797872	-103.6493509
517433036	42.0631902	-104.1843658
517499878	42.7635132	-105.3982504
512211425	41.8737132	-103.6575909
517433017	42.0710212	-104.1903038
517433758	42.0454942	-104.1460488
517432952	42.0314122	-104.2635178
517432713	42.2530272	-104.6237607
517509964	43.0249361	-104.7002305
517502636	42.8092033	-106.3449102
512211900	41.8884122	-103.6645669
517433482	42.1383165	-104.3568992
512210804	41.8685712	-103.6626049
512212850	41.9026432	-103.8548509
517417112	41.1628976	-104.7853689
517419575	41.9232072	-104.2472298
517433693	42.0597392	-104.1779088
512212681	41.9356412	-103.8004809
517503542	42.8121533	-106.3486402
512212292	41.8818332	-103.6774309
517433741	41.9569742	-104.1498488
512213865	41.9787232	-103.9507409
503059999	39.7489236	-104.9934109
517414287	41.1387234	-104.8198908
517433718	42.0612082	-104.1762118
517433056	42.0642912	-104.1888958
517419576	41.9353532	-104.2080048
517498929	42.7698461	-104.4524686
512211190	41.8668332	-103.6589009
517432853	42.1615272	-104.2877587
512213842	41.9783932	-103.9500009
517498819	42.7503061	-104.3997746
512211295	41.8680132	-103.6479709
512211813	41.8678052	-103.6629049
517433681	42.0306433	-104.9426406
517432865	42.0628802	-104.1842528
517433058	42.0650932	-104.1843848
517432840	42.0649972	-104.1826258
501981344	36.1540535	-94.0741240
517432839	42.0631122	-104.1826978
517433066	42.0640942	-104.1840078
517433765	42.0701152	-104.1700228
517433853	42.0632472	-104.1715998
501982813	36.1212935	-94.1185139
517415354	41.1354434	-104.8161108
511928843	41.2653227	-95.9493430
517433697	42.0642812	-104.1790638
512211740	41.8747992	-103.6804309
503059107	39.7460836	-104.9904509
517433756	42.0681792	-104.1761328
512212908	41.8969032	-103.7132509
517416063	41.1364744	-104.8051108
517498812	42.8308541	-104.3663306
517433163	42.0631822	-104.1816588
512213752	41.9463732	-103.8091809
517433558	42.0168641	-104.3217406
512212185	41.8207032	-103.6638009
517419712	41.6551236	-104.2118507
512210689	41.8226872	-103.6602269
512213864	41.9632632	-103.9259809
517419650	41.8566963	-104.4429528
517433204	42.0571562	-104.1843848
512213654	41.9949032	-104.0376898
512210751	41.8684522	-103.6441739
517432834	42.0730002	-104.1801028
517503083	42.8192533	-106.3406502
517433699	42.0601062	-104.1762338
517432873	42.0782222	-104.1871068
517433769	42.0623302	-104.1815008
517433212	42.0589192	-104.1845928
512212893	41.8717832	-103.9466309
517432798	42.1351572	-104.3454357
517503227	42.8774413	-106.3465072
517433696	42.0567502	-104.1682178
517432910	42.0736452	-104.2663078
512213640	41.9645412	-103.9221029
512212890	41.9324332	-103.9628209
517433763	42.0597392	-104.1779088
517414847	41.1736134	-104.8291108
517498976	42.8290767	-104.3325280
511930857	41.2600127	-95.9378030
517433028	42.0204332	-104.1895588
517414242	41.1301734	-104.8200708
517433159	42.0599832	-104.1911398
517502859	42.8581033	-106.3287202
512211330	41.8523632	-103.6581809
517415799	41.1321734	-104.8159108
517433835	42.0635092	-104.1790668
517433464	42.2052437	-104.5605703
517432769	42.1353542	-104.3454277
517498988	42.4804935	-104.1332005
512213875	41.9652432	-103.9145809
517419038	41.1775983	-104.0756859
512210938	41.8699582	-103.6464869
517433520	42.0168042	-104.2682710
517433167	42.1615272	-104.2877587
517419704	41.9362172	-104.1399966
517415280	41.1337734	-104.8163108
517433149	42.0635592	-104.1857878
517416570	41.1379834	-104.8109208
512210834	41.8667842	-103.5972680
517415500	41.1350034	-104.8159408
512210713	41.8246472	-103.6611119
517432992	42.0607822	-104.1844078
517413538	41.1913034	-104.8468607
517433008	42.0619142	-104.1842728
512211917	41.8856102	-103.6657359
512212886	41.9200832	-103.9701409
512210630	41.8269352	-103.6574849
517432832	42.0854992	-104.1893788
517432951	42.0789442	-104.1883318
517419645	41.8263603	-104.3244808
517432896	42.0664352	-104.1814998
517433526	42.0168042	-104.2681602
517433079	42.0640572	-104.1873488
517498991	42.6466242	-104.0939200
517419612	41.8530982	-104.0715758
512212651	41.9311162	-103.7743589
512213651	41.9645702	-103.9263469
512211847	41.8856102	-103.6657359
517432976	42.0641062	-104.1825808
517509960	43.0249361	-104.7002305
517415507	41.1339834	-104.8142808
517433772	42.0705812	-104.1710868
512211477	41.8499732	-103.6492909
512210986	41.8177463	-103.6622373
517432792	42.1403822	-104.3491587
501980587	36.1428445	-94.0951319
517433709	42.0585742	-104.1680678
517432930	42.0167832	-104.2868698
517413266	41.1678154	-104.8417818
517432870	42.0713212	-104.1816688
517433084	42.0866362	-104.1925938
517433508	42.1154838	-104.1880105
512212778	41.8839932	-103.9792009
517433175	42.0848532	-104.1914928
517433789	42.0621172	-104.1763518
517413253	41.1693804	-104.8408198
512213645	41.9704652	-103.8721929
517498831	42.7612841	-104.4440866
517498806	42.7609491	-104.4519986
517414066	41.1298164	-104.8231098
517419778	41.8638142	-104.3010105
512210859	41.8681142	-103.6487749
517419697	41.7469054	-104.3001578
517433713	42.0563772	-104.1471618
517432810	42.0747172	-104.4404107
517432880	42.0673432	-104.1828728
512212738	41.9338752	-103.7980056
512211053	41.8280432	-103.6608109
517433223	42.0625802	-104.1842398
512212458	41.8536132	-103.6767109
517415154	41.1339824	-104.8145558
517433727	42.0560312	-104.1682128
517433002	42.0746772	-104.1828168
517433843	42.0604752	-104.1681888
517432907	42.0599292	-104.1876578
517433503	42.1383136	-104.3569008
517416078	41.1341074	-104.8085648
512213648	41.9633402	-103.9254789
512213785	41.9846132	-103.7959109
512213571	41.9450732	-103.8195189
512211076	41.8270332	-103.6621709
517433010	42.0710212	-104.1903038
517432783	42.1381672	-104.3455307
512212540	41.8650432	-103.6666609
517433140	42.0633382	-104.1901048
512213655	41.9654412	-103.9220349
517432977	42.0629502	-104.1843868
517433130	42.0605662	-104.1844058
512211540	41.8618532	-103.6595709
517433708	42.0680102	-104.1721258
512212455	41.8636432	-103.6659409
512213614	41.9673612	-103.9263789
517433222	42.1020932	-104.2647088
517433038	42.0746152	-104.2320398
503058819	39.7444936	-104.9908309
512212552	41.8818332	-103.6774309
501980438	36.1238485	-94.1022109
512213643	41.9798952	-103.9310439
512213674	41.9653132	-103.9331129
517433505	42.1383136	-104.3569008
517433105	42.0750852	-104.1875898
517432641	42.0615433	-104.9636306
512211859	41.8726032	-103.6628809
512211002	41.8739663	-103.6581269
517433795	42.0570762	-104.1680718
512211246	41.8615732	-103.6595709
517433720	42.0558342	-104.1681378
517432966	42.0587302	-104.1881688
512211276	41.8605332	-103.6291209
517432890	42.0312832	-104.2607638
517433715	42.0356362	-104.1372368
517433021	42.0650992	-104.1858888
517419615	41.8321452	-104.0715258
512212773	41.9058132	-104.0466208
512212119	41.8259932	-103.6621609
517419667	41.9147052	-104.2958578
517416324	41.1355534	-104.8026708
517419320	41.6457263	-104.2599708
517432999	42.0710212	-104.1829188
517419702	41.7469054	-104.3001578
517432859	42.0784582	-104.1856478
512213576	41.9421482	-103.7884179
517433113	42.0713112	-104.1844158
517416344	41.1356334	-104.7995208
517433751	42.0689492	-104.1771488
517432789	42.1782582	-104.4389687
517419619	41.8264772	-104.1104408
517498949	42.6145011	-104.2023387
517414077	41.1372284	-104.8210628
517433141	42.0630022	-104.1840428
517433549	42.0168042	-104.2681602
511930855	41.2600127	-95.9378030
517432906	42.0388872	-104.2083778
517413388	41.1269634	-104.8325108
517432945	42.0590052	-104.1844028
517433009	42.0873392	-104.1923468
517510923	43.2197969	-104.6121594
517419600	41.9241752	-104.2471498
512211768	41.8530262	-103.6752669
517498947	42.4802902	-104.1452797
512213524	41.9990442	-104.0474928
512213612	41.9625252	-103.9275749
517433154	42.0651072	-104.1826928
517433011	42.0499312	-104.1842078
512211467	41.8722132	-103.6527109
517433852	42.0624392	-104.1750478
512211433	41.8811832	-103.6432009
517422038	41.5793147	-109.2637657
512212125	41.8082832	-103.6742109
517433216	42.0691472	-104.2033118
512211457	41.8722132	-103.6527109
512210687	41.8218092	-103.6602099
511930847	41.2600127	-95.9378030
517433169	42.0709752	-104.2228778
517433037	42.0736452	-104.2663078
517433777	42.0689092	-104.1714228
501981704	36.1176035	-94.1096439
517432787	42.1744452	-104.4737387
517419652	41.8274732	-104.2602938
517433489	42.1383165	-104.3568992
517433182	42.0473452	-104.1840408
517503466	42.8955033	-106.3486402
517499988	42.7633932	-105.4009804
517433179	42.0738012	-104.1828838
512210686	41.8246452	-103.6606999
512213613	41.9582762	-103.8914939
517433780	42.0610712	-104.1690298
512212656	41.8657292	-103.7354589
517433224	42.0661472	-104.1830048
512211410	41.8654332	-103.6480709
512212533	41.8632032	-103.6663909
517433834	42.0552852	-104.1666298
517415492	41.1339834	-104.8142808
512211084	41.8240232	-103.6598509
512211378	41.8645432	-103.6590109
517433528	42.0607233	-104.1842591
512213834	41.9997432	-104.0356508
512212810	41.9140632	-103.7441509
517502737	42.8084433	-106.3453902
512211874	41.8738092	-103.6766379
517419835	41.5551333	-104.2523908
512212885	41.8772432	-103.9470309
512210703	41.8182572	-103.6433209
517504053	42.8121633	-106.3515802
517432965	42.0640922	-104.1841658
517433203	42.0950962	-104.2355698
512212293	41.8638132	-103.6617309
517433158	42.0650982	-104.1859908
517503440	42.9860633	-106.3663801
517433855	42.0703272	-104.1789798
512212500	41.8650432	-103.6659509
517432927	42.0746042	-104.1859428
512211736	41.8727962	-103.6766489
517419593	41.9353272	-104.2081518
512211144	41.8390732	-103.6592809
517432916	42.0640662	-104.1842368
517502263	42.8584713	-106.3331372
517433131	42.0641242	-104.1842368
517432947	42.0661482	-104.1816448
517499589	42.8481833	-106.2735002
517416339	41.1377434	-104.7983708
512213722	41.9992235	-103.7755906
517433164	42.0736452	-104.2663078
517433553	42.0607233	-104.1842591
517432978	42.0617602	-104.2029738
517432824	42.0640662	-104.1842368
517433091	42.0854992	-104.1893788
512212731	41.8713941	-104.0131268
517415525	41.1358634	-104.8136908
517433516	42.0607233	-104.1842591
512212674	41.9034282	-103.7940909
517433227	41.9440512	-104.3641218
517433045	42.0649952	-104.1823638
503055369	39.7414436	-104.9877709
512212808	41.8909832	-103.7620909
517419589	41.9144042	-104.1691078
517433548	42.0607233	-104.1842591
512212939	41.8905432	-103.7051309
517433782	42.0580652	-104.1699198
517433832	42.0558342	-104.1681378
517432817	42.0694292	-104.1803058
512212558	41.8640832	-103.6636209
517432799	42.1373272	-104.3475467
517418197	41.0714570	-104.3613877
517433101	42.0590052	-104.1844028
512211156	41.8416732	-103.6577409
517415123	41.1339824	-104.8145558
517419592	41.9144662	-104.2273508
512211453	41.8822432	-103.6553809
517432878	42.0605122	-104.1844058
517419586	41.9352352	-104.2080048
512212826	41.9305732	-103.8457009
517433099	42.0660772	-104.1846328
517413223	41.1764894	-104.8379348
517433537	42.0607233	-104.1842591
517416394	41.1364034	-104.8046608
512213816	41.9725832	-103.7657809
517433743	42.0687992	-104.1714178
517433694	42.0687962	-104.1722908
517419326	41.5973413	-104.3632098
512211307	41.8662632	-103.6446009
517498845	42.7538831	-104.4516586
517432803	42.1372292	-104.3474007
517433787	42.0611332	-104.1762128
517414398	41.1319134	-104.8212908
517498990	42.4804935	-104.1332005
517432774	42.1394472	-104.3454787
517502259	42.8099773	-106.3436422
517433704	42.0624262	-104.1737408
512210985	41.8177463	-103.6622373
512211369	41.8896132	-103.6603009
512212766	41.8722632	-104.0147309
517433076	42.0632972	-104.1842198
517433042	42.0796772	-104.1874098
517432983	42.0652312	-104.1903698
517498946	42.4805632	-104.1346107
517433081	42.0613822	-104.1818518
512211112	41.8234732	-103.6600109
517433195	42.0659352	-104.1916938
512210794	41.8672872	-103.5972600
517433465	42.2052437	-104.5605703
517433210	42.0710212	-104.1829188
517432711	42.2530272	-104.6237607
517433804	42.0659832	-104.1737228
517433213	42.0710212	-104.1903038
512213686	41.9634442	-103.9177719
517433555	42.0168042	-104.2681602
517432768	42.1404902	-104.3487967
512211869	41.8884122	-103.6645669
517432767	42.1345082	-104.3455837
517433116	42.0652982	-104.1856478
517433817	42.0616682	-104.1725998
512211044	41.8090032	-103.6403110
517433698	42.0596952	-104.1778068
517432888	42.0644722	-104.1843848
512213597	41.9425992	-103.8249469
517432923	42.0508252	-104.1842248
517419319	41.6633263	-104.3111328
517433173	42.0641052	-104.1824238
517415381	41.1331434	-104.8188008
512213689	41.9699462	-103.9336989
517433177	42.0639832	-104.1841368
517433757	42.0613062	-104.1777288
517499558	42.8397033	-106.2720102
517432968	42.0836922	-104.1954638
517419703	41.9362172	-104.1399966
517502304	42.8665873	-106.3417702
517433483	42.1383165	-104.3568992
517433144	41.9581362	-104.2142688
512211297	41.8722132	-103.6527109
517432784	42.1351172	-104.3455837
517433303	42.0554063	-104.9525536
512213656	41.9623352	-103.9262929
512213739	41.9620032	-104.0454808
517432786	42.1025942	-104.3805077
517433168	42.0610402	-104.1878368
512210888	41.8684152	-103.6474319
512211884	41.8739562	-103.6681839
517433049	42.0590522	-104.1871128
517433700	42.0664432	-104.1748248
517433109	42.0786712	-104.1862878
512210739	41.8651502	-103.6611629
517433119	42.0634462	-104.1897328
517433187	42.0842562	-104.1922108
517433135	42.0649972	-104.1826528
517432973	42.0690302	-104.1889478
517414881	41.1709934	-104.8302108
512211377	41.8692532	-103.6367209
517417033	41.1367744	-104.7956078
517433019	42.0661472	-104.1830048
512212260	41.8770032	-103.6760509
517419590	41.9144042	-104.1691078
512211717	41.8538602	-103.6655249
517432763	42.1360002	-104.3455307
517433703	42.0604152	-104.1681898
517432770	42.1361292	-104.3453827
517416230	41.1603614	-104.8062958
517433515	42.0168042	-104.2681602
517433121	42.0863132	-104.1933478
517432957	42.0635642	-104.1857868
512212298	41.8545532	-103.6667909
517500429	42.8769133	-106.2998702
517433494	42.1383165	-104.3568992
517432813	42.0313022	-104.2635338
512211102	41.8442032	-103.6600209
517419581	41.9144662	-104.2273508
517413566	41.1696534	-104.8418908
517419642	41.8636132	-104.3004438
512212306	41.8848332	-103.6662609
512213860	41.9573032	-103.8780609
512211681	41.8884122	-103.6645669
517498909	42.7584071	-104.4456976
517432986	42.0871562	-104.1941068
512210947	41.8741212	-103.6423929
512211392	41.8717532	-103.6525509
517432963	42.0640952	-104.1859958
517432708	42.2530272	-104.6237607
512211412	41.8614432	-103.6597309
517433702	42.0641082	-104.1748918
512212356	41.8630832	-103.6750209
517432935	42.0642212	-104.1843848
517414590	41.1308734	-104.8217308
517432771	42.1339462	-104.3453277
517433523	42.1175338	-104.2154002
517433129	42.1200972	-104.1893208
517498813	42.7623411	-104.4522116
512211221	41.8727032	-103.6528309
517433047	42.0736452	-104.2663078
512211301	41.8794632	-103.6544709
512211310	41.8703332	-103.6544509
517432886	42.0599292	-104.1893378
517433845	41.9569742	-104.1498488
512213646	41.9634382	-103.9265439
512212701	41.8880642	-103.7048119
517432950	42.0604232	-104.2036358
517498795	42.9444411	-104.3648406
517433570	42.0022239	-104.3640304
512211007	41.8274832	-103.6608009
512211300	41.8828932	-103.6502109
517432822	42.0723522	-104.1856688
517433736	42.0599062	-104.1782958
517502581	42.8103933	-106.3444902
517416934	41.1653134	-104.8001208
501980464	36.1252085	-94.0954449
517433497	42.1383136	-104.3569008
517419701	41.7469054	-104.3001578
517433176	42.0661482	-104.1816448
517419268	41.7554033	-104.8234747
517432879	42.0632782	-104.1830188
517433156	42.0772182	-104.1835998
517419595	41.8328102	-104.1104298
512211927	41.8884122	-103.6645669
512211098	41.8274832	-103.6608009
517432933	42.0613652	-104.1843378
512212494	41.8840132	-103.6687609
517433032	42.1615272	-104.2877587
512213857	41.9645132	-103.9309509
512211393	41.8800232	-103.6521509
517433858	42.0640312	-104.1669568
517419337	41.6367773	-104.1677398
517432825	42.0651052	-104.1812668
517433793	42.0356362	-104.1372368
512211794	41.8510552	-103.6753399
517503892	42.8153433	-106.3456502
512213873	41.9632632	-103.9259809
517432694	42.2109742	-104.5178317
517433836	42.0746792	-104.1784638
512210588	41.8217992	-103.6186320
512212840	41.9412832	-103.8091009
517433162	42.0653632	-104.1903828
517419669	41.8713242	-104.3248068
517433487	42.1383136	-104.3569008
512211124	41.8182832	-103.6421510
512210670	41.8228932	-103.6469699
512212878	41.8718432	-103.8696109
517432881	42.0592052	-104.1871128
517432918	42.0641242	-104.1843848
512213652	41.9624682	-103.9262939
512210698	41.8299692	-103.6555329
517499340	42.7578602	-105.3980054
512211536	41.8873132	-103.6579509
517499756	42.8445633	-106.2695802
517433122	42.0312632	-104.2579298
517417858	41.1622834	-104.7837608
517415497	41.1331434	-104.8188008
517432781	42.1351972	-104.3455837
512210787	41.8738992	-103.6625759
517433228	42.0022632	-104.3445398
517432993	42.0746152	-104.2320398
512211941	41.8704172	-103.6755439
517433547	42.0607233	-104.1842591
517432987	42.0632432	-104.1843668
517433225	42.0630022	-104.1841708
517433188	42.0868512	-104.2025148
517499617	42.8472033	-106.2737802
517433200	42.0771232	-104.1883268
512211878	41.9202482	-103.6887789
517433229	42.0022632	-104.3445398
517419646	41.8876753	-104.4012388
512210621	41.8295352	-103.6604769
512213775	41.9479132	-103.8098709
517433525	42.0607233	-104.1842591
512211458	41.8672032	-103.6379709
517498898	42.7698461	-104.4524686
517432835	42.0642592	-104.1888968
517421037	41.5807807	-109.2601997
512211750	41.8632822	-103.6626749
512213741	41.9502432	-104.0452808
512211277	41.8586132	-103.6370909
517432998	42.0856182	-104.1917458
512211051	41.8359432	-103.6598609
517432816	42.0639862	-104.1859668
517433811	42.0663002	-104.1761588
512212857	41.8678632	-103.7369009
517422839	41.5790537	-109.2628197
517419621	41.9241832	-104.2471498
517419596	41.8563252	-104.0527998
517499842	42.8436833	-106.2707402
503062947	39.7456736	-104.9970509
512212633	41.8975722	-104.0052309
517432709	42.4071672	-104.6064676
517416347	41.1338034	-104.7966608
512211661	41.8671792	-103.6726899
517432828	42.0773342	-104.2246268
517433746	42.0600272	-104.1786348
517433533	42.0168042	-104.2681602
517510912	43.3034411	-104.5845105
512212265	41.8677932	-103.6745509
517419699	41.7469054	-104.3001578
512213525	41.9965062	-104.0471618
517432937	42.0631902	-104.1843658
512212707	41.9117152	-103.7110539
512212856	41.9066432	-103.8185109
517432693	42.2129392	-104.5176837
517418039	41.1577644	-104.4653688
512211209	41.8525332	-103.6497309
517433827	42.0628492	-104.1669528
512212284	41.8730432	-103.6778709
512212642	41.9149042	-104.0347688
512212884	41.9319732	-103.9461709
512211618	41.8213492	-103.6656959
517418222	41.1388034	-104.4139409
517433738	42.0651032	-104.1777008
517419618	41.9352352	-104.2080048
512211443	41.8786032	-103.6568009
512211136	41.8171232	-103.6549909
517433155	42.0560552	-104.1843848
517419587	41.9352302	-104.2080048
517414310	41.1387234	-104.8198908
517433192	42.0643952	-104.1843848
517415557	41.1407534	-104.8157508
517433818	42.0436352	-104.1794778
517499729	42.8523333	-106.2716802
517502468	42.8101633	-106.3445702
512210916	41.8699582	-103.6464869
512213685	41.9634362	-103.9261559
512213751	41.9800632	-103.7745909
517503109	42.8218533	-106.3406402
517498830	42.7650831	-104.4446056
517433766	42.0546652	-104.1425808
517498986	42.7267171	-104.7159963
517433826	42.0676522	-104.1747948
517433085	42.0168052	-104.2791978
517419331	41.6515613	-104.4012738
517433018	42.0660782	-104.1844978
517432943	42.0761182	-104.1851088
517432942	42.0607292	-104.1842598
517433776	42.0621442	-104.1738928
517433087	42.0652622	-104.1843868
517433865	42.0463636	-104.1806299
512210639	41.8163762	-103.6432890
517415395	41.1341934	-104.8151508
517414879	41.1716834	-104.8307308
517433784	42.0741482	-104.1815268
517433828	42.0610712	-104.1689428
517432837	42.0562802	-104.1843848
517419647	41.9285372	-104.3623788
512212447	41.8794432	-103.6722409
512211024	41.8249132	-103.6607509
517433786	42.0611262	-104.1698078
512211274	41.8644432	-103.6373509
517432868	42.0849252	-104.1905518
517433752	42.0641212	-104.1784928
517432991	42.0603382	-104.1910658
512212400	41.8806832	-103.6761809
512212891	41.9153332	-103.9293109
517433094	42.0672852	-104.1830208
512212296	41.8594532	-103.6781509
512211139	41.8220732	-103.6461209
512212775	41.9144232	-103.9866309
517433725	42.0633582	-104.1777358
517415829	41.1353834	-104.8149308
517433090	42.1175882	-104.2540218
517432796	42.1360002	-104.3455307
517433748	42.0561002	-104.1682138
517419775	41.8856044	-104.1106600
512211663	41.8884122	-103.6645669
517432959	42.0590052	-104.1844028
517419324	41.6401423	-104.3437648
517433068	42.0632392	-104.1828718
512212677	41.9034282	-103.7940909
517432875	42.0692032	-104.1803038
512210862	41.8651512	-103.6611359
517433711	42.0498002	-104.1764598
512213574	41.9628502	-103.7932019
512212647	41.9176122	-104.0360378
517498809	42.7475421	-104.4905996
517433790	42.0611592	-104.1775318
503055387	39.7408436	-104.9881209
512212888	41.8960232	-103.9476909
512210814	41.8668862	-103.5929510
517498970	42.5509833	-104.5097608
512212394	41.8725832	-103.6674609
517510919	43.4737641	-104.4868925
517432831	42.0849972	-104.1937238
517501038	42.8400733	-106.2746002
517433086	42.0666302	-104.1932618
517432703	42.4071672	-104.6064676
517432900	42.0498462	-104.1842008
517417003	41.1598334	-104.8068808
512211573	41.8791732	-103.6509409
517433211	42.0832782	-104.1992668
512210890	41.8666152	-103.6626049
517416960	41.1635934	-104.8085008
517432779	42.1368502	-104.3496417
517433813	42.0498002	-104.1757118
517433080	42.0630022	-104.1840168
517433767	42.0507782	-104.1776218
512212578	41.8687032	-103.6638009
512212835	41.8862032	-103.8458909
517433133	42.0655472	-104.1900918
517432778	42.1369602	-104.3497147
517498890	42.7627011	-104.4519876
512212920	41.9003232	-103.7094709
517433069	42.0632182	-104.1842188
517419318	41.9289642	-104.1468998
517498843	42.6967591	-104.4380626
517432850	42.0593272	-104.1844028
517419664	41.7844653	-104.2663608
512212882	41.9085832	-103.9623409
517433701	42.0641142	-104.1790618
517433217	42.0643182	-104.1843848
517498794	42.6956681	-104.4379216
517433517	42.0168042	-104.2681602
512211328	41.8515732	-103.6525109
517432805	42.1352482	-104.3475627
517419695	41.7469054	-104.3001578
517433507	42.0168042	-104.2681602
517498886	42.7636711	-104.4521146
517433061	42.0663562	-104.1828608
517419665	41.9168293	-104.4788367
517415862	41.1389134	-104.8143408
517498849	42.7565431	-104.4519326
517432701	42.2127862	-104.5177577
512211157	41.8202032	-103.6593209
512212226	41.8869632	-103.6686609
517433773	42.0492532	-104.1778898
517414875	41.1786634	-104.8308808
512212759	41.8895032	-104.0387708
517419710	41.6551258	-104.2118456
517419603	41.8199142	-104.1106798
517419591	41.9144042	-104.1691078
512211665	41.8622932	-103.6628019
517433546	42.0168042	-104.2681602
517501751	42.8335133	-106.3256602
517432841	42.0614272	-104.2004498
517419336	41.6322473	-104.1639269
517433721	42.0446702	-104.1459838
512212371	41.8675632	-103.6807309
512211046	41.8479332	-103.6609209
517416440	41.1338834	-104.8099108
512211922	41.8634752	-103.6628209
517433219	42.0769392	-104.1833028
517433717	42.0596442	-104.1700998
512212409	41.8733932	-103.6729009
517432944	42.0644382	-104.1888908
517502312	42.8094713	-106.3438412
517419583	41.8854462	-104.1107278
517433791	42.0573022	-104.1664048
517432827	42.0651502	-104.1842378
517433048	42.0630112	-104.1842238
512212660	41.9392702	-103.8085859
517433161	42.0683652	-104.2017918
517433778	42.0573082	-104.1657738
517419577	41.9143952	-104.1285388
517432762	42.1352482	-104.3475627
512210994	41.8580834	-103.6547106
512212802	41.8776332	-103.8180109
517433529	42.0168144	-104.2734399
517433067	42.0659682	-104.1844968
517432772	42.1351572	-104.3455837
501981305	36.1439935	-94.0838440
517433806	42.0601062	-104.1762338
517433027	42.0631402	-104.1842168
517419614	41.8459632	-104.1300768
517419661	41.9147052	-104.2958578
517432849	42.0508252	-104.1842248
517433052	42.0640562	-104.1871318
517433572	42.0022239	-104.3640304
517432974	42.0664352	-104.1842528
517433126	42.0546952	-104.1843878
517413254	41.1691094	-104.8366958
517433847	42.0260452	-104.1734068
517416379	41.1425334	-104.7987108
512212815	41.9239332	-103.8528409
517433001	42.0632592	-104.1830188
512211445	41.8838432	-103.6524209
517432961	42.0641752	-104.1888988
517432863	42.0884362	-104.2428838
517432833	42.0631402	-104.1842168
512212631	41.9174582	-104.0392048
512211730	41.8632632	-103.6626759
512212008	41.8152732	-103.6731109
517432874	42.0352642	-104.2120278
517433102	42.0679672	-104.2008228
517432862	42.0606472	-104.1844068
517433521	42.1175338	-104.2154002
517419323	41.5937553	-104.3668638
517413648	41.1692834	-104.8319308
517433544	42.0168042	-104.2681602
517433754	42.0094242	-104.1107588
512211678	41.8565492	-103.6753359
512212883	41.8717832	-103.9466309
512212900	41.8715232	-103.6933209
512211284	41.8792632	-103.6447609
517433561	42.0022239	-104.3640304
517433470	42.2052437	-104.5605703
517432852	42.0632782	-104.1830188
517414220	41.1387234	-104.8198908
517433098	42.0651082	-104.1828618
517433196	42.0719962	-104.1877498
512211790	41.8658202	-103.6626589
517415034	41.1354044	-104.8141658
517433189	42.0773032	-104.1830608
517433564	42.0022239	-104.3640304
512210851	41.8624152	-103.6613629
517419322	41.6541013	-104.3005608
512212007	41.8166732	-103.6705809
517433082	41.9581372	-104.2160538
517433716	42.0640292	-104.1690638
517498823	42.7610621	-104.4520046
512212351	41.8583132	-103.6879109
517433857	42.0694322	-104.1791368
517433492	42.1383136	-104.3569008
517499576	42.8519333	-106.2734102
517413617	41.1837334	-104.8424007
512210892	41.8683572	-103.5927890
517433499	42.1383136	-104.3569008
517432790	42.1783592	-104.4394287
517433719	42.0437422	-104.1756948
517432791	42.1744452	-104.4737387
517433849	42.0470512	-104.1806348
512212722	41.8879172	-103.7143979
517433206	42.0692662	-104.1871528
517433185	42.0736452	-104.2663078
517433825	42.0652422	-104.1790648
512212904	41.9157932	-103.7067409
517432801	42.1360922	-104.3455307
517432854	42.0746012	-104.1857808
517432898	42.0670692	-104.1873558
517419670	41.7844653	-104.2663608
512212892	41.9150232	-103.9594809
517432901	42.0756572	-104.1861158
517433012	42.0845902	-104.1921678
517414093	41.1326674	-104.8182618
517433740	42.0697192	-104.1716048
517433117	42.0699972	-104.2055928
503058841	39.7469736	-104.9905109
512213872	41.9666832	-103.8944609
517419673	41.7844653	-104.2663608
517498948	42.4804432	-104.1586627
517433490	42.1383136	-104.3569008
517422674	41.6711937	-109.2675797
512212257	41.8866732	-103.6641909
512212559	41.8795832	-103.6750109
517432908	42.0600262	-104.1844028
517432909	42.0642632	-104.1888958
512211116	41.8190632	-103.6598709
517433075	42.0644672	-104.1828608
517510902	43.2519491	-104.5604775
517502347	42.9251333	-106.3444502
517419666	41.9168842	-104.3001098
512213736	41.9793848	-103.9504458
517433848	42.0661082	-104.1727008
517433750	42.0663252	-104.1693528
512211708	41.8738782	-103.6687269
517433150	42.0643202	-104.1887468
517432892	42.0732842	-104.1816748
517419649	41.8418602	-104.1626958
512212932	41.8670532	-103.6931909
517415746	41.1352034	-104.8189908
512213833	41.9694232	-103.9324609
512211062	41.7962332	-103.6192210
517498774	42.7794312	-104.6179646
517433522	42.0168042	-104.2681602
517419329	41.6808323	-104.1442988
517419599	41.9144662	-104.2273508
517433467	42.2052437	-104.5605703
512210754	41.8525442	-103.6530379
512212877	41.9016232	-103.8192709
517432794	42.1033162	-104.4400877
517419316	41.7809533	-104.2609578
512211785	41.8614692	-103.6626469
512213839	41.9498832	-103.9902408
517432777	42.1349982	-104.3426597
517432891	42.0757822	-104.1862218
517419693	41.7469054	-104.3001578
517433071	42.0632432	-104.1843668
517433770	42.0470612	-104.1445628
517433531	42.0168042	-104.2681602
512213558	41.9428712	-103.8063869
517433033	42.0747962	-104.1872028
517415771	41.1306234	-104.8186608
512212413	41.8778632	-103.6760209
512212210	41.8667332	-103.6768809
517432820	42.1464762	-104.2305868
517433118	42.0735752	-104.1830288
517414432	41.1317634	-104.8276208
501982804	36.1253735	-94.1182239
512213653	41.9670742	-103.9242269
517500339	42.8532654	-106.2813190
512210827	41.8678582	-103.6422369
512213668	41.9686042	-103.9502089
517503222	42.8672753	-106.3634742
501981796	36.1328835	-94.1158439
512211798	41.8541852	-103.6686939
517500031	42.7567132	-105.3973304
512211860	41.8678052	-103.6629049
517502296	42.8096593	-106.3437672
512211143	41.8353132	-103.6598209
517433538	42.0168042	-104.2681602
512213691	41.9634482	-103.9277219
517433792	42.0647212	-104.1737048
517433469	42.2052437	-104.5605703
503059917	39.7489236	-104.9934109
512210906	41.8748672	-103.6528609
517433706	42.0497852	-104.1776878
517419604	41.9144042	-104.1691078
517419582	41.9144042	-104.1691078
517432985	42.1174742	-104.2512898
517502724	42.8608133	-106.3364402
517498894	42.7595161	-104.4519216
517433739	42.0620102	-104.1726428
517433181	42.0640952	-104.1860488
517432964	42.0607292	-104.1842598
517433796	42.0596542	-104.1777078
512212789	41.8901232	-103.8375809
517432931	42.0871852	-104.1941868
517433190	42.0643372	-104.1842368
512212313	41.8624232	-103.6611009
517432972	42.0690442	-104.1844028
517419332	41.6435683	-104.2812778
517433563	42.0022266	-104.3640294
517498790	42.7542581	-104.4447976
517432807	42.1325032	-104.3461697
517501031	42.8485933	-106.2724402
512211140	41.8130732	-103.6517109
517432797	42.1359292	-104.3439967
517433165	42.0651672	-104.1857938
501979854	36.1189135	-94.0414940
517433554	42.0168042	-104.2681602
512211110	41.8238732	-103.6599509
512210860	41.8663802	-103.5921670
517432919	42.0649892	-104.1858738
517433556	42.0168042	-104.2681602
517498868	42.7595961	-104.4507496
517433831	42.0491962	-104.1777858
517498793	42.7637211	-104.4522656
517433710	42.0621172	-104.1763518
517415587	41.1379134	-104.8182308
517433198	42.0456842	-104.1838678
512212624	41.9164352	-104.0387668
517419662	41.7833992	-104.1155488
517433014	42.0590052	-104.1844028
512213846	41.9914432	-103.8776109
517415044	41.1339824	-104.8145558
517432376	42.0544373	-104.9630906
512212408	41.8624032	-103.6645509
512211087	41.8280432	-103.6608109
517432897	42.0713702	-104.1842688
512212392	41.8693532	-103.6707309
517433486	42.1383165	-104.3568992
517433139	42.0650912	-104.1871378
517433781	42.0663542	-104.1693818
512212819	41.8930232	-103.8697609
517432847	42.0735472	-104.1842858
517419776	41.8856044	-104.1106600
512210658	41.8171192	-103.6361320
503055701	39.7408436	-104.9881209
512212764	41.8851232	-103.9914909
517433840	41.9569742	-104.1498488
517433824	42.0742772	-104.1790678
517502549	42.8581033	-106.3287202
517433759	42.0645092	-104.1738558
512211845	41.8856102	-103.6657359
517498941	42.4807462	-104.1290047
512212242	41.8597132	-103.6749909
517433496	42.1383136	-104.3569008
512212187	41.8187532	-103.6685609
517415316	41.1339834	-104.8142808
517433493	42.1325536	-104.3462000
517433097	42.0756092	-104.1827668
517433722	42.0447012	-104.1459838
517433860	42.0463636	-104.1806299
517498923	42.8292331	-104.3260376
517419668	41.9147052	-104.2958578
503058683	39.7452836	-104.9907809
517433147	42.0650912	-104.1875318
512213683	41.9656042	-103.9236279
517432982	42.0642982	-104.1842368
517433065	42.0884352	-104.2431438
512213670	41.9625562	-103.9262939
517503635	42.8168433	-106.3449802
512212661	41.9107062	-103.8135589
512212733	41.8713941	-104.0131268
517502266	42.8073973	-106.3445462
512213628	41.9704692	-103.8720449
517432829	42.0456842	-104.1838678
517432707	42.2178962	-104.5177177
517419623	41.9144042	-104.1691078
512211491	41.8671532	-103.6476109
517432912	42.0661482	-104.1843958
512212253	41.8842332	-103.6676409
517421766	41.5993237	-109.2603597
517433532	42.0168042	-104.2681602
517414921	41.1757834	-104.8289808
517432876	42.0649952	-104.1823638
517433006	42.1175842	-104.2514778
517419711	41.6551258	-104.2118456
512213859	41.9666832	-103.9318509
512212542	41.8523432	-103.6614509
517432766	42.1360392	-104.3437967
517419672	41.9146962	-104.3035278
512212827	41.8656932	-103.7536209
512213667	41.9634442	-103.9177719
512212788	41.9147932	-103.8666809
517432989	42.0659682	-104.1844968
512211975	41.8848233	-103.6756905
517498876	42.7342841	-104.3480857
517414061	41.1355264	-104.8226308
517433550	42.0607233	-104.1842591
512213836	41.9673432	-103.9279609
512212349	41.8635132	-103.6811509
512212637	41.9149062	-104.0386998
517433539	42.0168641	-104.3217406
517498840	42.7492451	-104.4759396
517419343	41.6322473	-104.1639269
512211745	41.8884122	-103.6645669
517433823	42.0719032	-104.1794108
512212685	41.9403352	-103.8073709
517498910	42.7552451	-104.4518616
512212616	41.9147612	-104.0304118
503059136	39.7460836	-104.9904509
517433183	42.0591762	-104.1842548
517421247	41.6294337	-109.2535097
503061900	39.7477036	-104.9967009
512213837	41.9657932	-103.9239209
517498935	42.6831471	-104.1836527
512213527	42.0000722	-104.0463188
517432808	42.1394472	-104.3454787
517422014	41.6597157	-109.2636827
517415149	41.1322014	-104.8137048
517433197	42.0797092	-104.1880758
517432761	42.1321632	-104.3513117
517433202	42.0631402	-104.1842168
517421246	41.6333437	-109.2601597
517432860	42.0659672	-104.1845778
517432788	42.1340492	-104.3441557
512210774	41.8581992	-103.6625969
517499597	42.8407933	-106.2695902
517433846	42.0620952	-104.1659438
512211068	41.8418632	-103.6605609
517432758	42.4502072	-104.5178107
517422755	41.6774037	-109.2709397
517413389	41.1298734	-104.8406408
517433864	42.0457241	-104.1759108
517498987	42.4804935	-104.1332005
517432804	42.1349772	-104.3455837
512211698	41.8884122	-103.6645669
501982760	36.0882835	-94.1209839
517433078	42.0692032	-104.1816538
517414305	41.1372334	-104.8200908
517419654	41.8677222	-104.3053178
517432869	42.0616112	-104.1875188
517433088	42.0884322	-104.2443168
517433565	42.0022266	-104.3640294
517432857	42.0654122	-104.1843878
517432894	42.0204332	-104.1895588
512213680	41.9949032	-104.0376898
517416913	41.1620434	-104.7988108
501981427	36.1413195	-94.1176069
517432802	42.1395112	-104.3491607
512212931	41.8784432	-103.7187109
517432760	42.1782582	-104.4389687
517433143	42.0649852	-104.1865158
517432872	42.0570642	-104.1889888
512210980	41.8681142	-103.6487749
517510899	43.2479791	-104.5441195
512213774	41.9437932	-103.8092909
517499956	42.7591732	-105.4005204
517432953	42.1464042	-104.2353348
517414056	41.1307494	-104.8289958
512211901	41.8737312	-103.6738849
517433106	42.0650912	-104.1871378
517432934	42.0683502	-104.1814988
517433142	42.0630372	-104.1842178
501982811	36.0915535	-94.1206139
517502684	42.8180333	-106.3405202
512211178	41.8406632	-103.6589709
512211752	41.8884122	-103.6645669
517432889	42.0659672	-104.1904218
512210941	41.8684152	-103.6474319
517432821	42.0753772	-104.1842128
517419658	41.7827242	-104.0534339
517432922	42.0817752	-104.1914158
517433819	42.0698922	-104.1719718
517413385	41.1307834	-104.8399908
517433850	42.0029942	-104.0527198
512212524	41.8879132	-103.6844809
517419617	41.9350672	-104.2080778
512212387	41.8657832	-103.6638209
512213879	41.9724832	-103.6787409
512211249	41.8488332	-103.6504309
512211720	41.8600062	-103.6626449
512211191	41.8586532	-103.6407409
517415251	41.1350334	-104.8129308
517499410	42.8688293	-106.1355692
517416392	41.1347334	-104.7964008
517433040	42.0719912	-104.1889138
512212669	41.8659002	-103.7246099
512211967	41.8631782	-103.6629329
517433472	42.2052437	-104.5605703
517433485	42.1383136	-104.3569008
517432929	42.0658362	-104.1917588
517433059	42.0632432	-104.1843668
517433729	42.0697052	-104.1709938
517502271	42.8094713	-106.3438412
512211099	41.8142832	-103.6368010
517432949	42.0848322	-104.1895338
517498950	42.6627721	-104.1008517
517433747	42.0659912	-104.1775168
512213629	41.9623802	-103.9261459
517433733	42.0625772	-104.1737378
512212229	41.8595932	-103.6715209
501979860	36.1441235	-94.0263340
517414538	41.1372334	-104.8200908
517432764	42.1349842	-104.3461197
512210711	41.8278382	-103.6557069
517415649	41.1327834	-104.8160208
517432759	42.1349972	-104.3454357
517498857	42.7476871	-104.4893786
517432815	42.0634202	-104.1889098
517499871	42.7647832	-105.4331704
517433753	42.0700442	-104.1718238
517433022	42.0644382	-104.1888908
517498838	42.7608091	-104.4562476
517432954	42.0421472	-104.1821248
512211386	41.8523232	-103.6549909
517498918	42.7780791	-104.4409516
512211991	41.8078832	-103.6633009
512212763	41.8831032	-104.0248609
517432823	42.0612602	-104.1815578
517502355	42.8101633	-106.3445702
517433801	42.0746522	-104.1741148
517415844	41.1365934	-104.8160008
512212765	41.9370932	-104.0384908
512212818	41.9406932	-103.8115209
517433127	42.0558802	-104.1843848
512213649	41.9624472	-103.9261459
512210772	41.8699582	-103.6464869
517419708	41.6551258	-104.2118456
517419696	41.7469054	-104.3001578
517422712	41.5779237	-109.2628697
512212873	41.9132032	-103.8132209
512211012	41.8156332	-103.6421010
517498989	42.4804935	-104.1332005
517417123	41.1628976	-104.7853689
517422805	41.6356437	-109.2632097
517433695	42.0660952	-104.1797508
517503976	42.8107333	-106.3509402
512213738	41.9546332	-104.0021908
517433077	42.0649982	-104.1826788
512211687	41.8681562	-103.6776209
517419605	41.9144662	-104.2273508
512213858	41.9657232	-103.9102809
517432844	42.0652982	-104.1901008
517418176	41.1578145	-104.4653601
517433137	42.0785552	-104.1828868
517432710	42.4071672	-104.6064676
512210829	41.8684152	-103.6474319
512212670	41.9405532	-103.8085969
517432814	42.0736452	-104.2663078
517433775	42.0447012	-104.1459838
512212361	41.8767832	-103.6749409
517498879	42.7534361	-104.4460046
512212498	41.8848132	-103.6679009
517419622	41.9353122	-104.2080048
517498825	42.7646661	-104.4521386
512212228	41.8834232	-103.6653309
517433215	42.0660542	-104.1842458
512210898	41.8667322	-103.6441959
517433816	42.0620102	-104.1724248
517433714	42.0580652	-104.1699198
512212548	41.8795832	-103.6750109
512213630	41.9633242	-103.9305799
517433199	42.0741762	-104.1844158
517415369	41.1337734	-104.8163108
512211045	41.8442032	-103.6600209
517432936	42.0760522	-104.1828788
512213737	41.9859632	-104.0490308
512212842	41.8744732	-103.8135909
517419047	41.2664413	-104.1001059
517510911	43.0437741	-104.4000896
512211018	41.8244732	-103.6516609
517415214	41.1317934	-104.8155208
517498944	42.4803002	-104.1462527
517433070	42.1175602	-104.2478338
512213666	41.9634412	-103.9262969
517433120	42.0631402	-104.1842168
517432958	42.0570562	-104.1843848
517432795	42.1168352	-104.3032888
517433468	42.2052437	-104.5605703
517419196	41.1809733	-104.0693509
517433104	42.0644872	-104.1830078
517416244	41.1603614	-104.8062958
512212824	41.9164132	-103.8338909
517432948	42.0644642	-104.1888898
517498872	42.7597261	-104.4585636
517433774	42.0599962	-104.1785358
512211216	41.8837932	-103.6536909
512211280	41.8786032	-103.6568009
512212795	41.9357832	-103.8129309
517432913	42.0786712	-104.1862878
512211528	41.8803732	-103.6443809
512211685	41.8844702	-103.6660039
512212305	41.8742332	-103.6808509
517419325	41.7012863	-104.1244829
512213721	41.9992235	-103.7755906
517433712	42.0094242	-104.1107588
517433723	42.0687962	-104.1734938
512210857	41.8654822	-103.6362029
517433152	42.0514312	-104.1842298
512212646	41.9140332	-104.0347708
517433124	42.0597722	-104.1857168
512212695	41.9002552	-103.9673099
517415805	41.1369134	-104.8173208
517432843	42.0618942	-104.1842728
517433114	42.0643442	-104.1887458
517419700	41.7469054	-104.3001578
517432836	42.0794712	-104.1859358
512212847	41.8791532	-103.7596809
517419648	41.8418862	-104.1737298
517498978	42.9594040	-104.3632799
517413575	41.1827034	-104.8426307
517419328	41.6371553	-104.1255789
517432848	42.0649892	-104.1859258
517432885	42.0727372	-104.2229088
517433044	42.0885452	-104.2431758
512211891	41.8875292	-103.6691929
501981482	36.1415045	-94.1176729
512213516	41.9975642	-104.0486218
512210808	41.8693122	-103.5934400
512212333	41.8624232	-103.6910209
517419578	41.9289642	-104.1468998
517433821	42.0559462	-104.1680648
512210752	41.8699582	-103.6464869
517498821	42.7099072	-104.6172996
517419321	41.6535883	-104.2994408
512212437	41.8892932	-103.6621409
512212492	41.8770032	-103.6760509
511931587	41.2601527	-95.9338330
517432994	42.0642402	-104.1842368
512212364	41.8667732	-103.6645509
517433530	42.0607233	-104.1842591
517509965	43.0453431	-104.7302405
517432851	42.0595052	-104.1889518
512211676	41.8776262	-103.6657129
517433742	42.0585742	-104.1680678
517433043	42.0168072	-104.2781418
512210610	41.8142212	-103.6621709
517502376	42.8981433	-106.3438102
517433552	42.0607233	-104.1842591
517433504	42.1383165	-104.3568992
512211809	41.8737692	-103.6686679
517433023	42.0600382	-104.1876878
517509955	43.0713821	-104.6271345
517503526	42.8091833	-106.3449902
512212056	41.8191232	-103.6654609
517433510	42.0168042	-104.2681602
517433571	42.0023144	-104.3466102
517419585	41.9353122	-104.2081518
517433051	42.0620282	-104.1828728
501981233	36.1541235	-94.0763940
503055410	39.7434536	-104.9879509
512212804	41.9387732	-103.8027609
517433041	42.0801152	-104.2272268
512213659	41.9636022	-103.9140179
512211251	41.8856832	-103.6599709
517433100	42.0613892	-104.1842638
512211535	41.8713232	-103.6526609
517419655	41.7836152	-104.1251388
512212468	41.8679632	-103.6693609
517433157	42.0620582	-104.1844228
517433545	42.0168042	-104.2681602
517433829	42.0563952	-104.1475148
517432895	42.0610402	-104.1799268
517432867	42.0640952	-104.1839288
517433180	42.0771232	-104.1883268
517416341	41.1382334	-104.8102308
512211286	41.8774832	-103.6502809
517432984	42.0639972	-104.1827658
517432899	42.0651082	-104.1828228
517433178	42.0660592	-104.1919838
512212137	41.8211932	-103.6650209
512212382	41.8629532	-103.6637909
517503225	42.8671723	-106.3643382
517433839	42.0640122	-104.1775708
517432838	42.0624982	-104.1816508
512213848	41.9673732	-103.9239209
517419779	41.8638164	-104.3010094
517433851	42.0612442	-104.1738938
512211864	41.8867002	-103.6658869
517433062	42.0644672	-104.1828608
517433035	42.0775492	-104.1861858
512212270	41.8589832	-103.6791109
517433112	42.0421942	-104.1826898
517432818	42.0836922	-104.1949498
517416412	41.1369134	-104.8049208
517432946	42.0859842	-104.2000648
517432980	42.0618302	-104.1865838
517499642	42.8481833	-106.2735002
517433226	42.0628532	-104.1842588
517433488	42.1730037	-104.4396406
517433209	42.0865022	-104.1920808
512213869	41.9821832	-103.9283309
517433046	42.0817912	-104.1917968
517432826	42.0630022	-104.1841968
517433535	42.1175338	-104.2154002
512210743	41.8645842	-103.6385299
517433814	42.0721462	-104.1801848
517432969	42.0659672	-104.1845778
517419333	41.6322473	-104.1639269
517432932	42.0641992	-104.1887508
517503570	42.8118533	-106.3548302
503057599	39.7438636	-104.9891409
512211855	41.8567982	-103.6805119
517433172	42.0845272	-104.1948518
517498818	42.7567871	-104.4478146
512212889	41.9150232	-103.9594809
517503108	42.8172533	-106.3426602
517433815	42.0684442	-104.1776588
512212264	41.8848132	-103.6679009
517499587	42.8388533	-106.2702302
517433527	42.0168042	-104.2681602
512212295	41.8813932	-103.6625209
517432775	42.1368502	-104.3492497
517413368	41.1252134	-104.8453008
517432928	42.0719972	-104.1876248
512210976	41.8688082	-103.6626059
517433511	42.0607233	-104.1842591
517419317	41.7836943	-104.2650988
517433798	42.0612872	-104.1691448
517433003	42.0539932	-104.1843848
512210806	41.8662702	-103.6364279
517433498	42.1383136	-104.3569008
517432904	42.0680392	-104.1884718
517503004	42.8581533	-106.3309202
512213831	41.9638832	-103.9163309
517433093	42.0742362	-104.1858138
512212692	41.8713642	-103.9280689
512210889	41.8790352	-103.6555429
503058926	39.7498636	-104.9916309
517498889	42.7735121	-104.1044127
517433562	42.0022239	-104.3640304
512211789	41.9027812	-103.6787509
517503212	42.8137133	-106.3441202
517432920	42.0710062	-104.1844118
517432905	42.0865022	-104.1920808
517433024	42.0660782	-104.1844978
517433103	42.1174742	-104.2516978
517433136	42.0666232	-104.1932458
512213692	41.9644042	-103.9247619
517499906	42.7341032	-105.4656104
512212212	41.8866732	-103.6641909
512211920	41.8884122	-103.6645669
512211430	41.8827532	-103.6541009
512212715	41.8980902	-103.7310309
517419327	41.6489693	-104.2937758
517433145	42.0641062	-104.1826078
512211080	41.8212132	-103.6351510
517433053	42.0633262	-104.1857998
517418654	41.1263334	-104.7490708
517432941	42.0722402	-104.1803328
517432981	42.0691022	-104.1828748
512210717	41.8216172	-103.6610169
517419594	41.9144042	-104.1691078
512210725	41.8458102	-103.6607529
512211889	41.8844702	-103.6660039
517419640	41.9004492	-104.3454338
512212546	41.8866732	-103.6641909
512210624	41.8237522	-103.6603839
512213519	41.9966732	-104.0460718
517413419	41.1280234	-104.8411308
512213520	41.9980552	-104.0488878
517415729	41.1407534	-104.8157508
517414256	41.1316534	-104.8261408
517419341	41.6398243	-104.1636788
512213874	41.9667932	-103.9274309
517433134	42.0641042	-104.1842368
517432939	42.0632392	-104.1828718
517419334	41.6322473	-104.1639269
512212432	41.8614832	-103.6688309
517433568	42.0022239	-104.3640304
517433560	42.0022239	-104.3640304
517432903	42.0765582	-104.1832808
512213832	41.9997932	-103.8928309
517433107	42.0650912	-104.1871378
512212702	41.8992852	-103.7218909
512213693	41.9653412	-103.9687189
517419643	41.9163892	-104.3623238
517433745	42.0623522	-104.1714618
517433004	42.0651082	-104.1827708
512212805	41.9409032	-103.8091009
517433013	42.0639832	-104.1841628
512212820	41.9393432	-103.8050109
517433797	42.0641892	-104.1763208
517432925	42.1200972	-104.1893758
517433730	42.0720122	-104.1794138
517433566	42.0022239	-104.3640304
517432893	42.0641062	-104.1826338
517433841	42.0719032	-104.1794108
517433495	42.1632941	-104.4401706
501980804	36.1128235	-94.0843040
517498846	42.7534361	-104.4460046
517432887	42.0588772	-104.1881668
517433029	42.0639852	-104.1840048
512211882	41.8737972	-103.6660609
517433125	42.0627922	-104.1844218
517510917	43.0855581	-104.3501186
517419707	41.6551236	-104.2118507
512211338	41.8850832	-103.6594309
517419314	41.7809533	-104.2609578
517498945	42.4804682	-104.1608247
512212854	41.9347332	-103.7528109
517419606	41.9232072	-104.2472298
512212774	41.8893432	-104.0111009
512212299	41.8624832	-103.6617609
517419580	41.8257292	-104.1104558
517419694	41.7469054	-104.3001578
517432940	42.0643252	-104.1888948
517503260	42.8670773	-106.3636412
517433734	42.0631632	-104.1598868
517433060	42.0639972	-104.1827138
512211861	41.8856102	-103.6657359
512213851	41.9639532	-103.9172809
