sp_id	latitude	longitude
517662882	43.5224639	-110.8489489
517508421	43.4766236	-110.7506491
517506829	42.8959945	-109.9069080
517508692	43.4771636	-110.7612091
517508019	43.4744246	-110.7813031
506979952	43.8103736	-111.1657370
517507545	43.4676336	-110.8061191
517507552	43.4653136	-110.7942491
517508348	43.4766236	-110.7482491
517507358	43.4653546	-110.7959191
517508634	43.4285336	-110.7786291
506979625	43.7258167	-111.1058945
517508293	43.4844236	-110.7641691
517508515	43.4799536	-110.7581591
517507560	43.4743336	-110.7869191
517663251	43.5312936	-110.8417191
506878776	41.9837221	-87.6684352
517508806	43.4736536	-110.7843291
517662738	43.8384675	-110.4433071
517508134	43.4730373	-110.7697172
517662695	43.5741856	-110.7563791
506979576	43.5835786	-111.1064110
517508381	43.4805436	-110.7642091
517507279	43.4551136	-110.8272961
517663261	43.5300836	-110.8428891
514185544	40.8807720	-81.5289272
506879300	41.9901411	-87.6674942
517663120	43.5716236	-110.7605191
506980731	43.6009136	-111.1291890
517508588	43.4807336	-110.7620291
506980676	43.6033936	-111.1171590
517507486	43.4702565	-110.7859762
517508493	43.4793236	-110.7625591
506979967	43.5740296	-111.1082380
517663124	43.5600936	-110.7693191
501427989	34.4113352	-119.6972685
517507831	43.4608636	-110.8039691
517507699	43.4155036	-110.7860791
501427832	34.4097752	-119.6931185
517508307	43.4800236	-110.7576291
517508661	43.4800236	-110.7576291
517508397	43.4792536	-110.7594691
517508796	43.4781236	-110.7713691
517663095	43.5189636	-110.7492091
517508837	43.4788036	-110.7669291
517507382	43.5012846	-110.8477541
510063148	47.4944332	-111.2632082
517663104	43.5958236	-110.7558191
517508480	43.4767136	-110.7657491
517508180	43.4799536	-110.7599291
517508333	43.4788936	-110.7592391
517508547	43.4751836	-110.7591091
506979609	43.7258167	-111.1058945
517507740	43.4444536	-110.8182491
517507650	43.4339536	-110.8005291
517508501	43.4697536	-110.7833091
503066940	39.7658836	-105.0060809
517507323	43.4653546	-110.7959191
517508088	43.4771566	-110.7721721
517507854	43.4909336	-110.8605991
506979804	43.7244376	-111.1127860
517508589	43.4798836	-110.7627191
517507547	43.4695936	-110.8403091
501427638	34.4121462	-119.6892315
517508159	43.4756136	-110.7812591
517507585	43.4370736	-110.7880591
517662704	43.5951896	-110.7440341
506979694	43.7254536	-111.1019090
506979788	43.7337576	-111.1100450
501425862	34.4109952	-119.7052685
517509349	43.3885836	-110.7241391
517662807	43.5319386	-110.8433351
510063009	47.4959932	-111.2610882
506980028	43.8108659	-111.1454167
517507303	43.4702516	-110.7873311
517508843	43.4736536	-110.7843291
517507397	43.3936246	-110.8325251
517507495	43.4702565	-110.7859762
503067801	39.7671236	-105.0068309
517507758	43.4624236	-110.7948291
517662741	43.5917086	-110.8128181
517507345	43.4583246	-110.7986531
517508720	43.4215936	-110.7790291
517508524	43.4840836	-110.7641691
517507543	43.4300036	-110.8017091
517508278	43.4750636	-110.7488291
517508595	43.4768936	-110.7463891
517508695	43.4729636	-110.7654791
506979674	43.7364636	-111.1002290
517662800	43.5234106	-110.8413281
517508490	43.4771636	-110.7617691
506980163	43.7256636	-111.1097390
509155045	42.6355823	-71.2419873
517508635	43.4775636	-110.7634391
517507682	43.4090336	-110.7924091
517508049	43.4838856	-110.7636691
517507697	43.4667036	-110.8279691
506980030	43.8108659	-111.1454167
517662717	43.6252125	-110.6262141
517508663	43.4736536	-110.7843291
517507925	43.4746636	-110.7623101
517508789	43.4289136	-110.7815191
517508569	43.4792536	-110.7626991
517663345	43.5264036	-110.8506991
517663272	43.5317436	-110.8423191
517507997	43.4753766	-110.7663911
517507879	43.4989836	-110.8811591
501428517	34.4099022	-119.6855665
517507502	43.4713036	-110.7879491
517508581	43.4735036	-110.7514791
517508149	43.4182636	-110.7802191
517507550	43.4614036	-110.8108891
517506189	42.8672836	-109.8588094
517508052	43.4245106	-110.7757181
517508647	43.4757636	-110.7550791
517508691	43.4775636	-110.7634391
517507291	43.4646436	-110.7932811
517508095	43.5059956	-110.7569451
517508805	43.4809836	-110.7646891
506980664	43.5731236	-111.1096090
517508045	43.4796496	-110.7503181
517508391	43.4736536	-110.7843291
517663169	43.8489935	-110.4182191
517508056	43.4797586	-110.7508131
517508887	43.4748136	-110.7627591
517509347	43.3917736	-110.7172291
501428188	34.4121352	-119.6953585
517663158	43.5864236	-110.8300191
517662753	43.5853416	-110.8288701
517507273	43.4722206	-110.7881071
517508353	43.4799436	-110.7680291
517508577	43.4792736	-110.7441791
517508624	43.4773936	-110.7703091
517507331	43.4617596	-110.7977931
517508455	43.4258236	-110.7761691
503066919	39.7645236	-105.0040109
517507749	43.4717136	-110.7876691
517507679	43.4605736	-110.7966491
517507381	43.4985996	-110.8671311
517508408	43.4736536	-110.7843291
517507630	43.4699736	-110.7877991
517507265	43.4663586	-110.7932191
517508642	43.4706036	-110.7658491
506877226	41.9900251	-87.6698042
517508110	43.4730373	-110.7697172
514195079	40.8865320	-81.4788972
517508304	43.4793636	-110.7565191
506980085	43.6213150	-111.1162357
517508516	43.3759736	-110.7486791
514204246	40.8839320	-81.4352372
517508098	43.4730373	-110.7697172
517508024	43.4774986	-110.7636631
517508773	43.4801736	-110.7639191
517507908	43.4796526	-110.7630081
517507818	43.4713036	-110.7879491
506877260	41.9904421	-87.6698182
517508630	43.4712336	-110.7458891
506980680	43.5923436	-111.1617190
503067768	39.7611836	-105.0074609
517508825	43.4736536	-110.7843291
517508389	43.4808736	-110.7561291
517508074	43.4785646	-110.7614231
517508253	43.4805236	-110.7627291
517662917	43.7713836	-111.0200190
517507850	43.4961736	-110.8696891
517508716	43.4801536	-110.7605691
517508236	43.4748236	-110.7756791
517507895	43.5012136	-110.8683191
517508571	43.4807336	-110.7627491
517508048	43.4797586	-110.7508131
517508404	43.4777436	-110.7586791
517507787	43.4409536	-110.8340291
517663322	43.5310536	-110.8422491
517508076	43.4259256	-110.7780781
517508413	43.4801536	-110.7605691
517507890	43.4997536	-110.8687291
517508523	43.3028636	-110.7391791
501425677	34.4098342	-119.7028675
517508778	43.4736536	-110.7843291
517508808	43.4723436	-110.7816091
517508050	43.4782496	-110.7607141
509156237	42.6508673	-71.2536563
517508654	43.4719336	-110.7625591
517663142	43.5752436	-110.7737691
510063139	47.4970332	-111.2518282
517508458	43.4759036	-110.7653791
503067775	39.7604036	-105.0077909
517507766	43.4350936	-110.8018591
517508309	43.4788936	-110.7604091
506979648	43.7330536	-111.0867890
517663135	43.5820936	-110.7506691
517505218	42.7501246	-109.6766434
517508359	43.4792636	-110.7570691
517507391	43.4985826	-110.8671301
517663246	43.5082036	-110.8478191
514204000	40.8811720	-81.4343972
517507618	43.4614536	-110.7972991
517508224	43.3724536	-110.7481791
517507280	43.4252736	-110.8057801
503068792	39.7569136	-105.0091709
517508441	43.4799536	-110.7581591
517507517	43.4717136	-110.7876691
517508747	43.4724436	-110.7835591
517507484	43.4702565	-110.7859762
517508165	43.4792536	-110.7598391
501427861	34.4097452	-119.6956385
517508002	43.4821146	-110.7572021
517508047	43.4233236	-110.7750511
517662850	43.8416371	-110.5084043
517506186	42.8638236	-109.8527994
506980236	43.7162136	-111.1083390
517507728	43.4606736	-110.7951691
517508150	43.4787836	-110.7551091
517507783	43.4663136	-110.8069891
517508260	43.3749836	-110.7429391
517509370	43.3565236	-110.7236591
517508707	43.4816236	-110.7615491
517662927	43.7879736	-110.9585690
517508316	43.4728936	-110.7843291
517507878	43.4988336	-110.8688691
517508649	43.4792536	-110.7630291
517507966	43.4781206	-110.7605631
517507643	43.4596436	-110.8126591
517507595	43.4227936	-110.8078791
517508714	43.4775636	-110.7634391
517508420	43.4807636	-110.7505891
517662841	43.7398163	-110.5891345
517663159	43.5980036	-110.7459091
517508432	43.4751036	-110.7742591
517507355	43.4739346	-110.7850991
517508269	43.4793636	-110.7565191
517507777	43.4712936	-110.7873591
517507846	43.4985336	-110.8744091
517507698	43.4585736	-110.7986991
517508155	43.4781236	-110.7713691
517507263	43.4699956	-110.7917781
517663296	43.5297136	-110.8428791
517663338	43.5314436	-110.8429691
517508629	43.4163136	-110.7799791
517507658	43.4673336	-110.7874691
517508845	43.4779336	-110.7491891
517507864	43.5059736	-110.8471391
517663315	43.5329836	-110.8369591
517508324	43.4792536	-110.7633991
517662833	43.7175047	-110.3287470
517507527	43.4631536	-110.8017891
517507721	43.4611936	-110.7952791
514203965	40.8834520	-81.4339472
517507387	43.5002846	-110.8736011
517508018	43.4720746	-110.7630041
517508757	43.4723436	-110.7816091
506316811	41.8992091	-87.6241863
517507953	43.4245176	-110.7753841
517508481	43.4824036	-110.7627291
509156985	42.6254503	-71.2676573
517663258	43.5328536	-110.8484291
503023294	39.6255036	-104.9127109
517508161	43.4736636	-110.7782091
517507343	43.4583236	-110.7983031
506979538	43.5851046	-111.1012680
517663256	43.5310536	-110.8422491
506881690	41.9887221	-87.6606252
517663112	43.5829136	-110.8325191
517507639	43.4669336	-110.7899291
517662794	43.5308656	-110.8414881
517508783	43.4723436	-110.7816091
517508775	43.4185336	-110.7755391
517507395	43.4980946	-110.8757751
517508467	43.4807636	-110.7505891
517662914	43.7559836	-111.0383290
506880363	41.9880341	-87.6602772
517507561	43.4644236	-110.7966191
517507693	43.4597036	-110.7988291
517663294	43.5134236	-110.8489691
517507605	43.4728436	-110.7875791
517507626	43.4304036	-110.7860091
517507565	43.4287436	-110.8026891
517507753	43.4669336	-110.7901691
514198958	40.8781320	-81.4524972
517508886	43.4782136	-110.7552491
517508197	43.4761836	-110.7652791
517509013	43.4657675	-110.1856352
517508756	43.4792536	-110.7598391
517508131	43.4730373	-110.7697172
517508544	43.4746236	-110.7621391
517507499	43.4702565	-110.7859762
517508428	43.4724436	-110.7835591
517508892	43.4761836	-110.7652791
517507346	43.4655186	-110.8143921
517508846	43.4771636	-110.7613991
517508830	43.4787936	-110.7640991
517505511	42.6061336	-109.6311995
517508065	43.4793536	-110.7549761
517662848	43.8416371	-110.5084043
517507293	43.4609276	-110.7934271
503022728	39.6366176	-104.9127069
506979947	43.8042536	-111.1113250
517508621	43.4768036	-110.7443991
517508872	43.4717936	-110.7827791
517508297	43.4814136	-110.7619991
517508812	43.4792636	-110.7570691
517663116	43.5578136	-110.7867491
517507690	43.4712936	-110.7873591
517508407	43.4735636	-110.7579291
503022692	39.6368716	-104.9127729
517662831	43.7175047	-110.3287470
517507088	42.8495436	-109.8668094
506878240	41.9838221	-87.6687342
517507866	43.3900536	-110.8400291
506979659	43.7443636	-111.0986590
517508839	43.4805236	-110.7640391
517508736	43.4300836	-110.7830691
517663244	43.5177336	-110.8500191
517508296	43.4859736	-110.7626991
517508356	43.4776936	-110.7530291
517508419	43.4769536	-110.7669391
517508553	43.4788936	-110.7604091
517508430	43.4788936	-110.7604091
517507730	43.4663336	-110.7926991
517507649	43.4705036	-110.7873391
517508230	43.4776236	-110.7488491
517507716	43.4676336	-110.7899591
517662889	43.5144452	-110.8541059
517663297	43.5117236	-110.8483891
517508317	43.4792536	-110.7610091
517508723	43.4787936	-110.7643891
517508735	43.4800536	-110.7609191
517662714	43.5851626	-110.8275831
506979974	43.6494866	-111.1123510
517508468	43.4304736	-110.7836991
501427950	34.4090752	-119.6934285
506980738	43.6033736	-111.1107690
517507703	43.4658036	-110.7927391
506327960	41.9011121	-87.6280152
517662825	43.5879121	-110.8301953
517507877	43.5064336	-110.8471491
517508185	43.4751836	-110.7609291
517508190	43.4828936	-110.7646891
517509004	43.3944446	-110.7271681
506980182	43.7232436	-111.1085690
517663299	43.5307736	-110.8429491
517507865	43.4672736	-110.8953291
517509352	43.3003536	-110.6729991
517508141	43.4730373	-110.7697172
517508130	43.4730373	-110.7697172
503066723	39.7578836	-105.0066609
517663343	43.5201936	-110.8360791
517508591	43.4797436	-110.7609191
517663176	43.5866036	-110.8289791
517508492	43.4745736	-110.7494991
517508154	43.4792036	-110.7618091
510063071	47.4944232	-111.2552382
517508509	43.4129936	-110.7687291
506979822	43.7286876	-111.1110060
517507767	43.4610736	-110.7980891
517507562	43.4610836	-110.7961991
517507744	43.4658036	-110.7911291
517508554	43.4222436	-110.7775091
517508387	43.4878536	-110.7626691
506980150	43.7228336	-111.1112790
517508325	43.4751936	-110.7789391
517507688	43.4299536	-110.7950891
517508679	43.4792536	-110.7630291
517507695	43.4259936	-110.8107091
517507594	43.4312236	-110.7997791
503022767	39.6242626	-104.9133549
517662883	43.5144452	-110.8541059
517663291	43.5134536	-110.8497291
517508889	43.4300436	-110.7789491
517508667	43.4791636	-110.7504991
517508038	43.4774136	-110.7608351
510062326	47.5013832	-111.2426582
517507396	43.4868326	-110.8618851
506980207	43.7162136	-111.1083390
517507506	43.4260136	-110.8001591
517508719	43.4792036	-110.7618091
517663249	43.5300836	-110.8428891
517507834	43.4990936	-110.8980491
517507855	43.4719736	-110.8819091
517508497	43.4771636	-110.7609291
517507849	43.4977436	-110.8733291
517507732	43.4648236	-110.7955291
506880276	41.9868461	-87.6610322
517663125	43.5083836	-110.7555591
517508473	43.4787836	-110.7599991
517663275	43.5175136	-110.8652491
501427965	34.4112052	-119.6964885
517507939	43.4202486	-110.7756171
517508532	43.4736636	-110.7836191
517663248	43.5220236	-110.8503591
517508160	43.4821336	-110.7640891
501428045	34.4098752	-119.6972785
506321033	41.8975331	-87.6249162
517507587	43.4622736	-110.7958191
517508125	43.4730373	-110.7697172
517662874	43.5850472	-110.8257678
517663281	43.5231636	-110.8492391
517663348	43.5084636	-110.8596091
517508178	43.4792936	-110.7551091
517508477	43.4766136	-110.7547091
517508838	43.4777436	-110.7619591
517508080	43.4694256	-110.7520871
517508409	43.4792636	-110.7653591
517508518	43.4736536	-110.7843291
503069107	39.7591436	-105.0096909
517508436	43.4719936	-110.7827791
517507613	43.4729036	-110.7854591
503067725	39.7583536	-105.0075509
517508219	43.4777436	-110.7609191
517507829	43.4613836	-110.8093391
517508854	43.4800236	-110.7673891
517508811	43.4712436	-110.7812091
517508732	43.4769536	-110.7669391
517507983	43.4772946	-110.7719711
517508772	43.4729836	-110.7475291
517507681	43.4622736	-110.7958191
517508449	43.4751036	-110.7742591
517507920	43.4784716	-110.7657761
517508023	43.4202486	-110.7756171
517509374	43.3412736	-110.7182391
506979728	43.6567636	-111.0941990
509156919	42.6308943	-71.2706373
517508657	43.4780136	-110.7465691
517662729	43.8515445	-110.3783751
517507942	43.4785696	-110.7620891
517509005	43.2926556	-110.5245232
517663131	43.5683836	-110.7676691
517508510	43.4794536	-110.7696691
517507598	43.4826236	-110.8250491
506320958	41.8984111	-87.6251503
506979615	43.7258167	-111.1058945
517507267	43.4703616	-110.7860461
517662730	43.6523456	-110.7110451
517508214	43.4789236	-110.7684391
517508376	43.4771636	-110.7612091
517663300	43.5350936	-110.8451991
501427196	34.4079352	-119.7003285
517508092	43.4227886	-110.7740361
517663133	43.5866636	-110.7545291
517508484	43.4771636	-110.7613991
503068834	39.7569136	-105.0091709
517508429	43.4816236	-110.7615491
517507483	43.4702565	-110.7859762
517507786	43.4607036	-110.8117991
517509348	43.3052336	-110.6782491
517507276	43.4620416	-110.7976421
517663097	43.6206436	-110.7629691
517507548	43.4712936	-110.7873591
517507870	43.4886536	-110.8906291
517507945	43.4784586	-110.7619151
517507724	43.4609336	-110.7924891
517507532	43.4653136	-110.7942491
517508485	43.4736736	-110.7595791
517508067	43.4277856	-110.7795091
514200000	40.8926620	-81.4473772
506979698	43.7221236	-111.0784990
517508196	43.4729636	-110.7654791
517507363	43.4664366	-110.7932031
506879811	41.9866821	-87.6645152
517505515	42.5985736	-109.6312195
503067794	39.7662336	-105.0069809
517508258	43.4691336	-110.7480191
517663321	43.5253936	-110.8300491
517663099	43.5702036	-110.7725091
506980711	43.6059336	-111.1109690
506979724	43.5916636	-111.0973690
517505453	42.7443436	-109.7147885
503021618	39.6272216	-104.9113569
517508318	43.4704036	-110.7788391
517508191	43.4807636	-110.7505891
517508227	43.4771636	-110.7613991
517508096	43.4730373	-110.7697172
506880852	41.9906021	-87.6631752
517662693	43.5764736	-110.7703261
506980642	43.8062836	-111.1253190
517507589	43.4302336	-110.8002291
517508176	43.4799536	-110.7569591
517507904	43.4782496	-110.7607141
506980120	43.7270636	-111.1081990
517662913	43.7638036	-111.0374690
506881840	41.9837821	-87.6607152
517662755	43.5600846	-110.8220251
517508235	43.4750736	-110.7620591
517507769	43.4586736	-110.8110191
517507820	43.4653136	-110.7942491
517508016	43.4784516	-110.7609971
517508109	43.4730373	-110.7697172
517507640	43.4590436	-110.8095991
517508633	43.4725936	-110.7848991
517662724	43.6632856	-110.6925721
517509003	43.2846856	-110.6278752
517508357	43.4788936	-110.7592391
517507297	43.4668386	-110.7882981
517662903	43.7787236	-111.0177890
501427510	34.4103052	-119.6943305
517507885	43.4629836	-110.8580791
517508677	43.4788736	-110.7465891
517508650	43.4807636	-110.7505891
517663128	43.5616536	-110.7598591
517507538	43.5026636	-110.8103391
517508842	43.4792636	-110.7661791
517663289	43.5120836	-110.8661291
517507578	43.4705036	-110.7879791
506881793	41.9846321	-87.6604852
517508782	43.4793536	-110.7577191
517507971	43.3628506	-110.7335671
517508717	43.4878536	-110.7626691
503068839	39.7569136	-105.0091709
517507700	43.4597036	-110.7988291
517507281	43.4607926	-110.7934271
517508299	43.4799536	-110.7581591
517507651	43.4194936	-110.7865991
517508158	43.4805236	-110.7627291
517662892	43.5144452	-110.8541059
510063109	47.4943532	-111.2547382
506980249	43.8739936	-111.1796289
517662742	43.5856026	-110.8276211
517662863	43.5850472	-110.8257678
509156213	42.6445153	-71.2616953
517508114	43.4730373	-110.7697172
517508641	43.4814536	-110.7534191
517508539	43.4788936	-110.7592391
506980166	43.7162136	-111.1079190
517507884	43.4983936	-110.8732991
517663096	43.5695636	-110.7544191
517507678	43.4308036	-110.8027191
517508173	43.4734336	-110.7432891
517662836	43.7398163	-110.5891345
517508290	43.4783236	-110.7615291
517507503	43.4728936	-110.7843291
517508201	43.4805536	-110.7633291
517508542	43.4162736	-110.7708291
517662918	43.7822736	-111.0179990
510063001	47.4943832	-111.2491082
517663304	43.5300836	-110.8428891
517507992	43.4793536	-110.7549761
517508452	43.4780736	-110.7621491
506879314	41.9854211	-87.6650522
517507790	43.4629636	-110.7926491
517662798	43.5314046	-110.8421981
517508217	43.4724436	-110.7827791
517507515	43.4617336	-110.7980991
517508809	43.4723436	-110.7816091
509157625	42.6286343	-71.2739513
517508200	43.4254236	-110.7768591
517508139	43.4730373	-110.7697172
517508003	43.5056276	-110.7807211
506317429	41.8992091	-87.6241863
514194467	40.8792020	-81.4853272
517507329	43.4642006	-110.7932871
517507880	43.4755136	-110.8832491
517507811	43.4733036	-110.8053191
517507903	43.4774136	-110.7608351
517662703	43.5361216	-110.7324571
517662694	43.5597956	-110.7641091
517507950	43.5056106	-110.7716921
503065040	39.7678736	-104.9985709
517507994	43.4797586	-110.7508131
517507614	43.4692336	-110.8083791
517507654	43.4312136	-110.8015091
509156272	42.6193953	-71.2538723
517507739	43.4639036	-110.7914291
517508223	43.4744236	-110.7852591
517508611	43.4792536	-110.7633991
517508479	43.4794836	-110.7440091
517508094	43.4702976	-110.7825151
506878223	41.9836541	-87.6686942
517508504	43.4226436	-110.7758391
517508597	43.4792036	-110.7618091
517508856	43.4736736	-110.7595791
509156890	42.6308943	-71.2706373
517507349	43.4581226	-110.8170891
514193133	40.8812920	-81.4892372
517507292	43.4653546	-110.7959191
517507911	43.4796526	-110.7622261
517663245	43.5389136	-110.8363591
517663182	43.5850336	-110.8357191
517507773	43.4705036	-110.7873391
506880803	41.9882521	-87.6617752
517507539	43.4717136	-110.7876691
517508653	43.4755036	-110.7736891
517508106	43.4730373	-110.7697172
509156255	42.6451313	-71.2597013
517508156	43.4828936	-110.7640891
517663148	43.5683836	-110.7691791
517662745	43.5894936	-110.8259811
517663295	43.5300836	-110.8428891
506979654	43.7260236	-111.1005990
517507588	43.4608136	-110.7944491
517507933	43.4787386	-110.7622891
506878729	41.9877821	-87.6686352
517507897	43.4985736	-110.8764991
517508862	43.4736536	-110.7843291
517508807	43.4777436	-110.7579291
517507824	43.4726836	-110.7892791
517508237	43.4793236	-110.7625591
517508350	43.4226436	-110.7758391
517508300	43.3641036	-110.7339091
517507611	43.4615736	-110.7958691
517505413	42.8692436	-109.8570884
517662801	43.5323486	-110.8431881
506880323	41.9893401	-87.6603232
517508103	43.4730373	-110.7697172
517508459	43.4222436	-110.7775091
517663337	43.5294236	-110.8448291
517663266	43.5284036	-110.8376391
517507289	43.4661996	-110.7932471
517507632	43.4723636	-110.7887291
517508395	43.4719936	-110.7827791
517508587	43.4807636	-110.7505891
517508512	43.4794636	-110.7502091
506880268	41.9872851	-87.6620452
517507907	43.4796526	-110.7660131
517508568	43.4805236	-110.7627291
517507394	43.4985826	-110.8671301
506980077	43.6213150	-111.1162357
517508816	43.4750736	-110.7571491
509157628	42.6087643	-71.2799323
506979992	43.6152446	-111.1289150
514195428	40.8833720	-81.4802672
506878726	41.9873321	-87.6693152
517508483	43.4779736	-110.7593491
517507670	43.4315036	-110.7970991
517508192	43.4824036	-110.7633291
503068976	39.7611536	-105.0099709
517663344	43.5304236	-110.8428891
517663129	43.5225136	-110.8008591
517507318	43.4582656	-110.7933381
517507399	43.4985996	-110.8671311
517663301	43.5091436	-110.8444391
517508122	43.4730373	-110.7697172
517508262	43.4807636	-110.7505891
517509009	43.3067606	-110.6784121
517507629	43.4630336	-110.7962091
517663285	43.5317936	-110.8464491
517662835	43.7398163	-110.5891345
517508099	43.4730373	-110.7697172
517507872	43.5064336	-110.8471491
506979774	43.7286876	-111.1110060
517508151	43.4190436	-110.7760191
517508562	43.4736536	-110.7843291
517508091	43.4203096	-110.7771211
517508750	43.4776736	-110.7524491
517507309	43.4721796	-110.7882711
517507310	43.4647046	-110.7934311
517507717	43.4135536	-110.7878191
517508482	43.4771636	-110.7613991
517508250	43.4775636	-110.7634391
517508646	43.4734036	-110.7812091
517508242	43.4752836	-110.7438791
517508865	43.4788036	-110.7656491
517507822	43.4613836	-110.8093391
517508216	43.4794836	-110.7443291
517507566	43.4657236	-110.7928091
517508140	43.4730373	-110.7697172
517508615	43.4267136	-110.7776691
517663174	43.5878536	-110.8271391
517507673	43.4709636	-110.7897491
517662893	43.5224639	-110.8489489
517507962	43.4843866	-110.7638171
517508828	43.4808036	-110.7607091
517507507	43.4663336	-110.7926991
506980691	43.6060836	-111.1109090
517508194	43.4723436	-110.7816091
517507664	43.4067736	-110.7911591
517662805	43.5313766	-110.8457421
517507792	43.4600036	-110.8041791
517663273	43.5151436	-110.8444991
517508760	43.4756436	-110.7598091
517663180	43.5864436	-110.8277391
517507320	43.4222636	-110.8092021
517507055	42.8669136	-109.8603194
517507615	43.4848236	-110.8351091
517508238	43.4812336	-110.7667991
517508678	43.4799636	-110.7565091
517508245	43.4180436	-110.7797791
501428117	34.4100552	-119.6935785
517508380	43.4792536	-110.7611991
506979780	43.7260666	-111.1111040
517507504	43.4736536	-110.7843291
517507912	43.4204486	-110.7766521
517508705	43.4787936	-110.7595891
517507563	43.4619436	-110.7969591
506980743	43.6213436	-111.1978390
501428156	34.4114852	-119.6912285
517663166	43.8522035	-110.3170991
517508083	43.5056106	-110.7716921
506979514	43.6793766	-111.0459090
517507765	43.4585736	-110.7986991
517508486	43.4807636	-110.7505891
514201262	40.9009120	-81.4468672
517507751	43.4674936	-110.7917391
517508734	43.3219836	-110.7286291
517662713	43.5824696	-110.8374161
517508345	43.4779736	-110.7542191
517507910	43.4203096	-110.7771211
517663103	43.5733136	-110.7550591
517507830	43.4617036	-110.8098691
517508893	43.4736736	-110.7611291
510062194	47.4943832	-111.2441382
517507600	43.4709336	-110.8046491
517663270	43.5300836	-110.8428891
517662797	43.5168526	-110.8662141
510061981	47.5020232	-111.2441982
517508729	43.4815436	-110.7608891
517507671	43.4803436	-110.8277291
517508614	43.4812636	-110.7615491
506979778	43.7286876	-111.1110060
517663323	43.5294236	-110.8448291
517509019	43.2799406	-110.6460002
517507544	43.4619436	-110.7973491
517507974	43.4774986	-110.7636631
517508259	43.4840836	-110.7641691
506979785	43.7265176	-111.1124760
517663268	43.5268536	-110.8466691
517507883	43.5004936	-110.8658891
510063133	47.4959032	-111.2466582
517508225	43.3648336	-110.7299991
501427903	34.4112252	-119.6908285
517508111	43.4730373	-110.7697172
517508820	43.4887036	-110.7745991
517508771	43.4320436	-110.7805291
517663165	43.8503935	-110.3090791
517507313	43.4146406	-110.7928201
503023275	39.6272836	-104.9124409
506980147	43.6884736	-111.1094490
506979512	43.7207976	-111.0810860
517507386	43.5006466	-110.8754761
514200975	40.9011920	-81.4448872
517507928	43.4786836	-110.7607121
517507737	43.4623736	-110.7970391
509154932	42.6406823	-71.2394313
517508742	43.3749836	-110.7429391
517508602	43.4800536	-110.7609191
517507858	43.5004636	-110.8663291
517508208	43.4788636	-110.7520691
517508632	43.4812836	-110.7630291
517507936	43.4785656	-110.7597901
517663271	43.5214936	-110.8498391
514203977	40.8864320	-81.4353072
517508128	43.4730373	-110.7697172
517663330	43.5292736	-110.8428291
517508287	43.4226436	-110.7758391
517507339	43.4583256	-110.7988271
517508617	43.4815436	-110.7608891
517508383	43.4807636	-110.7505891
517663316	43.5229736	-110.8534291
517508352	43.4846936	-110.7627591
517663318	43.5148136	-110.8560091
517507898	43.4838856	-110.7636691
506878255	41.9849031	-87.6689742
517507981	43.4784716	-110.7657761
517508696	43.4263336	-110.7758291
517508699	43.3127236	-110.7394491
517509372	43.3910736	-110.7243691
517508040	43.4202486	-110.7756171
517662611	43.8146816	-111.0327210
517508731	43.4775636	-110.7634391
517507999	43.4782496	-110.7607141
517508425	43.4792636	-110.7653591
517508739	43.4800936	-110.7645591
517508555	43.4805036	-110.7618291
517508598	43.4777436	-110.7609191
514186567	40.9015520	-81.5226472
517507941	43.4233236	-110.7750511
517509363	43.3409936	-110.7245891
517508440	43.4735036	-110.7503591
506979506	43.7592656	-111.0840860
517507873	43.5004736	-110.8724391
506980633	43.8069336	-111.2058589
517507388	43.4985996	-110.8671311
517507669	43.4340036	-110.7971291
517508135	43.4730373	-110.7697172
517663331	43.5262736	-110.8261991
517508437	43.4736536	-110.7843291
517507705	43.4648236	-110.7955291
517663308	43.5310536	-110.8422491
517508610	43.4792036	-110.7618091
517507497	43.4702565	-110.7859762
517507635	43.4588236	-110.7973891
517663179	43.5863636	-110.8285491
517508810	43.4787936	-110.7647591
506881730	41.9850221	-87.6605152
517507299	43.4661976	-110.7932481
514191263	40.9039220	-81.4977472
517508087	43.4875016	-110.7624611
503021614	39.6333286	-104.9108659
510061930	47.5035732	-111.2435582
517662868	43.5850472	-110.8257678
517508157	43.4790836	-110.7527191
517662795	43.5323486	-110.8431881
517662846	43.7398163	-110.5891345
517507270	43.4583256	-110.7988271
517507601	43.4623736	-110.7970391
517508551	43.4792536	-110.7598391
506979517	43.7229586	-111.0999500
517508541	43.4736536	-110.7843291
517662866	43.5850472	-110.8257678
517508764	43.4712436	-110.7812091
517507871	43.4995336	-110.8676991
514201250	40.9024720	-81.4457572
517508454	43.4801936	-110.7609191
517508462	43.4794236	-110.7492191
517663313	43.5239236	-110.8516991
503068814	39.7574236	-105.0086509
517662861	43.5850472	-110.8257678
517662911	43.7717336	-111.0176590
517663177	43.5878436	-110.8264991
517507835	43.4985536	-110.8808691
506881749	41.9865721	-87.6605552
517505223	42.6030276	-109.6241875
517507838	43.4674236	-110.9005891
501427658	34.4128542	-119.6905065
517508655	43.4750036	-110.7513091
517508502	43.4715936	-110.7740291
517507385	43.4890376	-110.8579611
517508800	43.4792536	-110.7582991
517508873	43.5071636	-110.7566091
517508672	43.4815436	-110.7608891
517508169	43.4812836	-110.7630291
506980214	43.7304536	-111.1081890
501427804	34.4124452	-119.6957585
517663091	43.6223936	-110.7517491
517663147	43.5376636	-110.7402591
517507622	43.4619436	-110.7964591
517508273	43.4771636	-110.7583991
503068850	39.7572036	-105.0087309
517508183	43.4805236	-110.7627291
517508769	43.4284736	-110.7779591
517507845	43.5070436	-110.8472291
517508344	43.4792536	-110.7633991
514203195	40.8971620	-81.4401772
517508020	43.4782496	-110.7607141
517507940	43.4733426	-110.7576881
517508478	43.4747036	-110.7620391
506979595	43.7258167	-111.1058945
517508093	43.4147566	-110.7730651
517663305	43.5307736	-110.8429491
517508489	43.4800536	-110.7609191
517508270	43.4725936	-110.7848991
517508626	43.4830836	-110.7614491
517508463	43.4835336	-110.7633291
517507625	43.4685836	-110.8093091
517508426	43.4782136	-110.7597391
517507627	43.4350936	-110.7993091
517663094	43.6113436	-110.7609091
517507159	42.8678136	-109.8642694
517662922	43.7822736	-111.0179990
517507521	43.4595436	-110.7970991
517508312	43.4816236	-110.7615491
517508366	43.4213136	-110.7768191
517508142	43.4730373	-110.7697172
517662912	43.7804836	-111.0322890
506979993	43.6141196	-111.1074170
517662924	43.7342636	-111.0340890
506879306	41.9901031	-87.6650882
517507676	43.4375836	-110.7873591
503022362	39.6283536	-104.9101709
506979934	43.8248376	-111.1805769
517508522	43.4805236	-110.7627291
517508857	43.4734236	-110.7805791
517507814	43.4623736	-110.7970391
501429486	34.4073452	-119.6883385
517508415	43.4821336	-110.7640891
517508606	43.4300436	-110.7789491
517508613	43.4718936	-110.7835591
517507390	43.4714696	-110.8736431
517507741	43.4349536	-110.7887891
506979580	43.6068176	-111.1046070
517508170	43.4771636	-110.7613991
517663326	43.5300836	-110.8428891
517508347	43.4805236	-110.7627291
517507947	43.3684016	-110.7400191
517507955	43.4796776	-110.7431461
510061989	47.4944032	-111.2420182
517507287	43.4661996	-110.7932471
517508281	43.4779336	-110.7491891
517508623	43.4741536	-110.7620691
517508292	43.4792536	-110.7627891
517508346	43.4258236	-110.7771491
506879796	41.9868321	-87.6647352
517508310	43.4751036	-110.7742591
517662864	43.5850472	-110.8257678
517508748	43.4877936	-110.7638091
517663288	43.5294236	-110.8448291
517507868	43.4385736	-110.8703791
517507706	43.4804436	-110.8229291
517507988	43.4744186	-110.7813511
506979984	43.5830896	-111.1172050
506980002	43.6836539	-111.1141885
517508399	43.4815736	-110.7667991
517507628	43.4299536	-110.7950891
517506181	42.8671136	-109.8544994
517507569	43.4357136	-110.8029491
517509355	43.3074636	-110.6782691
517507745	43.4354636	-110.7866091
506980041	43.8108659	-111.1454167
517508313	43.4696636	-110.7516891
517508000	43.4749246	-110.7781871
503066836	39.7584836	-105.0056609
517507779	43.4349936	-110.8004891
517662890	43.5144452	-110.8541059
517508066	43.4796526	-110.7629541
517508283	43.4798836	-110.7627191
517508079	43.2983956	-110.7715861
517662876	43.5850472	-110.8257678
517507574	43.4809836	-110.8235191
517508009	43.4870106	-110.7624551
501427284	34.4090252	-119.7007285
517663243	43.5165936	-110.8416291
517662733	43.7815445	-110.7224171
503063579	39.7682936	-104.9992919
517662748	43.5879126	-110.8301961
517508116	43.4730373	-110.7697172
517662870	43.5850472	-110.8257678
517508543	43.4807636	-110.7505891
517508603	43.4792636	-110.7647591
517508575	43.4788036	-110.7662091
517507260	43.4346146	-110.7895871
517508584	43.4736536	-110.7843291
517507750	43.4278236	-110.8039391
517507304	43.4606316	-110.8053971
517663334	43.5352136	-110.8463391
517508285	43.4762036	-110.7702291
517507922	43.4732716	-110.7481691
517663153	43.5600936	-110.7664091
517662735	43.6650866	-110.6947081
517663283	43.5122136	-110.8490291
517662879	43.5224639	-110.8489489
517507803	43.4663336	-110.7926991
517663319	43.5091236	-110.8506391
517508536	43.4811936	-110.7608791
517507672	43.4351936	-110.7989791
517507489	43.4702565	-110.7859762
517507686	43.4667636	-110.8151791
517507889	43.4984736	-110.8756691
506878250	41.9850281	-87.6689982
501427775	34.4034712	-119.6934875
517508086	43.4785756	-110.7629591
517663320	43.5289536	-110.8429491
517507341	43.4184056	-110.8142431
509156157	42.6213933	-71.2550543
517508264	43.4754736	-110.7444391
517507736	43.4227936	-110.8078791
517662919	43.7763436	-111.0259590
517507577	43.4611836	-110.7949091
517507738	43.4321436	-110.8003291
517507337	43.4721356	-110.7882061
517508373	43.4792536	-110.7598391
517507272	43.4607926	-110.7934271
517507677	43.4658036	-110.7927391
517507906	43.4849816	-110.7636631
517506616	42.8715396	-109.8611924
517508721	43.4840736	-110.7627491
506880326	41.9881981	-87.6624862
517507804	43.4692536	-110.7915791
517507572	43.4734336	-110.8043991
517508414	43.4792536	-110.7580191
517507612	43.4588236	-110.7973891
517507952	43.4245106	-110.7757181
506979583	43.5923366	-111.0999970
517508403	43.4798036	-110.7675191
517507867	43.4997536	-110.8676991
517662887	43.5144452	-110.8541059
517507998	43.4782496	-110.7607141
517508622	43.4807636	-110.7505891
517663134	43.6015336	-110.7457991
517662843	43.8416371	-110.5084043
517506578	42.8662386	-109.8625914
517507847	43.5010336	-110.8736391
517508199	43.4815436	-110.7608891
517508682	43.4792536	-110.7596491
517508343	43.3658336	-110.7406591
501428504	34.4103912	-119.6865395
517508625	43.4792936	-110.7558091
517507876	43.4989036	-110.8681291
517507791	43.4302736	-110.7867291
517662849	43.8416371	-110.5084043
517508145	43.4730373	-110.7697172
517508012	43.4796526	-110.7658281
517508712	43.4782236	-110.7658591
517508265	43.4812336	-110.7667991
517508336	43.4761936	-110.7666791
517663139	43.5820436	-110.8324791
517508795	43.4771636	-110.7613991
517508896	43.4751036	-110.7742591
517508788	43.4755136	-110.7826191
517507319	43.4645036	-110.7934341
517508673	43.4806136	-110.7667991
517507833	43.4977636	-110.8757491
517508027	43.4797586	-110.7508131
506880258	41.9844751	-87.6601682
517508166	43.4258836	-110.7746591
517508798	43.4779936	-110.7431091
517508328	43.4757836	-110.7568991
506879272	41.9855361	-87.6659192
506879311	41.9866461	-87.6651122
517507967	43.4875016	-110.7624611
517509351	43.3607236	-110.7184091
517507668	43.4339336	-110.7898291
517508590	43.4811936	-110.7608791
517507528	43.4920236	-110.8136491
506979649	43.7207436	-111.0822390
517508295	43.4771636	-110.7619591
517508229	43.4852036	-110.7633391
517508460	43.4807636	-110.7505891
517508267	43.4263336	-110.7758291
506980032	43.8108659	-111.1454167
517508385	43.4786336	-110.7604091
517507900	43.4760696	-110.7735321
517507743	43.4189736	-110.7917291
517663292	43.5331936	-110.8468491
517508232	43.4807636	-110.7505891
517508567	43.4800536	-110.7609191
517507364	43.4617596	-110.7967501
517508211	43.4258836	-110.7746591
517662875	43.5850472	-110.8257678
517663138	43.6040336	-110.7563791
517508177	43.4764536	-110.7431691
517508315	43.4236436	-110.7735291
506877249	41.9901501	-87.6698092
517508526	43.4751036	-110.7742591
517508563	43.4788936	-110.7627491
517508548	43.4811936	-110.7608791
517508549	43.4747136	-110.7601391
517663259	43.5267036	-110.8414591
517662743	43.5889076	-110.8259681
517507828	43.4605936	-110.8115291
517507961	43.4245106	-110.7757181
517508475	43.4226436	-110.7758391
517507637	43.4602136	-110.8081991
517508340	43.4782136	-110.7640291
517507894	43.4691336	-110.8958491
517508727	43.4809136	-110.7620291
503066759	39.7582336	-105.0063009
517662609	43.7101896	-111.0461430
517508801	43.4751036	-110.7742591
517507264	43.4309156	-110.7956591
517508572	43.4793236	-110.7484991
517508849	43.4703036	-110.7810591
506979782	43.6721676	-111.1105060
517507863	43.4678036	-110.8921891
517507917	43.4784716	-110.7657761
517508724	43.4284736	-110.7779591
517507365	43.4272936	-110.8057381
517508129	43.4730373	-110.7697172
517663122	43.5880436	-110.7485891
517508693	43.3662036	-110.7315991
517508319	43.4751036	-110.7742591
517507793	43.4643736	-110.7887091
517508628	43.4736536	-110.7843291
517508592	43.4741936	-110.7626191
517507778	43.4162536	-110.7870491
509156962	42.6232673	-71.2638433
501427761	34.4034712	-119.6934875
517507533	43.4610836	-110.8037991
517508112	43.4730373	-110.7697172
517663111	43.5648236	-110.7538391
517662891	43.5144452	-110.8541059
517507796	43.4326136	-110.7858691
517508599	43.4717736	-110.7797791
517663314	43.5317436	-110.8423191
517508596	43.4787036	-110.7658391
514184287	40.8911520	-81.5315272
517505220	42.6054786	-109.6347475
503067738	39.7564736	-105.0078709
517662845	43.7398163	-110.5891345
517508239	43.4238936	-110.7763291
517508188	43.4767936	-110.7715491
517507582	43.4658036	-110.7921491
517507801	43.4327636	-110.7953891
517508637	43.4766436	-110.7701991
517508349	43.4278736	-110.7779791
517508725	43.4793636	-110.7565191
517507523	43.4736536	-110.7843291
506878239	41.9838221	-87.6687342
506980158	43.7291136	-111.1103690
517509360	43.3600736	-110.7176591
517508147	43.4730373	-110.7697172
517507789	43.4595436	-110.7970991
517508472	43.4226436	-110.7758391
517507795	43.4606436	-110.7961991
517507985	43.3697256	-110.7382881
506980700	43.6013436	-111.1110590
517508379	43.4812336	-110.7667991
506980670	43.6067136	-111.1176690
506979592	43.7258167	-111.1058945
517508193	43.4771636	-110.7613991
517508746	43.4782536	-110.7490091
517508058	43.4757456	-110.7589921
517506595	42.8677076	-109.8712724
517508394	43.4787936	-110.7640991
517508700	43.3682536	-110.7348491
517507653	43.4674536	-110.8070491
517507316	43.2860596	-110.7857821
517508001	43.4245106	-110.7757181
517507623	43.4823536	-110.8260691
517507410	43.4985826	-110.8671301
517507800	43.4820236	-110.8304291
501428111	34.4095052	-119.6947785
517662865	43.5850472	-110.8257678
517507269	43.4643416	-110.7932851
517508064	43.4726616	-110.7824371
517506856	42.8959945	-109.9069080
517508063	43.4804096	-110.7632461
517508513	43.4210736	-110.7787891
517663123	43.5720836	-110.7491591
517508507	43.4792536	-110.7608191
517507529	43.4653136	-110.7942491
517508520	43.4812536	-110.7646891
517508007	43.4245106	-110.7757181
517507696	43.4614536	-110.7924491
517507522	43.4624136	-110.7980991
517663252	43.5300836	-110.8428891
517662878	43.5144452	-110.8541059
517662856	43.8416371	-110.5084043
517507797	43.4623736	-110.7970391
506979933	43.8044326	-111.1115210
517508752	43.4791236	-110.7702791
517507409	43.4852346	-110.8694581
501427785	34.4042252	-119.6948135
517507406	43.4729236	-110.8910071
517663263	43.5303236	-110.8435591
506980750	43.5879236	-111.1766990
517507926	43.4251216	-110.7766151
517662747	43.5879126	-110.8301961
517507493	43.4702565	-110.7859762
517508740	43.4809136	-110.7620291
517507133	42.8668736	-109.8658594
517663140	43.5366636	-110.7383091
517508636	43.4775636	-110.7634391
517509026	43.5001765	-110.2346182
517507956	43.4875016	-110.7624611
517508670	43.4757536	-110.7613991
517506621	42.8499736	-109.8699834
510063249	47.5003032	-111.2478582
503068826	39.7569136	-105.0091709
517507931	43.4733426	-110.7576881
517507324	43.4416416	-110.8191131
517662906	43.7572836	-111.0369790
517508418	43.4799436	-110.7647991
517508031	43.4782496	-110.7607141
517508187	43.4793236	-110.7484991
517508730	43.4736536	-110.7843291
506328016	41.8997021	-87.6277552
517508448	43.4792536	-110.7574491
503069091	39.7614936	-105.0092509
517507701	43.4281436	-110.8124391
517507602	43.4712936	-110.7873591
517663157	43.5674736	-110.7691491
517507634	43.4091336	-110.7901191
517508860	43.4794836	-110.7443291
506878750	41.9901621	-87.6685752
517507970	43.4749246	-110.7781871
506980036	43.8108659	-111.1454167
517507271	43.4645426	-110.7932821
517507513	43.4736536	-110.7843291
517663286	43.5307736	-110.8429491
517663152	43.5600936	-110.7678591
509156924	42.6308943	-71.2706373
517662855	43.8416371	-110.5084043
517507964	43.4797666	-110.7493531
509156983	42.6304793	-71.2698933
517507315	43.4737616	-110.7873381
517509022	43.3508936	-110.7196791
517663146	43.5189636	-110.7492091
517507761	43.4595436	-110.7970991
517508804	43.4820736	-110.7655791
517508164	43.4190436	-110.7760191
517507290	43.4152916	-110.8059201
517662705	43.6241826	-110.7488281
514193139	40.8888220	-81.4911172
517508880	43.4788036	-110.7653591
517508844	43.4775636	-110.7634391
517663309	43.5175136	-110.8494391
517508179	43.4730736	-110.7817391
506878227	41.9888021	-87.6686382
517663089	43.5910236	-110.7461591
517507404	43.5027236	-110.8632511
503022709	39.6262076	-104.9117449
517508758	43.4808036	-110.7607091
517509015	43.3613916	-110.7273991
517507857	43.5067636	-110.8478091
517663284	43.5303436	-110.8380091
517508017	43.4202486	-110.7756171
517507836	43.4972236	-110.8752891
517507987	43.4844666	-110.7638171
517508060	43.4811116	-110.7611961
501427627	34.4124182	-119.6955475
517508829	43.4784936	-110.7493491
517508182	43.4788036	-110.7669291
517507896	43.4373236	-110.8698891
517508401	43.4751036	-110.7742591
510063215	47.4944032	-111.2580182
517508028	43.3237176	-110.7300201
517507709	43.4322836	-110.7869791
517507603	43.4729036	-110.7854591
509157637	42.6286343	-71.2739513
517505397	42.8638266	-109.8535574
506979986	43.5923616	-111.1116710
517509354	43.2839936	-110.6532391
517663278	43.5356036	-110.8304491
517507322	43.4272926	-110.7995781
517508882	43.4735636	-110.7512891
517507757	43.4991236	-110.8338991
517508688	43.4745336	-110.7516791
503022713	39.6352956	-104.9119069
517508763	43.4812836	-110.7620291
517662687	43.5596796	-110.7678101
517507930	43.4203096	-110.7771211
517508703	43.4734336	-110.7796091
517508439	43.4741336	-110.7600491
517662739	43.8503135	-110.4244461
506979825	43.7230216	-111.1107740
517508556	43.4777636	-110.7452591
517508585	43.4747136	-110.7586991
517508382	43.4786236	-110.7471491
517507596	43.4639436	-110.8082291
517507551	43.4662136	-110.8062791
517662725	43.7656015	-110.5682061
517509018	43.3225656	-110.4381792
517662692	43.5395146	-110.8237261
517507510	43.4826936	-110.8267191
517507937	43.4832306	-110.7638191
517508749	43.4736536	-110.7843291
517508148	43.4730373	-110.7697172
517508781	43.4786336	-110.7604091
506979818	43.7245426	-111.1116790
517507680	43.4708836	-110.7873291
517508041	43.4782496	-110.7607141
517662808	43.5323486	-110.8431881
517507837	43.4723636	-110.8874891
517507674	43.4644836	-110.7950391
517508582	43.4757536	-110.7626191
517507311	43.4739626	-110.7848781
514185895	40.8846260	-81.5235012
506318045	41.9005801	-87.6242472
517508102	43.4730373	-110.7697172
514201667	40.8792300	-81.4421762
517507905	43.4782496	-110.7607141
517507501	43.4314236	-110.8025691
506980045	43.8108659	-111.1454167
517507004	42.8663636	-109.8615694
509156925	42.6305103	-71.2699803
517508620	43.4798836	-110.7605691
517509014	43.2857506	-110.6293882
517508271	43.4811936	-110.7608791
517662885	43.5144452	-110.8541059
517508644	43.4751036	-110.7742591
517508123	43.4730373	-110.7697172
517508006	43.4805266	-110.7622841
517507733	43.4590136	-110.8086091
517507692	43.4357336	-110.8000691
517507887	43.4459736	-110.8694891
517508521	43.4728336	-110.7576191
517507646	43.4709736	-110.8030691
506979709	43.7241136	-111.1008290
517507134	42.8705936	-109.8616194
509157656	42.6092573	-71.2803203
510062910	47.5036532	-111.2585382
506979966	43.5719896	-111.1359160
517508470	43.4745536	-110.7836991
517663254	43.5294236	-110.8448291
517663175	43.5859736	-110.8282591
517507536	43.4321436	-110.8003291
517508531	43.4878536	-110.7626691
517507516	43.4742336	-110.7862791
517507675	43.4657136	-110.7939791
517508015	43.4797586	-110.7506231
517507869	43.3887036	-110.8454591
517507586	43.4699736	-110.7880791
517508713	43.4756736	-110.7492991
517662750	43.5850496	-110.8263901
517507817	43.4865636	-110.8186791
517507812	43.4344936	-110.7979991
501427779	34.4034622	-119.6935605
517507683	43.4606636	-110.7955291
517507708	43.4712136	-110.7890491
517507505	43.4712936	-110.7873591
517508464	43.4792536	-110.7633991
517663282	43.5321236	-110.8386291
517508105	43.4730373	-110.7697172
517508866	43.4751036	-110.7742591
514197102	40.9076720	-81.4657972
506980228	43.7191536	-111.1103690
517507808	43.4708836	-110.7873291
517507989	43.4790506	-110.7605561
517508751	43.4878536	-110.7626691
517507608	43.4663336	-110.7926991
517507044	42.8594436	-109.8649794
517506611	42.8662066	-109.8637864
517508305	43.4254236	-110.7768591
517507972	43.4749246	-110.7781871
517508388	43.4792536	-110.7580191
517508153	43.4807636	-110.7505891
503068832	39.7553536	-105.0085409
517662880	43.5144452	-110.8541059
503068975	39.7626936	-105.0103609
517508767	43.4775036	-110.7453591
517507360	43.4699956	-110.7917781
506879353	41.9907951	-87.6660722
517507710	43.4623036	-110.7939791
517507636	43.4302336	-110.7918391
517507488	43.4702565	-110.7859762
509158401	42.6094273	-71.2854813
517506585	42.8701516	-109.8598154
517508706	43.4284736	-110.7779591
517507403	43.3936246	-110.8325251
514201255	40.9024720	-81.4457572
506980204	43.7228336	-111.1096090
517508877	43.4788236	-110.7559991
506879347	41.9850591	-87.6636882
517663144	43.6147736	-110.7577091
517507929	43.4797586	-110.7508131
514203998	40.8861120	-81.4327972
517507537	43.4304036	-110.7940191
506878757	41.9846221	-87.6686252
517662719	43.6206865	-110.6237651
517508447	43.4759036	-110.7653791
517507593	43.4616936	-110.8046791
517508113	43.4730373	-110.7697172
517508289	43.4726836	-110.7437891
517508888	43.4793636	-110.7565191
517508396	43.4736736	-110.7602391
517507655	43.4609336	-110.7924891
517508456	43.4751036	-110.7742591
517507995	43.4202486	-110.7756171
517507604	43.4608236	-110.8045991
517507954	43.4792646	-110.7605541
517506182	42.8699336	-109.8588294
506877289	41.9891131	-87.6697412
517662872	43.5850472	-110.8257678
517662847	43.8416371	-110.5084043
517508171	43.4816236	-110.7620291
517509012	43.3516446	-110.7196691
517507344	43.4628116	-110.7975751
517508495	43.4792636	-110.7570691
517508743	43.4798236	-110.7645091
517508136	43.4730373	-110.7697172
506880790	41.9894021	-87.6618652
517507144	42.8658436	-109.8616594
517507347	43.4702516	-110.7873311
517507553	43.4396636	-110.8163091
517508368	43.4725936	-110.7848991
517508355	43.4777436	-110.7615791
506979568	43.5851046	-111.1012680
517508390	43.4712336	-110.7832391
517508533	43.4792536	-110.7633991
517508374	43.4757536	-110.7612091
517507726	43.4633336	-110.7953891
517508851	43.4798336	-110.7660391
517508375	43.4797536	-110.7576291
517663302	43.5292736	-110.8428291
517508676	43.4828936	-110.7640891
517508021	43.4811116	-110.7611961
506880851	41.9838021	-87.6632852
517507886	43.4977636	-110.8757491
517662752	43.5856436	-110.8271481
517508640	43.4762836	-110.7724691
517508803	43.4736736	-110.7592091
517507946	43.4782496	-110.7607141
517508322	43.4736536	-110.7843291
517508119	43.4730373	-110.7697172
517507843	43.4755436	-110.8873191
517508525	43.4787936	-110.7595891
517507734	43.4712936	-110.7873591
517507325	43.4312026	-110.8134191
517508861	43.4777436	-110.7579291
517506627	42.8666696	-109.8639084
501428207	34.4104452	-119.6920185
517508774	43.4751036	-110.7742591
517507541	43.4815136	-110.8273291
517508834	43.4807636	-110.7505891
517507498	43.4702565	-110.7859762
517663306	43.5290436	-110.8451291
517508852	43.4308136	-110.7832991
517508072	43.4784716	-110.7658021
517663293	43.5300836	-110.8428891
517509361	43.3925436	-110.7152691
506879331	41.9855351	-87.6654832
506980636	43.8703336	-111.1132790
517508791	43.4788936	-110.7592391
517508766	43.4787036	-110.7511491
517508411	43.4766236	-110.7706191
517507815	43.4641736	-110.7962091
517507755	43.4803636	-110.8257291
517508314	43.4824036	-110.7633291
514185868	40.8918580	-81.5221612
517507008	42.8659936	-109.8670194
517662839	43.7398163	-110.5891345
517509016	43.2866426	-110.6307622
517508360	43.4736736	-110.7592091
517507592	43.4634636	-110.7943991
517663145	43.5623436	-110.7564491
517508487	43.4770236	-110.7591891
517508601	43.4757536	-110.7576491
517508298	43.3905836	-110.7294491
517508694	43.4745536	-110.7836991
501428206	34.4097852	-119.6943485
517508697	43.4777436	-110.7577391
517507405	43.4352736	-110.8622091
517507798	43.4706836	-110.7891191
517508890	43.4792736	-110.7670591
517507951	43.4795426	-110.7617611
506980646	43.8409136	-111.1774689
517507842	43.4700536	-110.8623691
517508082	43.4816516	-110.7598801
503021605	39.6272216	-104.9113569
517508442	43.4792636	-110.7642891
503068790	39.7569136	-105.0091709
517508498	43.4878536	-110.7626691
517662712	43.5867576	-110.8275461
517663341	43.5308336	-110.8477191
517507491	43.4702565	-110.7859762
517507285	43.4617596	-110.7977931
517508875	43.4767336	-110.7686491
514203970	40.8807820	-81.4352072
517507317	43.4284696	-110.8109131
514189594	40.8944120	-81.5105072
517508276	43.4792736	-110.7666691
517662829	43.7175047	-110.3287470
517508243	43.4294736	-110.7836391
517508341	43.4258836	-110.7746591
506980110	43.7240036	-111.1108090
517507334	43.4210846	-110.7852021
517508848	43.4728336	-110.7576191
517508206	43.5066636	-110.7691291
517663333	43.5297136	-110.8428791
517507335	43.4609276	-110.7934271
506980724	43.6024236	-111.1105490
517662793	43.5394656	-110.8239381
517508881	43.5071636	-110.7566091
517508826	43.4700336	-110.7521591
517507689	43.4740636	-110.8040791
517508167	43.4792836	-110.7562391
517508364	43.4168436	-110.7760591
517508708	43.4792536	-110.7633991
517508535	43.4740136	-110.7524691
506979537	43.6539116	-111.1022460
517507707	43.4880236	-110.8382091
517508683	43.4771636	-110.7601791
517508451	43.4784936	-110.7708191
517508032	43.4796526	-110.7660131
510063114	47.4977232	-111.2639182
503065941	39.7646236	-105.0028109
506980656	43.5988036	-111.1109690
517505435	42.8701456	-109.8532694
517663328	43.5289536	-110.8429491
517662701	43.6021326	-110.7366731
506877231	41.9881191	-87.6696202
517508433	43.4724436	-110.7827791
503067018	39.7607336	-105.0067709
517508450	43.4332536	-110.7851291
517508709	43.4811136	-110.7553391
517507494	43.4702565	-110.7859762
517508656	43.4788836	-110.7619491
517508511	43.4222436	-110.7775091
517508787	43.4755736	-110.7479291
517508323	43.4807636	-110.7505891
517509008	43.3530576	-110.7197741
517507853	43.5004136	-110.8678291
517508446	43.4771636	-110.7613991
517508107	43.4730373	-110.7697172
517507597	43.4595436	-110.7970991
506880798	41.9879221	-87.6624552
509156238	42.6199573	-71.2565233
503067490	39.7569016	-105.0088119
517662871	43.5850472	-110.8257678
506979619	43.7258167	-111.1058945
501427784	34.4042252	-119.6948135
517508435	43.4727836	-110.7451291
506979722	43.6116236	-111.1066390
517508174	43.4692936	-110.7815091
517507784	43.4636136	-110.7925991
517507807	43.4199736	-110.7891191
517662749	43.5856156	-110.8273871
517507715	43.4611836	-110.7949091
503067771	39.7611836	-105.0074609
517663335	43.5300836	-110.8428891
517508868	43.4801936	-110.7609191
509156244	42.6456873	-71.2573323
506979534	43.7955746	-111.1079690
506879856	41.9884721	-87.6647152
517662905	43.7743336	-111.0252990
517507859	43.4997536	-110.8687291
517508402	43.4792036	-110.7618091
517508643	43.4835336	-110.7653591
517505499	42.6079936	-109.6311795
517507296	43.4678556	-110.7927751
517508398	43.4736736	-110.7592091
517507799	43.4586936	-110.7967691
517507725	43.4620936	-110.8076991
517508422	43.4800236	-110.7576291
506980671	43.6409436	-111.1230290
517509383	43.3919936	-110.7189491
506881715	41.9892121	-87.6606452
517508537	43.4716636	-110.7443291
501427790	34.4035742	-119.6936025
517508593	43.3705136	-110.7481891
506979790	43.7262666	-111.1088400
517507893	43.5011136	-110.8756791
517508121	43.4730373	-110.7697172
517508864	43.4807636	-110.7505891
517663168	43.8490735	-110.3175491
517507747	43.4101036	-110.7922891
517508869	43.4792536	-110.7610091
503066909	39.7685436	-105.0049309
517508794	43.4262736	-110.7771091
517508517	43.4815436	-110.7608891
517507712	43.4184936	-110.8103191
517508377	43.4729336	-110.7829691
517507392	43.5005446	-110.8760651
517508256	43.4807636	-110.7505891
517663178	43.5878436	-110.8264991
517507848	43.5001036	-110.8687391
517507702	43.4717136	-110.7876691
517508618	43.4792636	-110.7642891
517662796	43.5308656	-110.8414881
517508777	43.3155236	-110.7424691
517663117	43.5839236	-110.7532191
517507977	43.4771766	-110.7721441
506979604	43.7258167	-111.1058945
517663325	43.5302636	-110.8510991
517507534	43.4651336	-110.7957091
517507763	43.4738936	-110.8373091
517662881	43.5144452	-110.8541059
510061942	47.5042332	-111.2447582
517507644	43.4598336	-110.7941991
503023296	39.6280536	-104.9122809
517506172	42.8706236	-109.8524294
517509367	43.3409936	-110.7245891
517508612	43.4792536	-110.7598391
510062627	47.5044632	-111.2501082
506979736	43.6506736	-111.0753790
517507764	43.4298936	-110.8025591
506979651	43.7323536	-111.0823090
517507973	43.4276036	-110.7788481
517508069	43.4784506	-110.7608281
517508841	43.4826836	-110.7640891
517508779	43.4821336	-110.7640891
506979749	43.6095536	-111.0997190
517507827	43.4728436	-110.7875791
517507610	43.4651336	-110.7957091
517508770	43.4715136	-110.7424591
506980231	43.7208836	-111.1103590
517507782	43.4307736	-110.8019591
517507891	43.4959436	-110.8953891
517508363	43.4801536	-110.7626291
517663173	43.5866036	-110.8289791
517662746	43.5867576	-110.8275461
517508043	43.4743956	-110.7815401
517507278	43.4325826	-110.7875151
517507295	43.4661996	-110.7932471
517507261	43.4583226	-110.7981281
517507259	43.4672446	-110.7882911
517507976	43.4245106	-110.7757181
517507892	43.5055536	-110.8471691
517507607	43.4668436	-110.8070191
517507555	43.4597936	-110.8091591
503068825	39.7553536	-105.0085409
506980048	43.8108659	-111.1454167
517663307	43.5082036	-110.8478191
517508241	43.4728936	-110.7843291
517507806	43.4308836	-110.7929791
517508669	43.4757536	-110.7626191
517508247	43.4724436	-110.7827791
517508215	43.4767036	-110.7592891
506880272	41.9874151	-87.6602522
517663150	43.5968736	-110.7464391
517508351	43.4757836	-110.7568991
517508434	43.3995336	-110.7500891
517663276	43.5337536	-110.8423391
517508255	43.4816236	-110.7615491
517508014	43.5056106	-110.7716921
517507819	43.4299536	-110.7950891
517508162	43.4242036	-110.7778891
506979988	43.5921946	-111.1757590
509155653	42.6174343	-71.2485843
517508332	43.4815436	-110.7608891
509156899	42.6258113	-71.2681463
517507909	43.4875016	-110.7624611
517663106	43.5991936	-110.7500291
517507367	43.4734996	-110.7882481
506980630	43.7803336	-111.2779189
517508127	43.4730373	-110.7697172
501426236	34.4112052	-119.7027885
501428199	34.4143352	-119.6927185
517662852	43.7398163	-110.5891345
517507735	43.4663336	-110.7926991
517507862	43.4926136	-110.8624591
517508062	43.4268096	-110.7760381
501427818	34.4121652	-119.6943485
517508068	43.4783586	-110.7500461
517662697	43.5593686	-110.7627041
517508832	43.4736736	-110.7595791
517507402	43.4925246	-110.9068071
517507481	43.4702565	-110.7859762
517508046	43.4782496	-110.7607141
506979826	43.7286876	-111.1110060
517508369	43.4173936	-110.7810291
517662826	43.7175047	-110.3287470
517507407	43.4985826	-110.8671301
517663257	43.5294236	-110.8448291
517662806	43.5088056	-110.8478131
517507714	43.4663336	-110.7926991
517507520	43.4631936	-110.7912191
517508097	43.4730373	-110.7697172
517663324	43.5300836	-110.8428891
506879810	41.9872821	-87.6646752
517508853	43.4792936	-110.7558091
517507874	43.4992336	-110.8678491
517663105	43.5085536	-110.7665291
517508884	43.4789236	-110.7684391
517663265	43.5312936	-110.8417191
517507288	43.4702516	-110.7873311
517507826	43.4715336	-110.7880191
517508833	43.4323636	-110.7849291
514190585	40.8981620	-81.5067372
517508013	43.4782496	-110.7607141
517507934	43.4896836	-110.7622791
517508061	43.4797666	-110.7493531
509156267	42.6211223	-71.2616923
517509353	43.3790036	-110.7191291
506880838	41.9867121	-87.6618152
517507361	43.4674366	-110.8067241
517507687	43.4712936	-110.7873591
517508494	43.4787836	-110.7608291
517663137	43.5921836	-110.7447391
517508443	43.4788936	-110.7592391
517507496	43.4702565	-110.7859762
501428330	34.4085752	-119.6939185
517508885	43.4717936	-110.7827791
517508785	43.4793636	-110.7603191
517508737	43.4824036	-110.7627291
506878723	41.9897221	-87.6681552
506980180	43.7228336	-111.1086190
517663184	43.5880736	-110.8291091
517663247	43.5310536	-110.8422491
517508228	43.4745536	-110.7445691
517507558	43.4699736	-110.7880791
506980115	43.7697536	-111.1094590
517508690	43.4741536	-110.7620691
517507306	43.4702256	-110.7916711
517508284	43.4792536	-110.7615791
517508631	43.4767036	-110.7586391
506979521	43.7236166	-111.1070520
517663262	43.5123936	-110.8424891
517507354	43.4617596	-110.7967501
517508469	43.4794536	-110.7696691
517662860	43.8416371	-110.5084043
517508221	43.4729636	-110.7654791
506980740	43.6063536	-111.1120490
517508558	43.4750036	-110.7513091
517507882	43.4982536	-110.8711391
517507511	43.4833136	-110.8376491
517663260	43.5308336	-110.8477191
509157012	42.6287193	-71.2673513
517508405	43.4696836	-110.7685391
517508680	43.4835336	-110.7633291
517508071	43.4742586	-110.7826111
517662896	43.5144452	-110.8541059
517507580	43.4597236	-110.8109391
517508234	43.4164036	-110.7793491
506979510	43.7195476	-111.0810870
517508120	43.4730373	-110.7697172
517508726	43.4767136	-110.7653691
517507932	43.4782496	-110.7607141
517662686	43.5593866	-110.7629031
517507482	43.4702565	-110.7859762
517509024	43.3391546	-110.7237681
517508664	43.4751036	-110.7742591
517508008	43.4730766	-110.7445341
517508339	43.4254236	-110.7768591
509158399	42.6098893	-71.2856593
517507525	43.4657036	-110.7906391
514201259	40.9024720	-81.4457572
510062621	47.5040732	-111.2502182
517507352	43.4325826	-110.7875151
517508412	43.4779736	-110.7486791
517508371	43.4745536	-110.7836991
517507984	43.4797456	-110.7663731
517508144	43.4730373	-110.7697172
517508765	43.4799536	-110.7599291
510063258	47.4977232	-111.2635882
517508891	43.4761036	-110.7633791
517663126	43.5649536	-110.7557791
506880320	41.9882891	-87.6602872
517508059	43.4793216	-110.7684321
517508004	43.4875016	-110.7624611
517507665	43.4214236	-110.8075191
517508057	43.4797666	-110.7493531
517507935	43.4805866	-110.7611931
517508604	43.4736536	-110.7843291
517508813	43.4210636	-110.7766991
517662691	43.5675956	-110.7440081
517507559	43.4354636	-110.7866091
517662731	43.6523456	-110.7110451
501428483	34.4063852	-119.6972485
517507531	43.4595436	-110.7970991
517508648	43.4792936	-110.7558091
517508586	43.4775636	-110.7634391
517507305	43.4739626	-110.7848781
517507599	43.4654736	-110.7899591
517507772	43.4616736	-110.7951391
517663264	43.5096236	-110.8504191
517508181	43.4799536	-110.7569591
503068904	39.7690836	-105.0108609
517662708	43.5736216	-110.7519701
506880239	41.9836311	-87.6623852
517663279	43.5151536	-110.8522391
517508674	43.4799436	-110.7647991
517507485	43.4702565	-110.7859762
517507659	43.4623736	-110.7970391
509156169	42.6374173	-71.2574593
517663149	43.5830136	-110.7531991
517662688	43.5888896	-110.7440191
517507277	43.4325826	-110.7875151
517508609	43.4811436	-110.7620291
517507661	43.4250836	-110.8051691
517507624	43.4340836	-110.7890591
517507660	43.4183636	-110.7869391
517507948	43.4875016	-110.7624611
517663183	43.5856736	-110.8263191
517507621	43.4943436	-110.8158291
503067799	39.7599536	-105.0083509
517508686	43.4800536	-110.7609191
517507810	43.4659036	-110.8100191
517662803	43.5128086	-110.8423911
517508780	43.4799636	-110.7677591
506979768	43.7265576	-111.1131050
517507500	43.4711636	-110.8027791
514203979	40.8843320	-81.4326872
517506824	42.8959945	-109.9069080
514203994	40.8830020	-81.4330372
517507524	43.4186336	-110.8043191
517508897	43.3697536	-110.7373291
517663346	43.5175136	-110.8494391
517507691	43.4659236	-110.8118291
509156204	42.6455563	-71.2562853
517509381	43.3925436	-110.7152691
517662888	43.5144452	-110.8541059
506979975	43.6069846	-111.1196850
517508037	43.4796406	-110.7523201
510062999	47.4944232	-111.2524382
509155024	42.6407393	-71.2402753
517507142	42.8659636	-109.8741694
517508330	43.4828936	-110.7646891
517508578	43.4811436	-110.7620291
517508701	43.4771636	-110.7613991
517507719	43.4665436	-110.8449091
517508802	43.4820736	-110.7655791
517508754	43.4792536	-110.7582991
517662838	43.7398163	-110.5891345
517507308	43.4735176	-110.7884581
517507508	43.4614936	-110.8115891
517509350	43.3860436	-110.7250591
517662716	43.5669555	-110.2821982
501427789	34.4079562	-119.6939015
517507616	43.4636136	-110.7925991
506979808	43.7337576	-111.1100450
517507979	43.4772946	-110.7719711
517509362	43.3474736	-110.7206491
517508894	43.4258236	-110.7761691
517508559	43.4752836	-110.7620591
517662607	43.7593906	-111.0350940
517507959	43.4793166	-110.7589761
517508652	43.4728236	-110.7627591
517508817	43.4807636	-110.7505891
506980148	43.7220236	-111.1107190
501428328	34.4109952	-119.6911485
517663092	43.6186736	-110.7598891
506979828	43.7231316	-111.1091430
517508627	43.4226436	-110.7758391
517508291	43.4716336	-110.7658091
517663327	43.5213536	-110.8359191
517662710	43.5395146	-110.8237261
517508358	43.4799536	-110.7633291
517508540	43.4777436	-110.7619591
517507530	43.4303836	-110.8026691
517507286	43.4583236	-110.7984781
517507914	43.4788296	-110.7697161
517508034	43.4226396	-110.7739001
517662680	43.5742306	-110.7532351
517508222	43.4771636	-110.7613991
517508570	43.4728336	-110.7576191
509156963	42.6308943	-71.2706373
517507802	43.4606636	-110.7955291
510062087	47.5002832	-111.2448082
517508867	43.4788036	-110.7669291
517507944	43.4785806	-110.7662231
517508249	43.4199036	-110.7789091
503068801	39.7574236	-105.0086509
517507860	43.4785936	-110.8836391
517663347	43.5172636	-110.8412191
517507314	43.4335646	-110.7866321
503068922	39.7654336	-105.0094609
517508226	43.4771736	-110.7640191
517505402	42.8156126	-109.8336774
517663171	43.8248835	-110.3591991
517662859	43.8416371	-110.5084043
517507590	43.4804136	-110.8234891
517508744	43.4877936	-110.7638091
517508836	43.4793636	-110.7565191
517507619	43.4662836	-110.7906791
517508710	43.4775636	-110.7634391
517507788	43.4606436	-110.7958891
510062301	47.5009032	-111.2418582
517508078	43.4875016	-110.7624611
517507571	43.4317936	-110.7943091
517508362	43.4824136	-110.7640891
517662923	43.7879736	-110.9585690
517508311	43.4730236	-110.7837891
517508792	43.4748236	-110.7756791
517507785	43.4625436	-110.7958191
517507958	43.4862936	-110.7624471
517508675	43.4782236	-110.7661691
517662682	43.5395146	-110.8237261
503065931	39.7682036	-105.0010309
517663090	43.5827336	-110.8333691
509156889	42.6461393	-71.2706583
517507368	43.4625286	-110.8073671
510063265	47.5003832	-111.2618482
510063379	47.4943932	-111.2498982
517508372	43.4797436	-110.7627191
517508393	43.4766236	-110.7493791
509157003	42.6251213	-71.2633453
517508645	43.4736536	-110.7843291
510061550	47.5038102	-111.2424822
517508198	43.4792536	-110.7585791
517507542	43.4586836	-110.8065491
517508871	43.4778536	-110.7686791
517508821	43.4788936	-110.7592391
517507975	43.4708036	-110.7829361
517662897	43.5144452	-110.8541059
510063287	47.4944332	-111.2468082
517507518	43.4595436	-110.7970991
501428534	34.4100372	-119.6857965
517508466	43.4792936	-110.7558091
517508685	43.4792636	-110.7647591
517508202	43.4723436	-110.7816091
503065956	39.7690236	-105.0014209
517507663	43.4585736	-110.7986991
517507564	43.4910436	-110.8102191
517662884	43.5144452	-110.8541059
517508538	43.4792536	-110.7613891
517662837	43.7398163	-110.5891345
501428519	34.4096272	-119.6856105
506980070	43.6213150	-111.1162357
517507816	43.4686236	-110.7879291
517507921	43.4784716	-110.7657761
517507986	43.4733426	-110.7576881
517508054	43.4787076	-110.7605611
517507633	43.4705036	-110.7873391
506880345	41.9890761	-87.6606782
517507492	43.4702565	-110.7859762
517508033	43.4793166	-110.7589761
517507294	43.4739626	-110.7848781
517508566	43.4770836	-110.7507391
506979803	43.7265576	-111.1131050
517507519	43.4615736	-110.7958691
506979502	43.7675556	-111.0700390
517507408	43.4386066	-110.8695491
517662902	43.7826736	-111.0227190
517507351	43.4589166	-110.8057021
517508776	43.4745536	-110.7836991
517507275	43.4608166	-110.7965391
501427859	34.4100152	-119.6922385
517507875	43.4899036	-110.8884591
503068847	39.7572036	-105.0087309
517507576	43.4729036	-110.7854591
501427806	34.4118352	-119.6906285
517663277	43.5257236	-110.8477791
517507384	43.5077386	-110.8455391
510063035	47.5035332	-111.2488882
517662925	43.8168136	-111.0364690
517663280	43.5126236	-110.8423391
517508753	43.4792536	-110.7580191
517508768	43.4767436	-110.7675291
517663303	43.5204236	-110.8526491
501426492	34.4091022	-119.6992155
517508499	43.4799536	-110.7633291
517508560	43.3238336	-110.7314091
517663332	43.5283536	-110.8500091
506980075	43.6213150	-111.1162357
517662737	43.8247835	-110.3546681
