sp_id	sp_gq_id	age	sex
943200085	450025114	16	M
943200078	450025114	16	M
943200079	450025114	17	M
943200080	450025114	17	M
943200081	450025114	16	M
943200082	450025114	17	M
943200083	450025114	14	M
943200084	450025114	13	M
943200086	450025114	14	M
943200087	450025114	15	M
943200088	450025114	15	M
943200089	450025114	16	M
943200096	450025115	17	F
943200097	450025115	15	F
943200098	450025115	17	F
943200095	450025115	17	F
943200094	450025115	16	F
943200093	450025115	17	F
943200092	450025115	16	F
943200091	450025115	16	F
943200090	450025115	14	F
938943207	450003739	23	F
938943007	450003739	18	M
938943008	450003739	20	M
938943009	450003739	23	M
938943010	450003739	19	M
938943011	450003739	20	M
938943012	450003739	20	M
938943013	450003739	21	M
938943014	450003739	19	M
938943015	450003739	21	M
938943016	450003739	20	M
938943017	450003739	19	M
938943018	450003739	19	M
938943019	450003739	18	M
938943020	450003739	19	M
938943021	450003739	23	M
938943022	450003739	22	M
938943023	450003739	18	M
938943024	450003739	21	M
938943025	450003739	19	M
938943026	450003739	23	M
938943027	450003739	19	M
938943028	450003739	21	M
938943029	450003739	19	M
938943030	450003739	23	M
938943031	450003739	18	M
938943032	450003739	20	M
938943033	450003739	19	M
938943034	450003739	23	M
938943035	450003739	19	M
938943036	450003739	19	M
938943037	450003739	21	M
938943038	450003739	23	M
938943039	450003739	20	M
938943040	450003739	19	M
938943041	450003739	19	M
938943042	450003739	18	M
938943043	450003739	18	M
938943044	450003739	19	M
938943045	450003739	21	M
938943046	450003739	18	M
938943047	450003739	21	M
938943048	450003739	18	M
938943049	450003739	19	M
938943050	450003739	19	M
938943051	450003739	19	M
938943052	450003739	19	M
938943053	450003739	21	M
938943054	450003739	20	M
938943055	450003739	20	M
938943056	450003739	20	M
938943057	450003739	19	M
938943058	450003739	19	M
938943059	450003739	20	M
938943060	450003739	20	M
938943061	450003739	20	M
938943062	450003739	18	M
938943063	450003739	23	M
938943064	450003739	20	M
938943065	450003739	29	M
938943066	450003739	18	M
938943067	450003739	24	M
938943068	450003739	19	M
938943069	450003739	20	M
938943070	450003739	21	M
938943071	450003739	19	M
938943072	450003739	24	M
938943073	450003739	18	M
938943074	450003739	20	M
938943075	450003739	21	M
938943076	450003739	21	M
938943077	450003739	19	M
938943078	450003739	19	M
938943079	450003739	19	M
938943080	450003739	19	M
938943081	450003739	28	M
938943082	450003739	19	M
938943083	450003739	22	M
938943084	450003739	22	M
938943085	450003739	23	M
938943086	450003739	23	M
938943087	450003739	20	M
938943088	450003739	19	M
938943089	450003739	19	M
938943090	450003739	18	M
938943091	450003739	19	M
938943092	450003739	18	M
938943093	450003739	19	M
938943094	450003739	18	M
938943095	450003739	20	M
938943096	450003739	21	M
938943097	450003739	22	F
938943098	450003739	18	F
938943099	450003739	23	F
938943100	450003739	19	F
938943101	450003739	20	F
938943102	450003739	21	F
938943103	450003739	18	F
938943104	450003739	18	F
938943105	450003739	24	F
938943106	450003739	18	F
938943107	450003739	30	F
938943108	450003739	19	F
938943109	450003739	24	F
938943110	450003739	18	F
938943111	450003739	20	F
938943112	450003739	61	F
938943113	450003739	19	F
938943114	450003739	19	F
938943115	450003739	19	F
938943116	450003739	18	F
938943117	450003739	19	F
938943118	450003739	21	F
938943119	450003739	19	F
938943120	450003739	18	F
938943121	450003739	19	F
938943122	450003739	19	F
938943123	450003739	19	F
938943124	450003739	19	F
938943125	450003739	20	F
938943126	450003739	19	F
938943127	450003739	19	F
938943128	450003739	19	F
938943129	450003739	19	F
938943130	450003739	18	F
938943131	450003739	21	F
938943132	450003739	18	F
938943133	450003739	19	F
938943134	450003739	19	F
938943135	450003739	18	F
938943136	450003739	18	F
938943137	450003739	19	F
938943138	450003739	24	F
938943139	450003739	19	F
938943140	450003739	19	F
938943141	450003739	19	F
938943142	450003739	23	F
938943143	450003739	23	F
938943144	450003739	21	F
938943145	450003739	19	F
938943146	450003739	21	F
938943147	450003739	21	F
938943148	450003739	19	F
938943149	450003739	24	F
938943150	450003739	21	F
938943151	450003739	19	F
938943152	450003739	23	F
938943153	450003739	19	F
938943154	450003739	19	F
938943155	450003739	19	F
938943156	450003739	19	F
938943157	450003739	18	F
938943158	450003739	19	F
938943159	450003739	24	F
938943160	450003739	19	F
938943161	450003739	19	F
938943162	450003739	19	F
938943163	450003739	28	F
938943164	450003739	19	F
938943165	450003739	19	F
938943166	450003739	21	F
938943167	450003739	19	F
938943168	450003739	22	F
938943169	450003739	23	F
938943170	450003739	18	F
938943171	450003739	19	F
938943172	450003739	22	F
938943173	450003739	25	F
938943174	450003739	18	F
938943175	450003739	19	F
938943176	450003739	18	F
938943177	450003739	22	F
938943178	450003739	18	F
938943179	450003739	19	F
938943180	450003739	19	F
938943181	450003739	23	F
938943182	450003739	22	F
938943183	450003739	19	F
938943184	450003739	24	F
938943185	450003739	22	F
938943186	450003739	19	F
938943187	450003739	19	F
938943188	450003739	22	F
938943189	450003739	19	F
938943190	450003739	22	F
938943191	450003739	19	F
938943192	450003739	19	F
938943193	450003739	19	F
938943194	450003739	21	F
938943195	450003739	18	F
938943196	450003739	21	F
938943197	450003739	21	F
938943198	450003739	24	F
938943199	450003739	19	F
938943200	450003739	19	F
938943201	450003739	18	F
938943202	450003739	33	F
938943203	450003739	21	F
938943204	450003739	19	F
938943205	450003739	18	F
938943206	450003739	22	F
938943208	450003739	20	F
938943209	450003739	22	F
938943210	450003739	34	F
938943211	450003739	21	F
938943212	450003739	20	F
938943213	450003739	22	F
938943214	450003739	24	F
938943215	450003739	19	F
938943216	450003739	18	F
938943217	450003739	21	F
938943218	450003739	20	F
938943219	450003739	24	F
938943220	450003739	23	F
938943221	450003739	18	F
938943222	450003739	19	F
938943223	450003739	20	F
938943224	450003739	19	F
938943225	450003739	19	F
938943226	450003739	18	F
938943227	450003739	21	F
938943228	450003739	18	F
938943229	450003739	23	F
940542406	450032304	100	M
939686748	450032304	78	F
939686749	450032304	82	F
939686750	450032304	89	F
939686751	450032304	88	F
939686752	450032304	84	F
939686753	450032304	105	F
939686754	450032304	82	F
939686755	450032304	93	F
939686756	450032304	87	F
939686757	450032304	85	F
939686758	450032304	88	F
939686759	450032304	87	F
939686760	450032304	100	F
939686761	450032304	100	F
939686762	450032304	82	F
939686763	450032304	86	F
939686764	450032304	77	F
939686765	450032304	89	F
939686766	450032304	88	F
939686767	450032304	77	F
939686768	450032304	81	F
939686769	450032304	85	F
939686770	450032304	98	F
939686747	450032304	99	F
939373201	450032304	48	F
939373200	450032304	38	F
939373199	450032304	46	F
939373198	450032304	63	F
939373197	450032304	51	F
939373196	450032304	63	F
939373195	450032304	56	F
940327966	450032304	50	M
940327965	450032304	59	M
939686716	450032304	92	F
939686717	450032304	85	F
939686718	450032304	93	F
939686719	450032304	81	F
939686720	450032304	84	F
939686721	450032304	71	F
939686722	450032304	76	F
939686723	450032304	75	F
939686724	450032304	99	F
939686725	450032304	84	F
939686726	450032304	100	F
939686727	450032304	90	F
939686728	450032304	86	F
939686729	450032304	85	F
939686730	450032304	81	F
939686731	450032304	75	F
939686732	450032304	89	F
939686733	450032304	85	F
939686734	450032304	79	F
939686735	450032304	67	F
939686736	450032304	89	F
939686737	450032304	80	F
939686738	450032304	90	F
939686739	450032304	86	F
939686740	450032304	98	F
939686741	450032304	77	F
939686742	450032304	86	F
939686743	450032304	70	F
939686744	450032304	81	F
939686745	450032304	77	F
939686746	450032304	102	F
940542437	450032304	69	M
940542436	450032304	72	M
940542435	450032304	74	M
940542434	450032304	88	M
940542433	450032304	92	M
940542432	450032304	99	M
940542431	450032304	73	M
940542430	450032304	76	M
940542429	450032304	80	M
940542428	450032304	73	M
940542427	450032304	72	M
940542426	450032304	86	M
940542425	450032304	105	M
940542424	450032304	70	M
940542423	450032304	69	M
940542422	450032304	80	M
940542421	450032304	77	M
940542420	450032304	67	M
940542419	450032304	89	M
940542418	450032304	89	M
940542417	450032304	81	M
940542416	450032304	69	M
940542415	450032304	66	M
940542414	450032304	70	M
940542413	450032304	86	M
940542412	450032304	85	M
940542411	450032304	80	M
940542410	450032304	86	M
940542409	450032304	79	M
940542408	450032304	70	M
940542407	450032304	82	M
940145683	450045124	68	F
940397531	450045124	64	M
940397532	450045124	53	M
939311919	450045124	59	F
939311920	450045124	38	F
940726130	450045124	84	M
940726131	450045124	69	M
940726132	450045124	78	M
940726133	450045124	84	M
940145682	450045124	77	F
940145681	450045124	80	F
940145680	450045124	88	F
940145679	450045124	84	F
940145678	450045124	74	F
943199859	450006444	49	M
943199857	450006444	47	M
943199856	450006444	37	M
943199855	450006444	38	M
943199854	450006444	26	M
943199853	450006444	46	M
943199852	450006444	25	M
943199851	450006444	50	M
943199850	450006444	39	M
943199849	450006444	35	M
943199872	450006444	38	M
943199873	450006444	56	M
943199874	450006444	43	M
943199875	450006444	29	M
943199876	450006444	28	M
943199877	450006444	28	M
943199878	450006444	34	M
943199879	450006444	32	M
943199880	450006444	40	M
943199881	450006444	22	M
943199882	450006444	34	M
943199883	450006444	30	M
943199884	450006444	30	M
943199885	450006444	42	M
943199886	450006444	43	M
943199887	450006444	30	M
943199888	450006444	59	M
943199889	450006444	32	M
943199890	450006444	29	M
943199891	450006444	25	M
943199892	450006444	24	M
943199893	450006444	50	M
943199894	450006444	29	M
943199895	450006444	41	M
943199896	450006444	42	M
943199897	450006444	49	M
943199898	450006444	42	M
943199899	450006444	35	M
943199900	450006444	33	M
943199901	450006444	34	M
943199902	450006444	39	M
943199903	450006444	49	M
943199848	450006444	48	M
943199847	450006444	31	M
943199846	450006444	21	M
943199845	450006444	29	M
943199844	450006444	46	M
943199843	450006444	28	M
943199842	450006444	41	M
943199841	450006444	41	M
943199840	450006444	45	M
943199839	450006444	34	M
943199838	450006444	27	M
943199904	450006444	49	M
943199905	450006444	29	M
943199906	450006444	23	M
943199907	450006444	36	M
943199908	450006444	46	M
943199909	450006444	30	M
943199910	450006444	28	M
943199911	450006444	28	M
943199912	450006444	31	M
943199913	450006444	22	M
943199914	450006444	29	M
943199915	450006444	22	M
943199916	450006444	30	M
943199917	450006444	49	M
943199918	450006444	25	M
943199919	450006444	48	M
943199920	450006444	38	M
943199921	450006444	29	M
943199922	450006444	34	M
943199923	450006444	21	M
943199924	450006444	48	M
943199925	450006444	20	M
943199926	450006444	34	M
943199927	450006444	43	M
943199928	450006444	30	M
943199929	450006444	61	M
943199930	450006444	33	M
943199931	450006444	20	M
943199932	450006444	39	M
943199933	450006444	22	M
943199934	450006444	41	M
943199945	450006444	51	M
943199946	450006444	36	M
943199947	450006444	43	M
943199948	450006444	20	M
943199949	450006444	36	M
943199950	450006444	36	M
943199951	450006444	49	M
943199952	450006444	27	M
943199953	450006444	43	M
943199837	450006444	44	M
943199836	450006444	58	M
943199835	450006444	41	M
943199834	450006444	54	M
943199833	450006444	25	M
943199832	450006444	23	M
943199831	450006444	27	M
943199830	450006444	20	M
943199829	450006444	34	M
943199828	450006444	43	M
943199827	450006444	56	M
943199826	450006444	47	M
943199825	450006444	42	M
943199824	450006444	26	M
943199823	450006444	40	M
943199822	450006444	31	M
943199821	450006444	26	M
943199820	450006444	32	M
943199819	450006444	35	M
943199818	450006444	59	M
943199817	450006444	34	M
943199816	450006444	49	M
943199815	450006444	37	M
943199814	450006444	51	M
943199813	450006444	20	M
943199812	450006444	38	M
943199811	450006444	32	M
943199810	450006444	45	M
943199809	450006444	40	M
943199954	450006444	42	M
943199955	450006444	25	M
943199935	450006444	45	M
943199936	450006444	30	M
943199956	450006444	44	M
943199957	450006444	42	M
943199958	450006444	44	M
943199959	450006444	30	M
943199960	450006444	21	M
943199961	450006444	38	M
943199962	450006444	22	M
943199963	450006444	24	M
943199964	450006444	24	M
943199965	450006444	33	M
943199966	450006444	47	M
943199967	450006444	27	M
943199968	450006444	29	M
943199969	450006444	44	M
943199970	450006444	23	M
943199971	450006444	45	M
943199972	450006444	41	M
943199973	450006444	22	M
943199974	450006444	51	M
943199975	450006444	37	M
943199976	450006444	33	M
943199977	450006444	23	M
943199978	450006444	35	M
943200038	450006444	87	M
943200012	450006444	35	M
943200013	450006444	39	M
943200014	450006444	40	M
943200015	450006444	30	M
943200016	450006444	32	M
943200017	450006444	33	M
943200018	450006444	53	M
943200019	450006444	62	M
943200020	450006444	20	M
943200021	450006444	45	M
943200022	450006444	20	M
943200023	450006444	34	M
943200024	450006444	62	M
943200025	450006444	36	M
943200026	450006444	21	M
943200027	450006444	20	M
943200028	450006444	50	M
943200029	450006444	39	M
943200030	450006444	45	M
943200031	450006444	45	M
943200032	450006444	48	M
943200033	450006444	39	M
943200034	450006444	25	M
943200035	450006444	36	M
943200036	450006444	81	M
943200037	450006444	92	M
943199871	450006444	23	M
943199870	450006444	32	M
943199869	450006444	48	M
943199868	450006444	46	M
943199867	450006444	57	M
943199866	450006444	30	M
943199865	450006444	36	M
943199864	450006444	23	M
943199863	450006444	33	M
943199862	450006444	35	M
943199861	450006444	24	M
943199860	450006444	36	M
943199858	450006444	24	M
943199937	450006444	58	M
943199938	450006444	51	M
943199939	450006444	38	M
943199940	450006444	59	M
943199941	450006444	42	M
943199942	450006444	38	M
943199943	450006444	28	M
943199979	450006444	38	M
943199980	450006444	44	M
943199981	450006444	20	M
943199982	450006444	27	M
943199983	450006444	48	M
943199984	450006444	45	M
943199985	450006444	49	M
943199986	450006444	26	M
943199987	450006444	22	M
943199988	450006444	22	M
943199989	450006444	18	M
943199990	450006444	46	M
943199991	450006444	43	M
943199992	450006444	33	M
943199993	450006444	52	M
943199994	450006444	20	M
943199995	450006444	50	M
943199996	450006444	45	M
943199997	450006444	37	M
943199998	450006444	49	M
943199999	450006444	22	M
943200000	450006444	30	M
943200001	450006444	63	M
943200002	450006444	30	M
943200003	450006444	50	M
943200004	450006444	29	M
943200005	450006444	38	M
943200006	450006444	39	M
943200007	450006444	26	M
943200008	450006444	26	M
943199944	450006444	43	M
943200009	450006444	29	M
943200010	450006444	20	M
943200011	450006444	34	M
943200039	450025116	40	F
943200077	450025116	45	F
943200076	450025116	31	F
943200075	450025116	42	F
943200074	450025116	41	F
943200040	450025116	43	F
943200041	450025116	20	F
943200073	450025116	42	F
943200072	450025116	28	F
943200051	450025116	26	F
943200071	450025116	33	F
943200070	450025116	49	F
943200069	450025116	63	F
943200068	450025116	51	F
943200067	450025116	40	F
943200066	450025116	40	F
943200065	450025116	30	F
943200064	450025116	63	F
943200063	450025116	39	F
943200062	450025116	41	F
943200061	450025116	44	F
943200060	450025116	37	F
943200059	450025116	26	F
943200058	450025116	27	F
943200050	450025116	32	F
943200046	450025116	46	F
943200047	450025116	30	F
943200048	450025116	41	F
943200049	450025116	29	F
943200042	450025116	33	F
943200043	450025116	33	F
943200057	450025116	36	F
943200056	450025116	41	F
943200055	450025116	35	F
943200054	450025116	37	F
943200053	450025116	29	F
943200052	450025116	30	F
943200044	450025116	43	F
943200045	450025116	37	F
939071963	450005507	35	M
938986977	450005507	18	F
938986978	450005507	18	F
938986979	450005507	19	F
938986980	450005507	19	F
938986981	450005507	19	F
938986982	450005507	19	F
938986983	450005507	20	F
938986984	450005507	20	F
938986985	450005507	20	F
938986986	450005507	20	F
938986987	450005507	20	F
938986988	450005507	21	F
938986989	450005507	21	F
938986990	450005507	21	F
938986991	450005507	21	F
938986992	450005507	21	F
938986993	450005507	21	F
938986994	450005507	22	F
938986995	450005507	22	F
938986996	450005507	22	F
938986997	450005507	22	F
938986998	450005507	22	F
938986999	450005507	22	F
938987000	450005507	23	F
938987001	450005507	23	F
938987002	450005507	23	F
938987003	450005507	23	F
938987004	450005507	23	F
938987005	450005507	24	F
938987006	450005507	24	F
938987007	450005507	24	F
938987008	450005507	24	F
938987009	450005507	24	F
938987010	450005507	25	F
938987011	450005507	25	F
938987012	450005507	25	F
938987013	450005507	25	F
938987014	450005507	26	F
938987015	450005507	26	F
938987016	450005507	26	F
938987017	450005507	26	F
938987018	450005507	27	F
938987019	450005507	27	F
938987020	450005507	27	F
938987021	450005507	28	F
938987022	450005507	28	F
938987023	450005507	28	F
938987024	450005507	29	F
938987025	450005507	29	F
938987026	450005507	29	F
938987027	450005507	30	F
938987028	450005507	30	F
938987029	450005507	30	F
938987030	450005507	31	F
938987031	450005507	31	F
938987032	450005507	32	F
938987033	450005507	32	F
938987034	450005507	33	F
938987035	450005507	33	F
938987036	450005507	34	F
938987037	450005507	34	F
938987038	450005507	35	F
938987039	450005507	35	F
938987040	450005507	36	F
938987041	450005507	36	F
938987042	450005507	37	F
938987043	450005507	37	F
938987044	450005507	38	F
938987045	450005507	38	F
938987046	450005507	39	F
938987047	450005507	39	F
938987048	450005507	40	F
938987049	450005507	41	F
938987050	450005507	42	F
938987051	450005507	43	F
938987052	450005507	44	F
938987053	450005507	45	F
938987054	450005507	46	F
938987055	450005507	47	F
938987056	450005507	48	F
938987057	450005507	49	F
938987058	450005507	50	F
938987059	450005507	51	F
938987060	450005507	52	F
939071637	450005507	18	M
939071638	450005507	18	M
939071639	450005507	18	M
939071640	450005507	18	M
939071641	450005507	18	M
939071642	450005507	18	M
939071643	450005507	18	M
939071644	450005507	18	M
939071645	450005507	18	M
939071646	450005507	19	M
939071647	450005507	19	M
939071648	450005507	19	M
939071649	450005507	19	M
939071650	450005507	19	M
939071651	450005507	19	M
939071652	450005507	19	M
939071653	450005507	19	M
939071654	450005507	19	M
939071655	450005507	19	M
939071656	450005507	19	M
939071657	450005507	19	M
939071658	450005507	19	M
939071659	450005507	19	M
939071660	450005507	19	M
939071661	450005507	19	M
939071662	450005507	19	M
939071663	450005507	19	M
939071664	450005507	19	M
939071665	450005507	19	M
939071666	450005507	20	M
939071667	450005507	20	M
939071668	450005507	20	M
939071669	450005507	20	M
939071670	450005507	20	M
939071671	450005507	20	M
939071672	450005507	20	M
939071673	450005507	20	M
939071674	450005507	20	M
939071675	450005507	20	M
939071676	450005507	20	M
939071677	450005507	20	M
939071678	450005507	20	M
939071679	450005507	20	M
939071680	450005507	20	M
939071681	450005507	20	M
939071682	450005507	20	M
939071683	450005507	20	M
939071684	450005507	20	M
939071685	450005507	20	M
939071686	450005507	20	M
939071687	450005507	20	M
939071688	450005507	20	M
939071689	450005507	20	M
939071690	450005507	20	M
939071691	450005507	20	M
939071692	450005507	20	M
939071693	450005507	21	M
939071694	450005507	21	M
939071695	450005507	21	M
939071696	450005507	21	M
939071697	450005507	21	M
939071698	450005507	21	M
939071699	450005507	21	M
939071700	450005507	21	M
939071701	450005507	21	M
939071702	450005507	21	M
939071703	450005507	21	M
939071704	450005507	21	M
939071705	450005507	21	M
939071706	450005507	21	M
939071707	450005507	21	M
939071708	450005507	21	M
939071709	450005507	21	M
939071710	450005507	21	M
939071711	450005507	21	M
939071712	450005507	21	M
939071713	450005507	21	M
939071714	450005507	21	M
939071715	450005507	21	M
939071716	450005507	21	M
939071717	450005507	21	M
939071718	450005507	21	M
939071719	450005507	21	M
939071720	450005507	21	M
939071721	450005507	21	M
939071722	450005507	21	M
939071723	450005507	22	M
939071724	450005507	22	M
939071725	450005507	22	M
939071726	450005507	22	M
939071727	450005507	22	M
939071728	450005507	22	M
939071729	450005507	22	M
939071730	450005507	22	M
939071731	450005507	22	M
939071732	450005507	22	M
939071733	450005507	22	M
939071734	450005507	22	M
939071735	450005507	22	M
939071736	450005507	22	M
939071737	450005507	22	M
939071738	450005507	22	M
939071739	450005507	22	M
939071740	450005507	22	M
939071741	450005507	22	M
939071742	450005507	22	M
939071743	450005507	22	M
939071744	450005507	22	M
939071745	450005507	22	M
939071746	450005507	22	M
939071747	450005507	22	M
939071748	450005507	22	M
939071749	450005507	22	M
939071750	450005507	22	M
939071751	450005507	22	M
939071752	450005507	22	M
939071753	450005507	23	M
939071754	450005507	23	M
939071755	450005507	23	M
939071756	450005507	23	M
939071757	450005507	23	M
939071758	450005507	23	M
939071759	450005507	23	M
939071760	450005507	23	M
939071761	450005507	23	M
939071762	450005507	23	M
939071763	450005507	23	M
939071764	450005507	23	M
939071765	450005507	23	M
939071766	450005507	23	M
939071767	450005507	23	M
939071768	450005507	23	M
939071769	450005507	23	M
939071770	450005507	23	M
939071771	450005507	23	M
939071772	450005507	23	M
939071773	450005507	23	M
939071774	450005507	23	M
939071775	450005507	23	M
939071776	450005507	23	M
939071777	450005507	23	M
939071778	450005507	23	M
939071779	450005507	23	M
939071780	450005507	24	M
939071781	450005507	24	M
939071782	450005507	24	M
939071783	450005507	24	M
939071784	450005507	24	M
939071785	450005507	24	M
939071786	450005507	24	M
939071787	450005507	24	M
939071788	450005507	24	M
939071789	450005507	24	M
939071790	450005507	24	M
939071791	450005507	24	M
939071792	450005507	24	M
939071793	450005507	24	M
939071794	450005507	24	M
939071795	450005507	24	M
939071796	450005507	24	M
939071797	450005507	24	M
939071798	450005507	24	M
939071799	450005507	24	M
939071800	450005507	24	M
939071801	450005507	24	M
939071802	450005507	24	M
939071803	450005507	24	M
939071804	450005507	24	M
939071805	450005507	25	M
939071806	450005507	25	M
939071807	450005507	25	M
939071808	450005507	25	M
939071809	450005507	25	M
939071810	450005507	25	M
939071811	450005507	25	M
939071812	450005507	25	M
939071813	450005507	25	M
939071814	450005507	25	M
939071815	450005507	25	M
939071816	450005507	25	M
939071817	450005507	25	M
939071818	450005507	25	M
939071819	450005507	25	M
939071820	450005507	25	M
939071821	450005507	25	M
939071822	450005507	25	M
939071823	450005507	25	M
939071824	450005507	25	M
939071825	450005507	25	M
939071826	450005507	25	M
939071827	450005507	26	M
939071828	450005507	26	M
939071829	450005507	26	M
939071830	450005507	26	M
939071831	450005507	26	M
939071832	450005507	26	M
939071833	450005507	26	M
939071834	450005507	26	M
939071835	450005507	26	M
939071836	450005507	26	M
939071837	450005507	26	M
939071838	450005507	26	M
939071839	450005507	26	M
939071840	450005507	26	M
939071841	450005507	26	M
939071842	450005507	26	M
939071843	450005507	26	M
939071844	450005507	26	M
939071845	450005507	26	M
939071846	450005507	26	M
939071847	450005507	27	M
939071848	450005507	27	M
939071849	450005507	27	M
939071850	450005507	27	M
939071851	450005507	27	M
939071852	450005507	27	M
939071853	450005507	27	M
939071854	450005507	27	M
939071855	450005507	27	M
939071856	450005507	27	M
939071857	450005507	27	M
939071858	450005507	27	M
939071859	450005507	27	M
939071860	450005507	27	M
939071861	450005507	27	M
939071862	450005507	27	M
939071863	450005507	27	M
939071864	450005507	28	M
939071865	450005507	28	M
939071866	450005507	28	M
939071867	450005507	28	M
939071868	450005507	28	M
939071869	450005507	28	M
939071870	450005507	28	M
939071871	450005507	28	M
939071872	450005507	28	M
939071873	450005507	28	M
939071874	450005507	28	M
939071875	450005507	28	M
939071876	450005507	28	M
939071877	450005507	28	M
939071878	450005507	28	M
939071879	450005507	28	M
939071880	450005507	29	M
939071881	450005507	29	M
939071882	450005507	29	M
939071883	450005507	29	M
939071884	450005507	29	M
939071885	450005507	29	M
939071886	450005507	29	M
939071887	450005507	29	M
939071888	450005507	29	M
939071889	450005507	29	M
939071890	450005507	29	M
939071891	450005507	29	M
939071892	450005507	29	M
939071893	450005507	29	M
939071894	450005507	30	M
939071895	450005507	30	M
939071896	450005507	30	M
939071897	450005507	30	M
939071898	450005507	30	M
939071899	450005507	30	M
939071900	450005507	30	M
939071901	450005507	30	M
939071902	450005507	30	M
939071903	450005507	30	M
939071904	450005507	30	M
939071905	450005507	30	M
939071906	450005507	30	M
939071907	450005507	31	M
939071908	450005507	31	M
939071909	450005507	31	M
939071910	450005507	31	M
939071911	450005507	31	M
939071912	450005507	31	M
939071913	450005507	31	M
939071914	450005507	31	M
939071915	450005507	31	M
939071916	450005507	31	M
939071917	450005507	31	M
939071918	450005507	31	M
939071919	450005507	32	M
939071920	450005507	32	M
939071921	450005507	32	M
939071922	450005507	32	M
939071923	450005507	32	M
939071924	450005507	32	M
939071925	450005507	32	M
939071926	450005507	32	M
939071927	450005507	32	M
939071928	450005507	32	M
939071929	450005507	32	M
939071930	450005507	32	M
939071931	450005507	33	M
939071932	450005507	33	M
939071933	450005507	33	M
939071934	450005507	33	M
939071935	450005507	33	M
939071936	450005507	33	M
939071937	450005507	33	M
939071938	450005507	33	M
939071939	450005507	33	M
939071940	450005507	33	M
939071941	450005507	33	M
939071942	450005507	33	M
939071943	450005507	34	M
939071944	450005507	34	M
939071945	450005507	34	M
939071946	450005507	34	M
939071947	450005507	34	M
939071948	450005507	34	M
939071949	450005507	34	M
939071950	450005507	34	M
939071951	450005507	34	M
939071952	450005507	34	M
939071953	450005507	34	M
939071954	450005507	34	M
939071955	450005507	35	M
939071956	450005507	35	M
939071957	450005507	35	M
939071958	450005507	35	M
939071959	450005507	35	M
939071960	450005507	35	M
939071961	450005507	35	M
939071962	450005507	35	M
939071964	450005507	35	M
939071965	450005507	35	M
939071966	450005507	36	M
939071967	450005507	36	M
939071968	450005507	36	M
939071969	450005507	36	M
939071970	450005507	36	M
939071971	450005507	36	M
939071972	450005507	36	M
939071973	450005507	36	M
939071974	450005507	36	M
939071975	450005507	36	M
939071976	450005507	36	M
939071977	450005507	37	M
939071978	450005507	37	M
939071979	450005507	37	M
939071980	450005507	37	M
939071981	450005507	37	M
939071982	450005507	37	M
939071983	450005507	37	M
939071984	450005507	37	M
939071985	450005507	37	M
939071986	450005507	37	M
939071987	450005507	37	M
939071988	450005507	38	M
939071989	450005507	38	M
939071990	450005507	38	M
939071991	450005507	38	M
939071992	450005507	38	M
939071993	450005507	38	M
939071994	450005507	38	M
939071995	450005507	38	M
939071996	450005507	38	M
939071997	450005507	38	M
939071998	450005507	39	M
939071999	450005507	39	M
939072000	450005507	39	M
939072001	450005507	39	M
939072002	450005507	39	M
939072003	450005507	39	M
939072004	450005507	39	M
939072005	450005507	39	M
939072006	450005507	39	M
939072007	450005507	40	M
939072008	450005507	40	M
939072009	450005507	40	M
939072010	450005507	40	M
939072011	450005507	40	M
939072012	450005507	40	M
939072013	450005507	41	M
939072014	450005507	41	M
939072015	450005507	41	M
939072016	450005507	41	M
939072017	450005507	41	M
939072018	450005507	41	M
939072019	450005507	42	M
939072020	450005507	42	M
939072021	450005507	42	M
939072022	450005507	42	M
939072023	450005507	42	M
939072024	450005507	42	M
939072025	450005507	43	M
939072026	450005507	43	M
939072027	450005507	43	M
939072028	450005507	43	M
939072029	450005507	43	M
939072030	450005507	43	M
939072031	450005507	44	M
939072032	450005507	44	M
939072033	450005507	44	M
939072034	450005507	44	M
939072035	450005507	44	M
939072036	450005507	44	M
939072037	450005507	45	M
939072038	450005507	45	M
939072039	450005507	46	M
939072040	450005507	46	M
939072041	450005507	47	M
939072042	450005507	47	M
939072043	450005507	48	M
939072044	450005507	48	M
939072045	450005507	49	M
939072046	450005507	49	M
939072047	450005507	50	M
939072048	450005507	51	M
939072049	450005507	52	M
939072050	450005507	53	M
939072051	450005507	54	M
939072052	450005507	55	M
939072053	450005507	56	M
939072054	450005507	57	M
939072055	450005507	58	M
940397527	450045125	61	M
940397526	450045125	50	M
940397525	450045125	24	M
940397524	450045125	30	M
940397523	450045125	47	M
940397522	450045125	64	M
940726086	450045125	84	M
940726087	450045125	90	M
940726088	450045125	89	M
940726089	450045125	71	M
940726090	450045125	82	M
940726091	450045125	88	M
940726092	450045125	93	M
940726093	450045125	89	M
940726094	450045125	65	M
940726095	450045125	84	M
940726096	450045125	82	M
940726097	450045125	74	M
940726098	450045125	66	M
940726099	450045125	81	M
940726100	450045125	81	M
940726101	450045125	89	M
940726102	450045125	78	M
940726103	450045125	86	M
940726104	450045125	67	M
940726105	450045125	81	M
940726106	450045125	82	M
940145628	450045125	77	F
940726082	450045125	79	M
940726083	450045125	82	M
940726084	450045125	88	M
940726085	450045125	80	M
940726107	450045125	96	M
940726108	450045125	86	M
940726109	450045125	89	M
940726110	450045125	80	M
940726111	450045125	66	M
940542446	450032305	86	M
940542438	450032305	81	M
940542439	450032305	75	M
940542440	450032305	66	M
940542441	450032305	77	M
940542442	450032305	86	M
940542443	450032305	69	M
940542444	450032305	86	M
940542445	450032305	84	M
939686817	450032305	76	F
940542447	450032305	79	M
940542448	450032305	87	M
940542449	450032305	71	M
940542450	450032305	76	M
939373203	450032305	59	F
939373202	450032305	61	F
940327967	450032305	36	M
939686771	450032305	84	F
939686772	450032305	95	F
939686773	450032305	85	F
939686774	450032305	73	F
939686775	450032305	88	F
939686776	450032305	70	F
939686777	450032305	81	F
939686778	450032305	87	F
939686779	450032305	75	F
939686780	450032305	82	F
939686781	450032305	85	F
939686782	450032305	99	F
939686783	450032305	84	F
939686784	450032305	89	F
939686785	450032305	92	F
939686786	450032305	69	F
939686787	450032305	75	F
939686788	450032305	88	F
939686789	450032305	85	F
939686790	450032305	91	F
939686791	450032305	77	F
939686792	450032305	77	F
939686793	450032305	77	F
939686794	450032305	77	F
939686795	450032305	83	F
939686796	450032305	79	F
939686797	450032305	83	F
939686798	450032305	89	F
939686799	450032305	92	F
939686800	450032305	88	F
939686801	450032305	79	F
939686802	450032305	79	F
939686803	450032305	94	F
939686804	450032305	88	F
939686805	450032305	87	F
939686806	450032305	86	F
939686807	450032305	85	F
939686808	450032305	78	F
939686809	450032305	89	F
939686810	450032305	87	F
939686811	450032305	90	F
939686812	450032305	89	F
939686813	450032305	90	F
939686814	450032305	98	F
939686815	450032305	91	F
939686816	450032305	92	F
939897543	450037481	80	F
939897542	450037481	65	F
939897541	450037481	66	F
939897540	450037481	87	F
939897539	450037481	81	F
939897538	450037481	90	F
939897537	450037481	76	F
939897536	450037481	94	F
939897535	450037481	100	F
939897534	450037481	65	F
939897533	450037481	86	F
939897532	450037481	85	F
940625684	450037481	80	M
940625683	450037481	83	M
939351103	450037481	49	F
940625695	450037481	69	M
940625694	450037481	89	M
940625693	450037481	90	M
940625692	450037481	82	M
940625691	450037481	87	M
940625690	450037481	77	M
940625689	450037481	66	M
940625688	450037481	74	M
940625687	450037481	76	M
940625686	450037481	76	M
940358492	450037481	54	M
940625685	450037481	76	M
939897578	450037481	89	F
939897577	450037481	95	F
939897576	450037481	90	F
939897575	450037481	89	F
939897574	450037481	87	F
939897573	450037481	100	F
939897572	450037481	89	F
939897571	450037481	93	F
939897570	450037481	85	F
939897569	450037481	76	F
939897568	450037481	92	F
939897567	450037481	89	F
939897566	450037481	87	F
939897565	450037481	90	F
939897564	450037481	76	F
939897563	450037481	97	F
939897562	450037481	87	F
939897561	450037481	92	F
939897560	450037481	85	F
939897559	450037481	81	F
939897558	450037481	90	F
939897557	450037481	90	F
939897556	450037481	90	F
939897555	450037481	88	F
939897554	450037481	76	F
939897553	450037481	91	F
939897552	450037481	67	F
939897551	450037481	95	F
939897550	450037481	84	F
939897549	450037481	92	F
939897548	450037481	76	F
939897547	450037481	75	F
939897546	450037481	82	F
939897545	450037481	75	F
939897544	450037481	76	F
940281578	450048411	75	F
940281599	450048411	73	F
940281600	450048411	90	F
940281601	450048411	91	F
940281602	450048411	81	F
940281603	450048411	88	F
940281604	450048411	83	F
940281605	450048411	91	F
940784994	450048411	86	M
940784995	450048411	85	M
940784996	450048411	88	M
940784997	450048411	71	M
940784998	450048411	96	M
940784999	450048411	75	M
940281586	450048411	88	F
940281606	450048411	76	F
940281579	450048411	96	F
940281580	450048411	90	F
939291586	450048411	48	F
940281598	450048411	90	F
940281597	450048411	87	F
940281596	450048411	78	F
940281595	450048411	80	F
940281594	450048411	67	F
940281593	450048411	98	F
940281581	450048411	89	F
940281582	450048411	86	F
940281583	450048411	86	F
940281584	450048411	87	F
940281585	450048411	66	F
940784993	450048411	88	M
940281607	450048411	87	F
940784989	450048411	105	M
940784990	450048411	82	M
940784991	450048411	73	M
940281592	450048411	75	F
940281591	450048411	99	F
940281590	450048411	89	F
940281589	450048411	88	F
940281588	450048411	84	F
940784992	450048411	88	M
940281614	450048411	93	F
940281613	450048411	70	F
940281612	450048411	87	F
940281611	450048411	86	F
940281610	450048411	83	F
940281587	450048411	86	F
940281609	450048411	83	F
940281608	450048411	76	F
940281569	450048411	78	F
940281570	450048411	76	F
940281571	450048411	74	F
940281572	450048411	67	F
940281573	450048411	90	F
940281574	450048411	85	F
940281575	450048411	82	F
940281576	450048411	78	F
940281577	450048411	75	F
943198502	450007494	17	M
943198513	450007494	17	M
943198512	450007494	17	M
943198511	450007494	17	M
943198510	450007494	17	M
943198509	450007494	13	M
943198508	450007494	17	M
943198507	450007494	16	M
943198506	450007494	14	M
943198505	450007494	16	M
943198504	450007494	16	M
943198503	450007494	16	M
943198501	450007494	17	M
943198500	450007494	14	M
943198499	450007494	16	M
943198514	450025117	16	F
943198518	450025117	17	F
943198517	450025117	14	F
943198521	450025117	22	F
943198520	450025117	17	F
943198515	450025117	14	F
943198519	450025117	17	F
943198516	450025117	17	F
