sp_id	latitude	longitude
517422623	41.5889137	-109.2704797
517410026	41.2643338	-110.9744694
517409689	40.9176739	-111.3998593
517410769	41.1851879	-110.4171074
517409484	41.3085778	-111.0053364
517410587	41.2790838	-110.3364695
517411040	41.3262238	-110.3309895
517421977	41.5592467	-109.3092507
517421022	41.5942447	-109.2261057
517409831	41.2676938	-110.9766194
517410598	41.2725048	-110.3477465
510777181	36.1232547	-115.2170692
517410252	41.2621748	-110.9561474
500653351	33.6304649	-111.9145300
517338732	40.7642640	-111.8687093
517409571	41.2422518	-110.9918354
517410467	41.2710888	-110.9589044
517409996	41.2479738	-111.0194594
517411075	41.3280138	-110.2925295
517409658	41.0160153	-111.4975450
517410571	41.2777248	-110.3363195
517423555	41.5506427	-109.5070307
517411080	41.3365038	-110.3009495
517410440	40.9974739	-110.8649284
517422782	41.6000737	-109.2629097
500653320	33.6148749	-111.9150500
517409547	41.2587758	-110.9676354
517409820	41.3775938	-111.0268594
517409920	41.2641838	-110.9727894
517410070	41.2704438	-110.9686694
517354988	40.6951140	-111.8989293
517421795	41.6186337	-109.2253197
517409442	41.2755368	-110.9695624
517354088	40.7049840	-111.8974093
517410716	41.3417472	-110.3176676
517410907	41.2668338	-110.9620494
517422633	41.5887837	-109.2676697
517410991	41.2834638	-110.9494694
517410484	41.3208808	-110.3883495
517410862	41.2683838	-110.9657994
517411086	41.3279838	-110.2934295
517411029	41.3127138	-110.3331495
517349449	40.7692800	-111.8909023
517409619	41.2592398	-110.9672134
517409944	41.2704438	-110.9686694
517409811	41.3741338	-111.0256294
517410730	41.3417472	-110.3176676
517409892	41.3165538	-111.0004094
517422816	41.6951537	-109.2821997
517410998	41.2459638	-110.9505094
517356515	40.5783940	-111.9055463
517410927	41.2444438	-110.9395794
517410951	41.2630938	-110.9569494
517410867	41.2829738	-110.9498894
517422864	41.6507337	-109.2668897
517421824	41.5878737	-109.2200197
517409575	41.2648198	-110.9751274
517423701	41.7874377	-110.5406084
517409589	41.2548918	-110.9683794
517410879	41.2641638	-110.9597394
517409486	41.2668768	-110.9649874
500654347	33.6288849	-111.9180800
517409445	41.2566088	-110.9704204
517410415	41.2711488	-110.9575134
517409592	41.2493188	-111.0142194
517410240	41.2469248	-110.9538724
517411049	41.3308138	-110.2559695
517411016	41.2904738	-110.4117695
517410711	41.2681775	-110.4127363
517410279	40.9974739	-110.8649284
517410814	41.2678838	-110.9650694
500653637	33.6139999	-111.9159040
517409636	41.2566088	-110.9704204
517410260	41.2508398	-110.9525114
517409449	41.2684508	-110.9652524
517410770	41.1851879	-110.4171074
517411003	41.1581238	-110.8557294
503070749	39.7542036	-105.0162109
517421995	41.5796507	-109.2631607
517421579	41.6294237	-109.2529197
517410934	41.2652038	-110.9629994
517422369	41.5313137	-109.4693397
517409914	41.2417838	-110.9867594
517348978	40.7654560	-111.8909163
517410499	41.2910778	-110.5984665
517409511	41.2572298	-110.9673544
510777302	36.1232547	-115.2170692
517420757	41.5978037	-109.2024797
517410041	41.2572738	-110.9833794
517410457	41.2392858	-110.9334574
517410508	41.3272688	-110.2930315
517410043	41.2313838	-110.9833794
517410575	41.2800818	-110.3364785
517410802	41.2812838	-110.9631294
517410362	41.2543828	-110.9372024
517409507	41.2825678	-110.9711674
517409205	41.0301349	-111.4982923
517410410	41.2623168	-110.9565534
517410603	41.2690068	-110.3268355
517410712	41.2681738	-110.4127389
517420975	41.6381307	-109.2294787
517410332	41.2668728	-110.9651924
517410274	40.9974739	-110.8649284
517410975	41.2675438	-110.9213194
517410873	41.2540838	-110.9651294
517410599	41.2689978	-110.3395055
517422510	41.5360337	-109.4734497
517410029	41.2644038	-110.9724694
517410536	41.3165458	-110.2590765
517409580	41.2693318	-110.9898544
517423544	41.5916657	-109.9698655
517423607	41.7885797	-110.5507494
517409613	41.2523618	-110.9705404
517410282	41.2605358	-110.9540654
517410396	41.2555518	-110.9651984
517422752	41.6385637	-109.2614997
517420871	41.5918607	-109.2241667
517409982	41.3256038	-110.9973194
517422318	41.5404137	-109.4720697
517423869	41.5529337	-109.5059697
517410733	41.3417472	-110.3176676
517410884	41.2690938	-110.9302494
517410014	41.2680238	-110.9668894
517410573	41.2732448	-110.3363785
517422815	41.5978337	-109.2629197
517409607	41.2523618	-110.9705404
517410461	41.2711458	-110.9574134
517410250	41.2729408	-110.9604024
517410309	41.2519098	-110.9389784
517409457	41.2458928	-110.9800084
517409492	41.2126548	-111.0187334
517422821	41.6375937	-109.2709497
517410533	41.3272688	-110.2930315
517410821	41.2446238	-110.9510594
517410952	41.2708738	-110.9631994
517410032	41.2624838	-110.9690294
503072810	39.7481736	-105.0213009
517410595	41.2689978	-110.3395055
517410892	41.2668338	-110.9620494
517410243	41.2426068	-110.9354954
517409661	41.2682341	-110.9691576
517409998	41.3256038	-110.9973194
517409985	41.2663538	-110.9664394
517409622	41.2603648	-110.9974744
517416110	41.1169394	-104.8113598
517368686	40.7181440	-111.9561293
517410846	41.2652838	-110.9655494
517409928	41.2568938	-110.9685394
517410755	41.2733046	-110.3353257
517409872	41.3430738	-111.0061694
517421990	41.6607177	-109.2642737
517423740	41.7894307	-110.5476834
517421713	41.6436237	-109.2530397
517410830	41.2063538	-110.8950694
517358118	40.5790840	-111.9099493
517421339	41.6294537	-109.2396597
517410551	41.3213618	-110.3325845
517410458	41.2710158	-110.9425134
517410543	41.3238658	-110.2929275
517387554	41.2292139	-112.0471792
517409857	41.2687138	-110.9906894
517338722	40.7662240	-111.8694493
500651120	33.6195649	-111.9045500
517409950	41.3268338	-111.0178594
517410366	41.2428048	-110.9301964
517420814	41.5962837	-109.2080897
517409881	41.3857138	-111.0091794
517423634	41.7933827	-110.5417024
517409940	41.2643338	-110.9744694
517410848	41.2830738	-110.9487194
517421398	41.5884937	-109.2201797
517410601	41.2690068	-110.3268355
517391205	41.1048669	-111.9989202
500655174	33.5980849	-111.9218200
517410424	41.2720428	-110.9612224
517410727	41.3250044	-110.2999593
517409893	41.3846738	-111.0409594
500654271	33.6295649	-111.9163200
517336313	40.7649780	-111.8653163
512686446	48.1790422	-101.2807005
517336847	40.7666940	-111.8644793
517411062	41.3268738	-110.2970295
517409506	41.2422518	-110.9918354
517410554	41.3267048	-110.3000995
517423827	41.7793978	-110.5376856
517351997	40.6974940	-111.8945993
517422650	41.6379937	-109.2651197
517421260	41.5791137	-109.2305797
517410275	41.2622588	-110.9564144
517410375	41.2429238	-110.9301054
517409826	41.3609938	-111.0341894
517422456	41.5279137	-109.4659597
517410588	41.2732448	-110.3363785
517410897	41.2658538	-110.9628094
517409850	41.2965238	-110.9824794
517410335	41.2505398	-110.9549174
517409822	41.4047138	-111.0228994
517410013	41.2694738	-110.9729394
517410841	41.0060439	-110.8749794
517409451	41.2667698	-111.0232654
517410921	41.2634638	-110.9587394
517410556	41.3271718	-110.3000995
517410439	41.2455338	-110.9446864
517410236	41.2698578	-110.9490834
517410427	41.0536508	-110.8564374
517410857	41.0381439	-110.8580894
517409517	41.2572298	-110.9673544
517409930	41.3109038	-111.0151194
517410324	41.3360528	-110.9036074
517410514	41.3272688	-110.2930315
517410237	41.2585528	-110.9575344
517410704	41.2681775	-110.4127363
517414671	41.1119534	-104.8303308
517410520	41.3371378	-110.3491865
517409917	41.3256038	-110.9973194
517411038	41.3377738	-110.2952295
517410451	41.2711268	-110.9567094
517422660	41.5991337	-109.2613297
517389819	41.2084239	-112.0279092
517410966	41.2547338	-110.9660794
517410796	41.2429338	-110.9483494
517410293	41.2456878	-110.9363844
517411019	41.2608038	-110.3802795
517410346	41.2622278	-110.9563244
517409621	41.2566158	-111.0111454
517410300	41.2656208	-110.9613964
517421071	41.6532957	-109.2275967
517410295	41.2711928	-110.9588864
517409483	41.2710758	-110.9859154
517411085	41.3355938	-110.3463395
517410488	41.2559188	-110.4158365
517409814	41.4030238	-111.0228894
517410407	41.2741008	-110.9638284
517411034	41.3362938	-110.2951295
517410576	41.2690068	-110.3458955
517337389	40.7627754	-111.8663142
517410916	41.2677238	-110.9656394
517420542	41.5906837	-109.2196097
517410485	41.3294748	-110.4492455
517409921	41.3743038	-111.0343494
517422731	41.6497837	-109.2627997
517354432	40.5697240	-111.9007753
517409952	41.2655838	-110.9694094
517354123	40.6899740	-111.8979293
517410902	41.2445538	-110.9388294
517421399	41.5787837	-109.2313497
517421823	41.5854737	-109.2245097
500653116	33.6173649	-111.9110000
517410507	41.3737018	-110.3189905
517410535	41.3110798	-110.3353915
517421082	41.6011842	-109.2595197
517410290	41.2551768	-110.9607424
517410312	41.2671728	-110.9652514
517410413	41.2585528	-110.9575344
517421676	41.5884237	-109.2223997
517422584	41.5217637	-109.4655197
517423816	41.7793978	-110.5376856
517410767	41.1851879	-110.4171074
517409556	41.2655388	-110.9729184
517411077	41.3600038	-110.2965795
517409627	41.2422518	-110.9908754
517423571	41.7951797	-110.5399874
517410978	41.2456138	-110.9527594
517410416	41.2708928	-110.9596584
517410267	41.2706608	-110.9602424
517421627	41.5940037	-109.2246397
517410469	41.2695428	-110.9633224
517409460	41.2648198	-110.9751274
517409474	41.2453708	-110.9809184
517409902	41.2484938	-111.0168294
517410393	41.1270198	-110.8819994
517409522	41.2825208	-110.9713004
517410918	41.2667338	-110.9640694
517410580	41.2690068	-110.3268355
517410613	41.2690068	-110.3268355
500653367	33.6289249	-111.9120000
517390194	41.1398859	-112.0167362
517410738	41.2733046	-110.3353257
517409426	41.3935268	-111.0211764
517409885	41.2707438	-110.9767094
517421921	41.5280917	-109.4657107
517409673	41.2690466	-110.9662378
517410472	41.2506168	-110.9547994
517409435	41.2592398	-110.9672134
503072855	39.7504336	-105.0202209
517409564	41.2825638	-110.9711654
510777126	36.1257027	-115.2183672
517423710	41.7827397	-110.5684584
517421319	41.5884937	-109.2246497
517409965	41.2572138	-110.9985894
517421908	41.5317967	-109.4722137
517410518	41.3272688	-110.2930315
517410817	41.2652038	-110.9629994
517410085	41.2692238	-110.9760194
517409834	41.2562538	-110.9692394
517409990	41.3251638	-110.9972494
500652563	33.6288950	-111.9136095
517411084	41.3332038	-110.3495995
517409427	41.2506248	-110.9693254
517410553	41.3310578	-110.2914485
517410516	41.3256418	-110.3024215
517409510	41.2601208	-110.9928784
517423765	41.7991987	-110.5416404
517410981	41.2524338	-110.9556194
517409933	41.2488038	-110.9701294
517410826	41.2506538	-110.9478394
517411047	41.3399338	-110.2981595
517410874	41.2855138	-110.9630394
517422866	41.6004737	-109.2618897
500652341	33.6182749	-111.9089500
517409489	41.2684308	-110.9654384
517409562	41.2572298	-110.9673544
517410289	41.2473088	-110.9547124
517420420	41.5978467	-109.2042797
517410497	41.2910778	-110.5984665
517410871	41.0793138	-110.8488494
517410979	41.2636738	-110.9590294
517409596	41.2676108	-110.9661764
517410842	41.2634638	-110.9587394
517422772	41.6412737	-109.2661597
517410298	41.2710578	-110.9541944
517422751	41.6375937	-109.2709497
517410924	41.2674738	-110.9651394
517409593	41.2676108	-110.9661764
517353606	40.7046320	-111.8997893
517410513	41.3279248	-110.2906435
517411070	41.3269438	-110.3003495
517410359	41.2431448	-110.9487054
517409600	41.2648198	-110.9751274
517410845	41.2624838	-110.9596894
517409537	41.2572298	-110.9673544
517409495	41.2678248	-110.9659704
517410987	41.2649638	-110.9624994
517420520	41.6695036	-109.1997697
517410450	41.2823718	-110.9494814
517410960	41.2575338	-110.9611294
517410900	41.2257438	-110.9180394
517409630	41.2373178	-110.9862994
515283271	29.7603448	-95.3641540
517409978	41.2632138	-110.9831494
517410547	41.3213628	-110.3328215
517409447	41.2275498	-110.9934334
517423550	41.5552117	-109.5178097
517409454	41.2497578	-110.9781204
517421868	41.5792737	-109.2308797
517410473	41.2704068	-110.9606674
517420950	41.6150217	-109.2280637
517420429	41.5922797	-109.2177357
517410353	41.2452788	-110.9444384
515284500	29.7560048	-95.3624440
517410763	41.2733046	-110.3353257
517409915	41.2678938	-110.9686394
517410565	41.3294168	-110.2930095
517409529	41.2314228	-110.9855804
517349426	40.7692800	-111.8909023
517410084	41.3335838	-111.0100394
517410792	41.2668338	-110.9620494
517410940	41.2517838	-110.9574994
517410245	41.2806248	-110.9626524
517410596	41.2701978	-110.3395275
517410844	41.2673838	-110.9649994
517422228	41.5217637	-109.4655197
517411079	41.3265838	-110.2936795
517410445	41.2706608	-110.9602424
517410239	41.1202618	-110.7949804
517409577	41.2494948	-110.9702244
517410322	41.2469368	-110.9539884
517409889	41.3759038	-111.0333094
517409461	41.2515728	-110.9712784
517410490	41.3184568	-110.3885345
500651772	33.6350449	-111.9112296
517420794	41.5984837	-109.2057797
517410717	41.3417472	-110.3176676
517409730	40.9181139	-111.3989293
517409498	41.2572298	-110.9673544
517421615	41.6150137	-109.2306997
517410959	41.2505138	-110.9569094
517421650	41.5849337	-109.2249797
517422317	41.5317137	-109.4726397
517410531	41.3311068	-110.2819755
517410401	41.2683148	-110.9652714
517409586	41.2566088	-110.9704204
517410233	41.2806508	-110.9624984
503071795	39.7542936	-105.0173809
517410948	41.2674438	-110.9632194
517410031	41.3075938	-111.0055794
517409594	41.2448948	-110.9760434
517393103	41.1137469	-111.9814782
517409968	41.2675038	-110.9759894
517410597	41.2689978	-110.3233855
517409462	41.2497598	-110.9688094
517410081	41.2634338	-110.9750594
517411014	41.2737138	-110.4172195
517420415	41.5922797	-109.2177357
517409560	41.2487908	-110.9706714
517411067	41.3232638	-110.2874195
517409986	41.2683838	-110.9674094
517423650	41.7946177	-110.5373014
517410913	41.1808438	-110.8621194
517410883	41.2680538	-110.9659794
517410530	41.3799328	-110.3405375
517410953	41.2624338	-110.9616594
517409548	41.2554288	-110.9667614
517410066	41.2632438	-110.9680994
517410071	41.3737538	-111.0326594
517421316	41.5908937	-109.2189897
517410430	41.2706608	-110.9602424
517409456	41.2422518	-110.9916164
517410911	41.2645038	-110.9636294
517409429	41.2422518	-110.9918354
517409641	41.3258568	-110.9970584
517409839	41.2838338	-110.9723794
517410036	41.2843038	-110.9729094
517410889	41.2673138	-110.9648994
517410003	41.2657738	-110.9776194
517410787	41.2763238	-110.9646294
517410052	41.3456338	-111.0053994
517410002	41.3095338	-111.0054894
517410703	41.2681738	-110.4127389
517420744	41.5978037	-109.2024797
517422022	41.5794827	-109.2634627
517336865	40.7623440	-111.8645093
517409946	41.2490938	-110.9773894
517410462	41.2496768	-110.9453674
517410429	41.2465958	-110.9497524
517410438	41.2711158	-110.9563064
517409951	41.3499538	-111.0017794
517409535	41.2770238	-110.9699674
517409899	41.2632638	-110.9709694
517410922	41.2523138	-110.9438494
517410923	41.2849438	-110.9618594
517410055	41.2485238	-110.9770394
517410936	41.2556638	-110.9660094
517423593	41.7895427	-110.5407804
517422618	41.6423037	-109.2795097
517420870	41.5904887	-109.2244617
517410584	41.2811568	-110.3363325
517410818	41.2654338	-110.9595694
517389802	41.2251439	-112.0240092
517410976	41.2676238	-110.9653394
517410455	41.2443578	-110.9487934
517410581	41.2690068	-110.3268355
517409546	41.2448398	-110.9754664
517410358	41.2558858	-110.9628744
517409912	41.2500638	-110.9735694
517421490	41.6181637	-109.2252097
517410234	41.2737388	-110.9589334
517410541	41.3109868	-110.3340395
517422061	41.5811617	-109.2793327
517423597	41.7994127	-110.5440824
517422037	41.6440557	-109.2722027
517423833	41.7971558	-110.5385546
517420614	41.5959737	-109.2131097
517409835	41.2661038	-110.9730394
517410519	41.3267048	-110.3000995
517409481	41.2498768	-110.9721744
517409472	41.2711898	-110.9859974
517409514	41.2629618	-110.9966124
517422149	41.5251037	-109.4610597
517410583	41.2749538	-110.3363655
517410722	41.3417472	-110.3176676
517410582	41.2689978	-110.3233855
517410604	41.2701978	-110.3395275
517410570	41.2690708	-110.3311105
517409612	41.2517578	-110.9711024
517410391	41.2669558	-110.9648894
517409843	41.2596938	-110.9982294
500653364	33.6136549	-111.9139600
517410435	41.2450228	-110.9440074
517356465	40.5784560	-111.9054023
517422625	41.6940937	-109.2838697
503070665	39.7542836	-105.0164909
517422702	41.5986137	-109.2609697
517410812	41.2634638	-110.9587394
517410037	41.2624338	-110.9709794
517410331	41.2461878	-110.9559994
517409616	41.2488038	-111.0169414
517337727	40.7654840	-111.8663393
517410823	41.2668338	-110.9620494
512687123	48.1424422	-101.1551575
517409941	41.2596938	-110.9982294
517409545	41.2388758	-110.9793584
517420519	41.6700336	-109.1885097
510779015	36.1246957	-115.2248502
517409464	41.2581708	-110.9981264
517423601	41.8010667	-110.5488274
517410910	41.2451738	-110.9405694
517389278	41.2307689	-112.0256192
517422663	41.5815437	-109.2724397
517410310	40.9974739	-110.8649284
517409816	41.3837038	-111.0256194
517420455	41.5931977	-109.2190987
517410441	41.2427358	-110.9376764
517423538	41.4367718	-111.0274663
517410437	41.2690018	-110.9628594
503072886	39.7481736	-105.0213009
517411002	41.2543338	-110.9657694
517423843	41.7971558	-110.5385546
517410042	41.3729938	-111.0291694
517410815	41.2678138	-110.9649694
517410707	41.2681775	-110.4127363
517409891	41.2477538	-110.9732094
517410099	41.3344038	-111.0017394
517410995	41.1467838	-110.8483294
517410092	41.3814138	-111.0329894
517411050	41.3270638	-110.2957795
517420893	41.6414817	-109.2443097
517411056	41.3260338	-110.3025095
503071984	39.7551436	-105.0172409
517410028	41.2448538	-110.9683094
517410443	41.2710888	-110.9589044
517410983	41.2779838	-110.9618594
517410292	41.0564098	-110.8334664
517410001	41.2632838	-110.9787894
517410327	41.2643378	-110.9595554
517410355	41.2520128	-110.9390324
517410242	41.2439548	-110.9429114
517409634	41.2456008	-110.9760054
517411064	41.3266338	-110.2919795
517357079	40.5823940	-111.9058893
517390218	41.1234179	-112.0179552
517409668	41.2682341	-110.9691576
517420882	41.5808057	-109.2602297
517410414	41.2710878	-110.9622144
517410492	41.2217598	-110.4036055
517410807	41.2538638	-110.9466794
517410710	41.2681775	-110.4127363
517409906	41.3754438	-111.0326994
517409727	40.9165339	-111.3992493
517410590	41.2761538	-110.3257865
517410836	41.2677238	-110.9656394
517410549	41.3175298	-110.2590035
512687783	48.0897922	-101.0537506
517421117	41.6011842	-109.2595197
517410609	41.2678868	-110.3426455
517409476	41.2651378	-110.9875174
517409918	41.2689138	-110.9730094
517410919	41.2668338	-110.9620494
517410390	41.2509568	-110.9436964
517421353	41.5999937	-109.2600097
517409559	41.2422518	-110.9908754
512686225	48.1807222	-101.2806305
517410361	41.2801568	-110.9570884
517335306	40.7658980	-111.8624943
517410955	41.2659838	-110.9629894
517410768	41.1851879	-110.4171074
517356539	40.5867670	-111.9041563
517410579	41.2715178	-110.3450455
517391359	41.2279309	-112.0002272
517422059	41.5796507	-109.2631607
517410005	41.3256038	-110.9973194
500650403	33.5824349	-111.8974600
500654260	33.6308849	-111.9164600
517391533	41.1109754	-111.9991453
517422641	41.6386137	-109.2660397
517421015	41.6100017	-109.2298777
517409682	40.9172739	-111.3994993
517409534	41.2413108	-110.9779944
517409525	41.2676108	-110.9661764
517422845	41.6359837	-109.2714697
517422851	41.6502137	-109.2696397
517410972	41.2642238	-110.9642394
517410799	41.2648738	-110.9607594
517409652	41.0160153	-111.4975450
517409203	41.0129869	-111.5003173
517410251	41.1452608	-110.8262424
517409862	41.2572138	-110.9985894
517411076	41.3021738	-110.3360195
517410408	41.2652558	-110.9632064
517422101	41.5537437	-109.5030097
517409584	41.2825638	-110.9711654
517410926	41.2652038	-110.9629994
517409614	41.2592398	-110.9672134
517410967	41.2668338	-110.9620494
500655298	33.6246949	-111.9215400
517410798	41.1544838	-110.8500894
517345570	40.7671190	-111.8859283
517422727	41.5985637	-109.2628997
517409849	41.3279138	-111.0180994
517410856	41.2665738	-110.9638394
517410990	41.1162838	-110.8441894
517410486	41.3294748	-110.4492455
517410539	41.3279248	-110.2906435
517409508	41.2466268	-110.9721914
517410420	41.2552928	-110.9377354
517409984	41.2687438	-110.9662994
517336322	40.7649780	-111.8653163
517409997	41.3658038	-111.0098394
517409980	41.2705638	-110.9712894
517409604	41.2079818	-111.0238344
517421651	41.5878737	-109.2244497
517409642	41.2564928	-110.9857894
517409830	41.2619738	-110.9922094
517410502	41.3677248	-110.3004155
517410968	41.2473338	-110.9379094
517410808	41.2536038	-110.9653294
517410895	41.2438338	-110.9388694
517410395	41.2427988	-110.9301924
500653045	33.6022249	-111.9112600
517410027	41.2643338	-110.9733394
500653679	33.6281049	-111.9169620
517410349	41.2461878	-110.9559994
517409531	41.2461958	-110.9824074
517410964	41.2410338	-110.9334294
517410254	41.0627978	-110.8334294
517372319	40.7203290	-111.9770843
517410476	41.2428048	-110.9420434
517410558	41.3301278	-110.3002635
510779659	36.1149547	-115.2244192
517411061	41.3581838	-110.2973995
517421794	41.5899737	-109.2229497
517389799	41.2214839	-112.0272692
517411033	41.3372138	-110.2924795
517423554	41.5562957	-109.5228976
517410771	41.1851879	-110.4171074
517369822	40.7213540	-111.9572593
517410591	41.2725668	-110.3442085
517409466	41.2580068	-110.9672134
517422713	41.5740237	-109.2732797
517410287	41.2711698	-110.9542904
517421609	41.5900837	-109.2195997
517410063	41.2633938	-110.9821194
517410431	41.2642328	-110.9594094
517410057	41.2761838	-110.9720794
517336299	40.7649780	-111.8653163
517410244	41.2652558	-110.9632064
517410330	41.0920938	-110.8333744
517410025	41.2595738	-110.9995694
517410734	41.2733046	-110.3353257
517409431	41.2506558	-110.9737514
517410054	41.2429938	-110.9931494
517410418	41.2729408	-110.9595954
517410369	41.2562628	-110.9598204
517410357	41.2514818	-110.9514034
517411078	41.3240738	-110.3370895
517352463	40.7605768	-111.8973463
517350459	40.5755870	-111.8935063
517421169	41.5785637	-109.2307697
517410969	41.2679438	-110.9237094
517410718	41.3417472	-110.3176676
517410534	41.3274618	-110.2927505
517410474	41.2462588	-110.9498304
517356388	40.6813820	-111.9053703
517345453	40.7681890	-111.8870293
517421193	41.6150137	-109.2306997
517410268	41.2806508	-110.9624984
517410542	41.3267048	-110.3000995
517409726	40.9159239	-111.3988493
517410409	41.2706608	-110.9602424
517410741	41.2733046	-110.3353257
517409448	41.2679268	-110.9921764
517338297	40.7693110	-111.8709493
500652331	33.6222149	-111.9083200
517422484	41.5279937	-109.4647597
517410788	41.2670438	-110.9641194
517410963	41.1682938	-110.8745694
500650699	33.6164939	-111.9051350
517422170	41.5259437	-109.4612097
517409500	41.2579578	-110.9890484
517410822	41.2647138	-110.9643394
517410308	41.2691118	-110.9398384
517410249	41.2428018	-110.9375584
517409588	41.2851518	-110.9680574
517410496	41.2910778	-110.5984665
517409871	41.2684338	-110.9692694
517371691	40.7130640	-111.9684293
517410997	41.2654338	-110.9595694
517410296	41.2425008	-110.9502784
517410305	41.2838918	-110.9503714
517421833	41.5900837	-109.2195997
517409520	41.2642568	-110.9851684
517410939	41.2675238	-110.9652094
517410971	41.2652038	-110.9629994
517409524	41.2554968	-110.9667614
517422646	41.5976337	-109.2649597
517421389	41.5915937	-109.2227697
517409852	41.3474338	-111.0059294
517410482	41.2604778	-110.9573364
517410977	41.2669538	-110.9653594
517421779	41.5893337	-109.2244497
517410269	41.2711918	-110.9550944
517409440	41.2572298	-110.9673544
517410858	41.2670438	-110.9641194
517350868	40.6986440	-111.8906293
517410019	41.2644438	-110.9731994
517409646	41.1933238	-111.0348064
517350366	40.7618270	-111.8928313
517409576	41.2640228	-110.9782154
517422362	41.5353237	-109.4772197
517409993	41.2573638	-111.0068194
517422753	41.6688537	-109.2678997
517411074	41.3568238	-110.2995995
517421382	41.6316737	-109.2501197
517410286	41.2712168	-110.9559994
517411039	41.3517438	-110.3206095
517420412	41.5906557	-109.2192097
517420900	41.6194817	-109.2301807
517409505	41.2555148	-110.9651014
517421092	41.6011842	-109.2595197
517409908	41.3224238	-111.0229194
517409609	41.2703968	-110.9740324
517410073	41.2683838	-110.9674094
517410491	41.2652788	-110.4000125
517409662	41.2682341	-110.9691576
517410044	41.3435638	-111.0060794
517409551	41.2716208	-110.9670234
517422517	41.5207137	-109.4660997
517410351	41.2514428	-110.9536814
517423759	41.7964277	-110.5393314
517422748	41.5890737	-109.2685897
517337745	40.7689940	-111.8676293
517350907	40.7030640	-111.8932693
517410432	41.2657028	-110.9612994
517409860	41.2622438	-110.9974794
517410819	41.2763838	-110.9629194
517410493	41.2441898	-110.3887165
517409566	41.2505398	-110.9736084
517410018	41.2486838	-110.9707894
517410791	41.2830038	-110.9494894
517410861	41.2644738	-110.9627094
517347950	40.7595340	-111.8890393
517391784	41.2274539	-112.0016892
517410800	41.2748338	-110.9650394
517410342	41.2671728	-110.9652514
517410743	41.2733046	-110.3353257
500656210	33.6354248	-111.9248700
517410868	41.2708238	-110.9615694
517411059	41.3428438	-110.2934695
517390870	41.2196939	-112.0095392
517410475	41.2503918	-110.9525114
512687638	48.2180222	-101.1345805
517370610	40.7254940	-111.9654393
517423669	41.7928107	-110.5400234
517410945	41.2528738	-110.9569994
517410606	41.2701978	-110.3395275
517410854	41.2674338	-110.9650694
517409890	41.2503138	-110.9688694
517410877	41.2500338	-110.9562594
517410097	41.2734438	-110.9692394
517410705	41.2681775	-110.4127363
517338343	40.7688540	-111.8709833
517410377	41.2559318	-110.9600084
517409909	41.2471238	-110.9722894
517410265	41.2556678	-110.9638234
517409632	41.2497268	-110.9747344
517409199	41.0201809	-111.4971473
517410914	41.2634638	-110.9587394
517410737	41.2733046	-110.3353257
517410095	41.2481038	-110.9736194
517411045	41.3267038	-110.2957395
517422674	41.6711937	-109.2675797
517391536	41.1109754	-111.9991453
517410560	41.3269748	-110.2999535
517420913	41.6597757	-109.2209777
517410898	41.2494638	-110.9575094
517409674	41.2690466	-110.9662378
510776978	36.1149507	-115.2191042
517410863	41.2670238	-110.9654594
517410459	41.2671728	-110.9652514
517410928	41.2716738	-110.9621994
517409581	41.2626528	-110.9950844
517410944	41.0009639	-110.8723694
517410838	41.2633438	-110.9650394
517410801	41.2668338	-110.9620494
517410498	41.3070378	-110.7274084
517409821	41.3787138	-111.0308294
517420413	41.5991397	-109.1989387
517409518	41.2490218	-110.9761854
517410016	41.3256038	-110.9973194
517410725	41.3417472	-110.3176676
517409894	41.2630338	-110.9686494
517409541	41.2641018	-110.9792424
517409639	41.2750738	-110.9688824
517422056	41.5744477	-109.2710967
512687826	48.0947222	-101.1380906
515284960	29.7579748	-95.3599140
517410706	41.2681775	-110.4127363
517410433	41.2462588	-110.9498304
517411072	41.3156438	-110.3329695
517410563	41.3256528	-110.2928205
517410574	41.2738958	-110.3244665
517410004	41.2684538	-110.9665394
517409958	41.2634338	-110.9766394
517410030	41.2519838	-110.9742094
512687605	48.1914322	-101.2388405
517410855	41.2748338	-110.9650394
517422658	41.6513037	-109.2770497
517409574	41.2559798	-110.9862034
517409942	41.2484638	-110.9704894
517410479	41.2469348	-110.9539624
517369805	40.7241240	-111.9585693
517422598	41.5813537	-109.2709697
517421323	41.5732737	-109.2307697
517420709	41.5972337	-109.2077197
517410859	41.2462438	-110.9517194
517410906	41.2641438	-110.9577494
517410750	41.2733046	-110.3353257
517409501	41.2676108	-110.9661764
517409533	41.2579578	-110.9890484
517421533	41.6386237	-109.2532997
517356516	40.5778780	-111.9067683
517410394	41.2564888	-110.9608844
517357042	40.5791340	-111.9058993
517422454	41.5297237	-109.4678197
517409625	41.2566088	-110.9704204
517422617	41.5808237	-109.2768297
517410811	41.2673038	-110.9658594
517372791	40.7198740	-111.9728093
517410956	41.2546938	-110.9594694
517409470	41.2427538	-110.9781084
517422043	41.6354147	-109.2705377
517410851	41.2675738	-110.9652694
517385142	41.2362759	-112.0735452
517409974	41.2470538	-110.9764194
517409516	41.2430158	-110.9947394
500654190	33.6118549	-111.9163700
517410051	41.2701438	-110.9721094
517409824	41.3867938	-111.0197394
517423615	41.7946647	-110.5372634
517409844	41.2642738	-110.9760294
517409623	41.3233958	-111.0053874
517409618	41.2448168	-110.9759044
517409966	41.2639338	-110.9709794
517416139	41.1169394	-104.8113598
517409869	41.3401538	-111.0054994
517409934	41.4019038	-111.0359994
517410986	41.2488538	-110.9505994
517409960	41.2509738	-110.9701394
517421406	41.5782437	-109.2220197
517410056	41.2674738	-110.9687094
517409813	41.3782838	-111.0268594
517410333	41.1509658	-110.8731474
517420948	41.5766257	-109.2258627
517410962	41.2556638	-110.9611394
517410949	41.1337638	-110.8447194
517409549	41.2680658	-110.9663174
517410917	41.2671238	-110.9655894
517422040	41.5794827	-109.2634627
517409485	41.2837858	-110.9745064
517422758	41.5845037	-109.2655297
517410849	41.2840838	-110.9513394
517409550	41.3544268	-111.0035954
517410083	41.2647738	-110.9702694
517410080	41.2626138	-110.9700594
517410756	41.2733046	-110.3353257
517422868	41.5805437	-109.2787997
517409847	41.2707438	-110.9756294
517409853	41.2672238	-110.9744694
517409479	41.2348358	-110.9856154
517410880	41.2543438	-110.9457994
517410047	41.2478138	-111.0343094
517410611	41.2672178	-110.3170665
517409971	41.2459438	-110.9791294
517422832	41.5786837	-109.2658097
515285246	29.7549748	-95.3607440
517409927	41.2702938	-110.9767394
517410039	41.3893838	-111.0097294
517409867	41.2663138	-110.9661894
517421102	41.6011842	-109.2595197
517410403	41.2329948	-110.9292904
517410810	41.2517038	-110.9553594
517410464	41.1084828	-110.8990924
517423862	41.5669737	-109.5384796
517410982	41.2673038	-110.9658594
517409879	41.2630038	-110.9973694
517409601	41.2274158	-110.9987394
517410477	41.2528888	-110.9523314
500651173	33.6226149	-111.9037900
517411004	41.2511438	-110.9565194
517420389	41.6686266	-109.1977487
517356777	40.7594240	-111.9061993
517421886	41.5307707	-109.4729127
517410456	41.2439198	-110.9503074
517411092	41.3127238	-110.3343795
517422287	41.5359337	-109.4781197
517421614	41.5958937	-109.2239797
517422066	41.5795247	-109.2633877
517409848	41.3508238	-111.0058194
517409875	41.3256038	-110.9973194
517423664	41.7938427	-110.5408184
517352121	40.5786940	-111.8937193
517410306	41.1202618	-110.7949804
517411015	41.2852838	-110.4221995
517422655	41.6497937	-109.2639197
510777238	36.1236747	-115.2170692
517410829	41.2611838	-110.9578494
517410261	41.2469318	-110.9539364
500648633	33.5821419	-111.8968890
517410957	41.2753138	-110.9579494
517409898	41.2680738	-110.9669594
517420751	41.5950037	-109.2138697
517410701	41.2681775	-110.4127363
517410561	41.3241618	-110.3355525
517411012	41.1734138	-110.8809994
517409433	41.2523618	-110.9705404
517409979	41.2503138	-110.9708394
517410757	41.2733046	-110.3353257
517422218	41.5212837	-109.4646597
517410421	41.2458988	-110.9346374
517371372	40.7133720	-111.9692733
517422826	41.5801237	-109.2787697
517410321	41.2540628	-110.9370124
517410034	41.3773038	-111.0372794
517422205	41.5292737	-109.4683497
517337768	40.7674940	-111.8677793
517423531	41.7762647	-110.5401574
510779639	36.1186247	-115.2242692
517410876	41.2646638	-110.9582294
517410797	41.2621738	-110.9624894
510777271	36.1232547	-115.2170692
517421548	41.6344337	-109.2601497
517350078	40.7615940	-111.8905493
517409919	41.2655038	-110.9760094
517410540	41.3722588	-110.3190155
517410010	41.2511238	-110.9688494
517410602	41.2701978	-110.3395275
517422615	41.6407137	-109.2715997
517410860	41.2646638	-110.9582294
517371625	40.7163440	-111.9687793
517421599	41.5688937	-109.2337297
517409827	41.2688038	-110.9766094
517410825	41.2634638	-110.9587394
517409995	41.2470038	-110.9749994
517353677	40.5863950	-111.8992173
517410328	41.2761528	-110.9635444
517422742	41.6480537	-109.2798497
517410263	41.2585528	-110.9575344
515282892	29.7603448	-95.3641540
517410744	41.2733046	-110.3353257
517410086	41.3256038	-110.9973194
517410399	41.2568708	-110.9585994
517423861	41.5540137	-109.5134597
517410610	41.2695648	-110.3457365
517410271	41.2746288	-110.9564284
517409911	41.2676738	-110.9683194
517337721	40.7654840	-111.8663393
517410022	41.3228938	-111.0218694
517422356	41.5279937	-109.4647597
517335322	40.7661000	-111.8624933
517421299	41.5931537	-109.2241397
517421452	41.5956337	-109.2273297
517421288	41.5903737	-109.2254297
517336861	40.7634440	-111.8648193
517421932	41.5262267	-109.4600397
517422828	41.5844037	-109.2688197
517410943	41.1369338	-110.8133594
517409845	41.2640238	-110.9700594
517410419	41.2521108	-110.9439424
512687175	48.2285862	-101.2022705
517409443	41.2448638	-110.9758924
517422797	41.6441537	-109.2645697
517414704	41.1157634	-104.8234008
510777315	36.1232547	-115.2170692
517421275	41.5709437	-109.2279797
500656433	33.6134149	-111.9238600
517420884	41.5398007	-109.2235877
517410903	41.2509138	-110.9576194
517409578	41.2519588	-110.9709154
517409437	41.2422518	-110.9908754
517410899	41.2840438	-110.9510594
517421247	41.6294337	-109.2535097
517410082	41.2698638	-110.9702794
517346204	40.7628250	-111.8882163
517411041	41.3277438	-110.2925595
517410840	41.0355339	-110.8957994
510777213	36.1232547	-115.2170692
517410522	41.3626378	-110.2773575
517410872	41.2611838	-110.9578494
517409494	41.2433828	-110.9938494
510777188	36.1236747	-115.2170692
517410831	41.2661238	-110.9625394
517411081	41.3268438	-110.3311595
510777318	36.1232547	-115.2170692
517421756	41.5876937	-109.2203897
517409608	41.2658848	-110.9720244
517409567	41.2422518	-110.9916164
517409653	41.0160153	-111.4975450
517421246	41.6333437	-109.2601597
517410503	41.3269748	-110.2999535
517391194	41.1109739	-111.9969872
517419871	41.5932497	-109.2191097
517409929	41.2474838	-110.9726894
517409552	41.2436518	-110.9918594
510777195	36.1232547	-115.2170692
503073986	39.7505336	-105.0246009
515278878	29.7601748	-95.3693440
517422755	41.6774037	-109.2709397
517410833	41.0029339	-110.8740994
517409851	41.2648938	-110.9806894
517421570	41.6385137	-109.2557297
517411037	41.3294838	-110.2926595
517421841	41.5891437	-109.2204997
517389537	41.2257369	-112.0256742
512687037	48.2289272	-101.1939775
517410049	41.2514238	-110.9764794
517409509	41.2825348	-110.9713064
517422795	41.5775637	-109.2644197
517420774	41.5970237	-109.2098097
517410739	41.2733046	-110.3353257
517411017	41.2740438	-110.4672895
500656406	33.6165649	-111.9239000
500654280	33.6307149	-111.9186100
517410371	40.9974739	-110.8649284
517411089	41.2682738	-110.3347295
517410307	41.2519748	-110.9391234
517410999	41.2668338	-110.9620494
517410288	41.1334158	-110.8812084
517409477	41.2681888	-110.9652784
517410259	41.2710548	-110.9540944
517422818	41.5800237	-109.2671097
517409905	41.3778538	-111.0411594
517410404	41.2681688	-110.9654994
517409936	41.2676238	-110.9670694
517409467	41.2581708	-110.9981264
517410887	41.2634638	-110.9587394
517410311	41.2506638	-110.9347924
517409962	41.2614138	-110.9684894
517409599	41.2422598	-110.9873024
517409434	41.2498628	-110.9721804
517423535	41.7695237	-110.5371984
517410958	41.2545638	-110.9594794
517409452	41.2567768	-110.9672054
517422385	41.5383437	-109.4790797
517390219	41.1332139	-112.0202782
517410294	41.2564468	-110.9624594
517410932	41.2492638	-110.9517794
517421568	41.5865937	-109.2264297
517409873	41.2641138	-110.9691994
517410521	41.3282438	-110.2590015
500652955	33.6319148	-111.9137300
517410372	41.2703648	-110.9609274
517421218	41.5809737	-109.2291597
517423625	41.7878607	-110.5375624
517410075	41.3287338	-111.0215994
517409855	41.2509038	-110.9777694
517410466	41.2427678	-110.9301744
517409611	41.2668348	-111.0233644
517420417	41.5979007	-109.2066537
517411032	41.3293238	-110.2421395
517411007	41.2683438	-110.9657294
500651132	33.6186749	-111.9021500
517371747	40.7157740	-111.9687793
517336328	40.7682630	-111.8653853
517410012	41.3095338	-111.0054894
510779926	36.1251747	-115.2236192
517410735	41.2733046	-110.3353257
517338279	40.7693110	-111.8709493
517421738	41.6039037	-109.2284597
517346247	40.7597690	-111.8881423
517421383	41.5786937	-109.2314797
517410992	41.2843438	-110.9482394
517409519	41.2489958	-110.9760004
517410870	41.2671338	-110.9626194
517410723	41.3417472	-110.3176676
500656628	33.6253429	-111.9254320
517409554	41.2591488	-110.9959234
517385093	41.2030339	-112.0936892
517422394	41.5311337	-109.4702997
517422603	41.6711937	-109.2675797
510777975	36.1240937	-115.2228582
517410422	41.2426618	-110.9353554
517410965	41.2505038	-110.9556194
517371728	40.7207340	-111.9684293
517409540	41.2755368	-110.9695624
517409194	40.9735469	-111.4361853
517410060	41.2679738	-110.9668194
517410033	41.2744738	-110.9706994
517409937	41.2723538	-110.9666794
517422762	41.6359337	-109.2641397
500656549	33.6241029	-111.9254660
517423698	41.7863547	-110.5406044
517409858	41.3054438	-110.9889494
517409865	41.3774938	-111.0335594
515278252	29.7531648	-95.3720340
517422712	41.5779237	-109.2628697
517409542	41.2553308	-110.9680094
517410805	41.2645038	-110.9636294
517410920	41.2465938	-110.9437094
517410470	41.2567358	-110.9604504
517420875	41.6187067	-109.2323037
517414644	41.1119534	-104.8303308
517423694	41.8082067	-110.5341254
517410702	41.2681738	-110.4127389
500649437	33.6298548	-111.8944300
517422805	41.6356437	-109.2632097
517410015	41.2588438	-110.9922994
517409896	41.3256038	-110.9973194
517410091	41.2769338	-110.9723794
517409697	40.9249639	-111.3486194
517410345	41.0628598	-110.8334284
517411005	41.2510238	-110.9459094
517409861	41.2638538	-110.9802594
517422605	41.6340537	-109.2688697
517410526	41.3489268	-110.3312155
517409913	41.2654738	-110.9672294
517391452	41.2047699	-111.9998562
517352847	40.7523340	-111.8972393
517409670	41.2690466	-110.9662378
517410400	41.2725218	-110.9625334
517410794	41.2665738	-110.9638394
517410365	41.2762518	-110.9614204
517337377	40.7627754	-111.8663142
517410471	41.2555548	-110.9603754
503071951	39.7565536	-105.0195409
517421369	41.5814037	-109.2187697
517409496	41.2683368	-110.9653034
517413534	41.1011634	-104.8486808
500651264	33.6185549	-111.9005800
517409441	41.2642328	-110.9981404
510777176	36.1232547	-115.2170692
517409643	41.2566088	-110.9704204
510779627	36.1151047	-115.2235892
517423727	41.7914647	-110.5403994
517410594	41.2695648	-110.3457365
517409949	41.3454338	-111.0196994
517410929	41.2451738	-110.9405694
517410344	41.2565918	-110.9477864
517411042	41.3127238	-110.3336495
517410882	41.2668338	-110.9620494
517410500	41.2724658	-110.4672785
517410356	41.2436438	-110.9487144
517410865	41.2459338	-110.9534294
517410442	41.2476508	-110.9497274
517423851	41.5551537	-109.5201396
517410901	41.1325338	-110.8111494
500651409	33.6162249	-111.9016000
517409595	41.2566088	-110.9704204
517409645	41.3621358	-111.0069114
517423705	41.7956427	-110.5389634
517409493	41.2838218	-110.9745254
517411063	41.3020438	-110.3371995
517421644	41.5908737	-109.2195797
517410941	41.2713838	-110.9624994
517409817	41.3759238	-111.0295994
517410007	41.3737038	-111.0333794
517410258	41.2447198	-110.9370304
517410806	41.2629738	-110.9580294
517423583	41.8083907	-110.5346714
517410544	41.3236978	-110.2881755
517410504	41.3267548	-110.3000995
517409970	41.3682638	-111.0342894
517422670	41.6974637	-109.2850097
517409503	41.2638298	-110.9910424
517348939	40.7572850	-111.8908943
517420660	41.5922437	-109.2171297
517409624	41.2648198	-110.9751274
517409943	41.2588438	-110.9922994
517410077	41.2547538	-110.9663994
517411026	41.3156438	-110.3329695
517411027	41.3352738	-110.2988095
517409629	41.2803648	-110.9771834
517409453	41.2422518	-110.9901184
517410337	41.2710768	-110.9548984
510779624	36.1213247	-115.2233592
517421449	41.5683837	-109.2452797
517409923	41.2626238	-110.9738994
517409838	41.3258038	-111.0221994
517410523	41.3272338	-110.2928855
517411060	41.3840138	-110.3322195
517409955	41.2677438	-110.9664894
517410843	41.2550538	-110.9605994
517370586	40.7252240	-111.9652493
517410608	41.2732448	-110.3363785
517409880	41.2513838	-110.9756894
517409513	41.2485878	-110.9703914
517421426	41.6489137	-109.2596697
517410529	41.3835798	-110.3324425
500648604	33.6144529	-111.8936780
517410517	41.3265118	-110.2957465
517422773	41.6913137	-109.2853797
517410993	41.2488938	-110.9503394
517410708	41.2681775	-110.4127363
517420661	41.5968537	-109.2036197
510779635	36.1213247	-115.2233592
517409981	41.3069238	-110.9914294
517353953	40.7537640	-111.8993293
517410388	41.2634618	-110.4096295
517420656	41.5800437	-109.2174697
517410341	41.2506718	-110.9550644
517391437	41.2047699	-111.9998562
517411035	41.3125238	-110.3267895
517410550	41.3295838	-110.2928635
500655153	33.6277749	-111.9216600
517410098	41.2668338	-110.9916294
517409877	41.3020138	-110.9922594
517410853	41.2666538	-110.9639494
517409583	41.2407678	-110.9778554
517410067	41.3759038	-111.0333094
500654426	33.6344948	-111.9158200
517409883	41.2663438	-110.9930594
517410869	41.2748338	-110.9650394
517410320	41.2705668	-110.9604214
517409455	41.2515728	-110.9712784
517409916	41.2669038	-110.9755194
517410589	41.2786958	-110.3363225
517410950	41.2653138	-110.9628894
517392120	41.1060059	-111.9840692
512687092	48.2270282	-101.1338325
517423525	41.7732837	-110.5460384
517410411	41.2612408	-110.9533834
517411023	41.3364638	-110.2984695
517422447	41.5312037	-109.4726997
517410837	41.2702338	-110.9489894
517409992	41.2663238	-110.9877894
517409903	41.3256338	-111.0206994
517410904	41.2517038	-110.9556494
517423574	41.7964947	-110.5395424
517371658	40.7252840	-111.9681693
517411001	41.2634838	-110.9623194
517422064	41.5619557	-109.2707467
517410058	41.2852438	-110.9746694
517409815	41.3809638	-111.0237694
517410759	41.2733046	-110.3353257
517409606	41.2274158	-110.9987394
517409671	41.2690466	-110.9662378
500655388	33.6202749	-111.9191500
517371756	40.7114340	-111.9701293
517410891	41.2093038	-110.9013794
517410532	41.3111038	-110.3334825
517422735	41.5764237	-109.2670197
517410297	41.2711698	-110.9542904
510778192	36.1189647	-115.2230092
517409570	41.2422518	-110.9916164
517410832	41.2668338	-110.9620494
510779657	36.1149547	-115.2244192
517410050	41.3916738	-111.0090294
517410828	41.2693738	-110.9625794
500653298	33.6187049	-111.9115500
517410827	41.2651338	-110.9611894
517410803	41.2528238	-110.9575894
512687545	48.2229722	-101.2085905
517410569	41.2689568	-110.3277035
517410947	41.2677138	-110.9654794
517409473	41.2410588	-110.9779984
517410468	41.2710128	-110.9592494
517410786	41.2634638	-110.9587394
517421992	41.5758067	-109.2701327
517410096	41.2650938	-110.9733994
517410736	41.2733046	-110.3353257
517410988	41.2428938	-110.9494794
515283349	29.7613948	-95.3643740
517410752	41.2733046	-110.3353257
517409660	41.2682341	-110.9691576
517351505	40.7058790	-111.8939053
510777285	36.1232547	-115.2170692
517410323	41.2461878	-110.9559994
517410284	41.2559198	-110.9602014
517410709	41.2681775	-110.4127363
517410319	41.2495858	-110.9452694
517423662	41.7881797	-110.5478234
517421889	41.5283707	-109.4665807
517421061	41.5814357	-109.2262767
517409991	41.2751338	-110.9685094
517410909	41.2539038	-110.9607494
517410463	41.2684508	-110.9652524
517390258	41.2273879	-112.0098192
517409565	41.2427618	-110.9781504
517410864	41.2612538	-110.9615994
517348791	40.6869980	-111.8911163
517423562	41.7872697	-110.5527334
517409439	41.2422518	-110.9916164
517409644	41.2456888	-110.9758834
500651732	33.5836199	-111.9086630
517409478	41.2422518	-110.9901184
517409597	41.2441568	-110.9881154
517409953	41.2752338	-110.9697694
517409488	41.2126548	-111.0187334
517371376	40.7170950	-111.9676923
517410494	41.3013498	-110.3897655
517410548	41.3306568	-110.2981675
517410852	41.2680038	-110.9652394
500656225	33.6194449	-111.9250200
517409987	41.2685938	-110.9677094
517411009	41.2634638	-110.9587394
517420842	41.5888337	-109.2178497
517355080	40.5867940	-111.8986293
517410281	41.2712558	-110.9574074
517410021	41.2241338	-110.9979194
517410069	41.3746438	-111.0316594
517421286	41.6104937	-109.2289597
517421264	41.5897137	-109.2194097
517352146	40.5703040	-111.8945293
517409870	41.2682038	-110.9696694
517409557	41.2668688	-110.9779324
517410600	41.2701978	-110.3395275
517410938	41.2555638	-110.9656094
517409864	41.2652338	-110.9695494
517410760	41.2733046	-110.3353257
517409841	41.2585438	-110.9979494
517409504	41.2825588	-110.9711634
517421850	41.5801437	-109.2200297
517409438	41.2437628	-110.9812624
517421918	41.5527847	-109.4963947
517411058	41.3268738	-110.2970295
517410888	41.2668338	-110.9620494
517409888	41.3849038	-111.0372694
517409579	41.2422518	-110.9918354
517409975	41.2507738	-110.9780094
517420983	41.5766257	-109.2258627
517420597	41.5803637	-109.2184497
517410585	41.2689978	-110.3410685
517410426	41.2710408	-110.9530864
500652413	33.5968749	-111.9067200
517409846	41.2610938	-110.9943894
517409895	41.2516638	-110.9675194
517421289	41.6352137	-109.2602197
517422607	41.6326237	-109.2641297
517423528	41.7727557	-110.5383344
517409967	41.2315738	-110.9844694
517410804	41.2707838	-110.9589094
517410303	41.2769068	-110.9607774
517409969	41.3578238	-111.0061994
517409922	41.2647738	-110.9686794
517411013	41.2178138	-110.4054295
517422855	41.6036337	-109.2609397
517422021	41.5795247	-109.2633877
517409945	41.2507638	-110.9695594
517410506	41.3238658	-110.2929275
517410354	41.2632638	-110.9581034
517422781	41.5764237	-109.2670197
517410101	41.2582738	-110.9997694
510777184	36.1232547	-115.2170692
517411031	41.3493738	-110.3305095
517410255	41.2551898	-110.9521044
517410989	41.2683438	-110.9657294
517413530	41.1111034	-104.8460708
517411068	41.3268738	-110.2970295
517409544	41.2450298	-110.9761594
517410076	41.2681438	-110.9670594
517410721	41.3417472	-110.3176676
517409832	41.2535038	-110.9669594
517422786	41.6357237	-109.2622497
517394106	41.1104629	-111.9750102
503070745	39.7489836	-105.0168009
517409963	41.3729638	-111.0298794
517421912	41.5276017	-109.4656177
517410696	41.2520443	-110.9412993
517410719	41.3417472	-110.3176676
517410562	41.3208478	-110.3319925
517410389	41.2511818	-110.9544324
510778197	36.1171447	-115.2230492
517423815	41.7793978	-110.5376856
517423536	41.7823757	-110.5364684
517422827	41.5904137	-109.2638597
517410866	41.2662138	-110.9633194
517410460	41.2585528	-110.9575344
517410746	41.2733046	-110.3353257
517410278	41.2515098	-110.9353044
517410961	41.1665138	-110.8815994
512687814	48.0663722	-101.1049806
510777205	36.1236747	-115.2170692
517410379	41.2687708	-110.9657154
517410266	41.2698548	-110.9491524
517409515	41.2602058	-110.9978424
517409964	41.3182038	-111.0197394
517409900	41.2694438	-110.9710894
517409620	41.2461888	-110.9883944
517411024	41.3294838	-110.2926595
517423643	41.7937527	-110.5376694
517422600	41.5878937	-109.2704897
517371705	40.7163540	-111.9705193
517410714	41.0211162	-110.1132265
517350881	40.6881940	-111.8917793
517411020	41.3038638	-110.3848595
517421213	41.6406437	-109.2605097
517422055	41.5797497	-109.2674767
517409833	41.3477138	-111.0054494
517410824	41.2670438	-110.9641194
517410078	41.2485638	-110.9724694
517410348	41.2706608	-110.9602424
517410302	41.2440508	-110.9487994
517409973	41.2681438	-110.9670594
517411071	41.3087638	-110.3369095
512687705	48.2260322	-101.2068005
517422725	41.6684237	-109.2629697
517411082	41.3495338	-110.2990895
517411043	41.3390038	-110.3089195
517409901	41.2681438	-110.9670594
512687646	48.1627822	-101.1705605
517348088	40.6935040	-111.8891893
517410373	41.2707448	-110.9600544
517390195	41.1286969	-112.0144662
517410487	41.2822958	-110.4605125
517336312	40.7649780	-111.8653163
517409663	41.2682341	-110.9691576
517421153	41.5776737	-109.2329597
517348862	40.7671740	-111.8911473
517409502	41.2641998	-110.9981834
517422038	41.5793147	-109.2637657
517421699	41.5832437	-109.2254897
517410241	41.2838248	-110.9593964
517410040	41.2683838	-110.9674094
517410905	41.2700538	-110.9618194
517388656	41.2269839	-112.0384092
517420937	41.6205567	-109.2328327
517410412	41.2766978	-110.9634334
517410387	41.2764498	-110.9634834
517410347	41.2806508	-110.9624984
517410847	41.2656438	-110.9625094
517410360	41.2838128	-110.9513924
517410546	41.3236578	-110.3074655
517410931	41.2606838	-110.9573194
517411065	41.3198338	-110.3478695
517410729	41.3417472	-110.3176676
517410363	41.2448348	-110.9341174
517421036	41.6469647	-109.2531747
517410264	41.2461878	-110.9559994
517409812	41.3837238	-111.0237894
517409825	41.3376338	-110.9992294
517410094	41.2503138	-110.9708394
517409633	41.2482348	-110.9747164
517409573	41.2851518	-110.9680574
517409957	41.2646138	-110.9720094
517336858	40.7623440	-111.8645093
517391196	41.1109169	-111.9953752
517410478	41.2556348	-110.9638244
517409528	41.2594798	-110.9672134
517409569	41.2441568	-110.9881154
517411008	41.2668338	-110.9620494
510777283	36.1232547	-115.2170692
517421671	41.5987437	-109.2594597
517390288	41.2196319	-112.0156092
517409558	41.2851518	-110.9680574
517411018	41.2798238	-110.3818295
517409924	41.3868938	-111.0423994
517410747	41.2733046	-110.3353257
517390793	41.2199539	-112.0171292
517410698	41.2522940	-110.9414496
517410406	41.2806508	-110.9624984
517410790	41.2780738	-110.9594594
517409605	41.2432598	-110.9938484
517410447	41.2519098	-110.9389784
517410572	41.2708358	-110.3434295
517410299	41.2745348	-110.9590214
517409823	41.3901538	-111.0166294
517410816	41.1259138	-110.8442094
517409887	41.3282138	-111.0196994
517410538	41.3241458	-110.3356205
517423776	41.8082067	-110.5341254
517390202	41.1234269	-112.0190182
517420540	41.5885537	-109.2186597
517410383	41.2521478	-110.9523654
517421864	41.5960737	-109.2252897
517389250	41.2357649	-112.0254042
517410247	41.2569128	-110.9594714
517423556	41.5703557	-109.9886465
500654399	33.6306949	-111.9180000
517410996	41.2614238	-110.9593694
517410009	41.3789738	-111.0380894
517410695	41.2524150	-110.9415286
517410382	41.2838238	-110.9510314
