sp_id	latitude	longitude
517422078	41.5138745	-109.4675675
517421477	41.5993237	-109.2603597
517422391	41.5026637	-109.4633097
517500267	42.8571323	-106.3034782
516938206	37.1095645	-113.5752894
517421502	41.5745337	-109.2486697
517420258	41.7987835	-107.2388551
517421773	41.5815037	-109.2569197
517421022	41.5942447	-109.2261057
517421486	41.5769337	-109.2551997
517422609	41.6406737	-109.2636397
517420829	41.5808037	-109.2129897
517085343	38.4063242	-111.6383536
517085730	38.3405343	-111.5431095
517421812	41.5949737	-109.2497197
517421867	41.5760837	-109.2547497
517420133	41.7866365	-107.2578191
517422461	41.5066437	-109.4635597
517420890	41.5844627	-109.2225317
517423555	41.5506427	-109.5070307
517422610	41.5786837	-109.2658097
517422117	41.5129137	-109.4715797
517085196	38.3454362	-111.5521176
517432466	42.0510170	-109.4280061
517421446	41.5771237	-109.2563297
517421008	41.6208297	-109.2328907
517420699	41.5870737	-109.2171497
517085814	38.2116752	-111.3695154
517421975	41.5603837	-109.3045217
517420899	41.5748227	-109.2400557
503244635	40.4230535	-104.7426659
517421430	41.5957037	-109.2487497
517421589	41.5874737	-109.2208297
517085698	38.2990012	-111.4026167
517422816	41.6951537	-109.2821997
516939058	37.1082705	-113.5904624
503245061	40.4281335	-104.7394709
517422733	41.6444237	-109.2616197
517422864	41.6507337	-109.2668897
517421441	41.6591537	-109.2203897
517421824	41.5878737	-109.2200197
517420790	41.5882237	-109.2103597
517421701	41.5825837	-109.2535697
517421725	41.5982837	-109.2386697
517421483	41.5799137	-109.2314597
517420625	41.5963837	-109.2009497
517420097	41.7813885	-107.2378301
517409592	41.2493188	-111.0142194
517432532	42.1088736	-109.3553796
517421390	41.6198537	-109.2244497
517421928	41.5107277	-109.4657737
517422332	41.5030637	-109.4623197
517421622	41.5899037	-109.2192597
517421035	41.5950927	-109.2248917
517421322	41.5910937	-109.2232197
517421469	41.5829537	-109.2287697
517421705	41.5910437	-109.2218297
517420072	41.7913115	-107.2185251
517422485	41.5336337	-109.4737397
517422349	41.4995537	-109.4515197
517422434	41.5043737	-109.4727797
517421579	41.6294237	-109.2529197
517422369	41.5313137	-109.4693397
517420901	41.6143487	-109.2302597
517502524	42.8495433	-106.3261502
517421754	41.5972737	-109.2283397
517420716	41.5872837	-109.2050897
517421945	41.5165337	-109.4699767
517422249	41.5205837	-109.4632597
517420757	41.5978037	-109.2024797
517422711	41.6336237	-109.2643797
517422366	41.5045937	-109.4662797
517420967	41.6179377	-109.2350877
517422800	41.5888737	-109.2694597
517422377	41.5284737	-109.4656097
517421352	41.5948437	-109.2502597
517422288	41.5111637	-109.4670197
517422502	41.5353337	-109.4741497
517432319	42.0622096	-109.3989706
517421740	41.6043137	-109.2298097
517421623	41.5944637	-109.2562897
517422067	41.5635627	-109.2695577
517421961	41.5247347	-109.4815947
517421204	41.5832037	-109.2528597
517422522	41.5073637	-109.4733497
517421475	41.6025537	-109.2330597
517420702	41.5828337	-109.2054997
517421534	41.5816837	-109.2602897
517421265	41.5924137	-109.2492597
517421410	41.5908837	-109.2499197
517422044	41.5908157	-109.2712557
517421231	41.6431737	-109.2618597
517421337	41.5856437	-109.2200797
517423544	41.5916657	-109.9698655
517420451	41.5839817	-109.2179977
517422856	41.5466137	-109.3082497
517421724	41.5762637	-109.2572797
517422664	41.5815337	-109.2728197
517420819	41.5903937	-109.2184197
517420871	41.5918607	-109.2241667
517422752	41.6385637	-109.2614997
517423853	41.5506937	-109.5099097
517422216	41.5247337	-109.4674597
517422860	41.5834537	-109.2678697
517085771	38.3912282	-111.5888469
517420616	41.5890537	-109.2120097
517422224	41.4900037	-109.4525997
517421315	41.5741137	-109.2397597
517421356	41.5921437	-109.2426097
517503064	42.8518033	-106.3290302
517507049	42.8632836	-109.8729994
517422765	41.6399237	-109.2653497
517421657	41.6182937	-109.2262897
517422298	41.4975237	-109.4601497
517422035	41.6354147	-109.2705377
517421438	41.5980137	-109.2458097
517423854	41.5531337	-109.5118297
517420807	41.5863537	-109.2030297
517340061	40.6314540	-111.8714393
517420626	41.5907437	-109.2045897
517423830	41.5928580	-109.9682945
501649153	34.5839951	-118.0637288
517422121	41.4907237	-109.4525997
515740648	31.8742847	-102.3860122
517420855	41.5810737	-109.2184497
517420390	41.6611537	-109.2185707
517422324	41.5168937	-109.4676097
516938172	37.1133745	-113.5797594
517421293	41.5872237	-109.2592897
511924236	41.2466828	-95.9890230
517421635	41.5812937	-109.2300597
517420304	41.7875775	-107.2403661
501646029	34.5805151	-118.0860288
511923363	41.2436928	-95.9943930
517422315	41.5018437	-109.4476497
517422231	41.5208837	-109.4754797
517421896	41.5170487	-109.4692577
517422863	41.6449437	-109.2686797
517421308	41.5841537	-109.2194897
517422743	41.5842837	-109.2671197
517421990	41.6607177	-109.2642737
517422063	41.5836317	-109.2627717
517421713	41.6436237	-109.2530397
517421459	41.6427037	-109.2574197
517421017	41.5744577	-109.2412797
517422575	41.4959237	-109.4486797
517432524	42.0500436	-109.4392296
517421873	41.5119757	-109.4725477
517422301	41.4948037	-109.4603197
517421955	41.5107357	-109.4673797
517421339	41.6294537	-109.2396597
503245771	40.4246135	-104.7527509
517421119	41.6011842	-109.2595197
517420888	41.5964417	-109.2390827
517421894	41.5098277	-109.4743147
517422539	41.5216537	-109.4645397
517421125	41.5835944	-109.2534587
517422194	41.5209437	-109.4731697
517421522	41.5785637	-109.2307697
517420814	41.5962837	-109.2080897
517421137	41.6085837	-109.2336797
517421507	41.5860437	-109.2264497
517421205	41.5737537	-109.2300197
515739479	31.8768047	-102.3927222
517432318	42.1090936	-109.4475876
517422486	41.5114837	-109.4793597
517422316	41.5061937	-109.4647197
503244990	40.4225535	-104.7430909
517421969	41.5281407	-109.4666337
517422555	41.4998537	-109.4477497
517421398	41.5884937	-109.2201797
517421155	41.5938137	-109.2291797
517421695	41.5944337	-109.2507197
517507164	42.8640236	-109.8729894
517422744	41.5639737	-109.2710297
517422395	41.5138437	-109.4711297
517421106	41.5842342	-109.2204392
517504828	42.8203433	-106.4217502
517421491	41.5813337	-109.2193697
517421799	41.6001237	-109.2284297
517420510	41.6727364	-107.9744588
517422167	41.5265937	-109.4634197
517420856	41.5088937	-109.1555097
512684597	48.2536222	-101.3952805
517422704	41.6455237	-109.2644997
517410567	40.9979478	-109.9749666
517422189	41.5014337	-109.4475897
517422650	41.6379937	-109.2651197
517421260	41.5791137	-109.2305797
501647843	34.5814551	-118.0706688
517421786	41.6407137	-109.2574997
517420637	41.5844937	-109.2029897
517420448	41.5780987	-109.2109107
517422263	41.4924637	-109.4571397
517422544	41.5062837	-109.4578897
517420881	41.5969787	-109.2308517
517422451	41.5181137	-109.4782397
517420949	41.5969787	-109.2308517
517420449	41.5841357	-109.1979987
517422456	41.5279137	-109.4659597
517421150	41.5994137	-109.2374897
517422462	41.5311637	-109.4667797
517421855	41.5827937	-109.2532997
517422564	41.5319637	-109.4730797
517422537	41.4895537	-109.4556997
517421597	41.5913737	-109.2493197
517420734	41.5942037	-109.2109697
517422639	41.5988337	-109.2659397
517422528	41.4964037	-109.4626497
517421584	41.5882637	-109.2205797
517432465	42.0510170	-109.4280061
517420959	41.5744577	-109.2412797
517420620	41.5945037	-109.2173897
517421674	41.5899837	-109.2199697
517422521	41.5349837	-109.4763097
502640963	38.3973849	-121.3556979
517404202	40.9868029	-111.8998872
517420471	41.6730156	-107.9780540
517421108	41.5850037	-109.2564900
517410732	41.2742953	-109.7725347
517422675	41.5888937	-109.2634297
517432323	42.0353716	-109.4186446
517420554	41.5819237	-109.2125997
517421212	41.5920737	-109.2238297
517422817	41.5862537	-109.2607497
517422829	41.6930437	-109.2826397
517422186	41.5189837	-109.4734897
517420563	41.5848337	-109.2068997
517422660	41.5991337	-109.2613297
517432462	42.0510170	-109.4280061
517422707	41.5881037	-109.2674597
517422497	41.5145837	-109.4701697
517505511	42.6061336	-109.6311995
517422581	41.5231037	-109.4668997
517420703	41.5789737	-109.2087497
517422780	41.6399537	-109.2708597
517421208	41.6350937	-109.2540197
517420972	41.5956887	-109.2287777
517422361	41.5213137	-109.4808297
502644557	38.4056619	-121.3714169
517421024	41.6273367	-109.2409787
517420825	41.5784037	-109.2132197
517421225	41.5809937	-109.2579997
517420729	41.5713237	-109.2140897
517420536	41.5886637	-109.2015397
517420746	41.5889937	-109.2087797
517421071	41.6532957	-109.2275967
517420477	41.6726706	-107.9798650
517421124	41.5938747	-109.2351749
517422487	41.5261037	-109.4605897
517422285	41.5042337	-109.4520097
517420285	41.7890965	-107.2381191
517507088	42.8495436	-109.8668094
517422730	41.5765637	-109.2657097
517421331	41.5743737	-109.2482597
517421392	41.5843737	-109.2550097
517422201	41.5131737	-109.4690897
503245271	40.4279335	-104.7388609
517422796	41.5988337	-109.2653397
517420692	41.5867237	-109.2177997
517421318	41.5779537	-109.2515897
517422554	41.5121137	-109.4742697
517432518	42.0500436	-109.4392296
517421557	41.6185037	-109.2297397
517420551	41.5877637	-109.2111497
517421954	41.5172287	-109.4690157
517420680	41.5960737	-109.2087597
517501351	42.8494053	-106.3222622
517422731	41.6497837	-109.2627997
517421899	41.5123377	-109.4723657
517420571	41.5973137	-109.2089197
501644554	34.5800811	-118.0925138
517422601	41.6359837	-109.2684497
517422104	41.5314137	-109.4636497
517420895	41.5942447	-109.2261057
515739537	31.8667347	-102.3930122
517420418	41.5804807	-109.2155377
517421399	41.5787837	-109.2313497
517421823	41.5854737	-109.2245097
517422647	41.5910737	-109.2631597
517420652	41.5824737	-109.2142297
502810459	39.2081339	-108.8215801
501645582	34.5801941	-118.0850308
517422830	41.5479737	-109.3077897
517421729	41.6379437	-109.2597697
517420428	41.5828287	-109.2195147
517420923	41.5969787	-109.2308517
517422690	41.6423037	-109.2795097
517421082	41.6011842	-109.2595197
517422425	41.5323237	-109.4734997
517420952	41.5786317	-109.2448797
517085762	38.4003657	-111.6396052
517422716	41.6502137	-109.2696397
501645873	34.5806951	-118.0919388
517420567	41.5878537	-109.2132497
517422507	41.5125737	-109.4719097
517421549	41.5880837	-109.2208797
517421535	41.5898637	-109.2198697
517420613	41.5940137	-109.2106297
517421079	41.6011842	-109.2595197
517421676	41.5884237	-109.2223997
517422584	41.5217637	-109.4655197
517423858	41.5585037	-109.5321896
517422323	41.5142237	-109.4728197
517421044	41.5966477	-109.2508187
517421104	41.5938747	-109.2351749
512684798	48.2694222	-101.3298305
517421244	41.6206837	-109.2314097
517409556	41.2655388	-110.9729184
517504969	42.8059733	-106.4286402
517421798	41.5743737	-109.2482597
517420296	41.7892675	-107.2421591
517421147	41.5936637	-109.2234697
517422109	41.5008137	-109.4495997
517422626	41.6432337	-109.2627597
517422329	41.5055637	-109.4689397
517421825	41.5742337	-109.2199197
517421734	41.5850737	-109.2195297
517422223	41.4957737	-109.4474997
517421362	41.5984537	-109.2579297
517421627	41.5940037	-109.2246397
517422141	41.5053337	-109.4660297
517422265	41.5178037	-109.4772597
517421414	41.5989237	-109.2463397
517421865	41.5699337	-109.2450897
517421697	41.5818537	-109.2581497
517420783	41.5862237	-109.1970097
517420725	41.5865637	-109.2139197
517409522	41.2825208	-110.9713004
517420997	41.5743457	-109.2448507
517421198	41.5950337	-109.2477097
517422082	41.5138745	-109.4675675
517420628	41.5859437	-109.2180397
517420619	41.5895337	-109.2054497
517421942	41.5267887	-109.4609127
517421191	41.6407237	-109.2579897
517432312	42.0337046	-109.4186736
517422363	41.5090737	-109.4610197
517421921	41.5280917	-109.4657107
517422237	41.4996237	-109.4607897
517421278	41.5757137	-109.2536397
517420717	41.5962237	-109.2132497
517422075	41.5138745	-109.4675675
517422404	41.4947037	-109.4557297
517421783	41.5688937	-109.2337297
517422140	41.4937237	-109.4514297
517421093	41.6011842	-109.2595197
517421376	41.6188037	-109.2257397
517420800	41.5841237	-109.2027797
517338927	40.6312340	-111.8695593
517421319	41.5884937	-109.2246497
517421280	41.5745337	-109.2486697
517421908	41.5317967	-109.4722137
517506833	42.8959945	-109.9069080
517420618	41.5802937	-109.2143197
517421717	41.5866637	-109.2250297
517422698	41.6444037	-109.2832397
517420615	41.5724537	-109.2078997
517421295	41.5894537	-109.2610697
517421654	41.5978337	-109.2597097
517421915	41.5055817	-109.4551777
517422548	41.5034637	-109.4549097
517421877	41.5174177	-109.4687657
517421136	41.5741137	-109.2504597
517421357	41.5962237	-109.2197497
517422130	41.5160437	-109.4698597
517420664	41.5846237	-109.2059697
517432459	42.0510170	-109.4280061
517422862	41.5818737	-109.2692197
511922302	41.2470528	-96.0030330
517420635	41.5728437	-109.2078297
517420713	41.5841637	-109.2149597
517420811	41.5836437	-109.2011297
517421168	41.5824737	-109.2291297
517420762	41.5941437	-109.2143297
517421577	41.5743737	-109.2482597
517421242	41.5737837	-109.2459797
517422847	41.5466137	-109.3082497
517422808	41.5805137	-109.2763997
517420741	41.5955637	-109.2087797
517420627	41.5972537	-109.2134497
517422508	41.5038237	-109.4544797
517421552	41.5978837	-109.2494897
512684676	48.2635322	-101.3339705
517420833	41.6766936	-108.9197498
501649184	34.5826551	-118.0640888
517422751	41.6375937	-109.2709497
517421285	41.5789937	-109.2453297
517422416	41.5096537	-109.4630997
517422549	41.5069537	-109.4670097
516937773	37.1111415	-113.5768434
517421067	41.6127617	-109.2307947
511923289	41.2392528	-95.9985330
517421931	41.5282847	-109.4660507
512684561	48.2414822	-101.3400605
517420520	41.6695036	-109.1997697
517420684	41.5828937	-109.2176197
517420639	41.5882237	-109.2013597
517421576	41.5758437	-109.2392297
517409978	41.2632138	-110.9831494
517422616	41.6001337	-109.2647897
517422649	41.5503737	-109.3007297
517421811	41.5887837	-109.2569497
517421367	41.5869037	-109.2188497
517422653	41.5798437	-109.2754297
517420974	41.5822387	-109.2462307
517422784	41.6368937	-109.2679297
517420940	41.5743177	-109.2446747
517423550	41.5552117	-109.5178097
517421868	41.5792737	-109.2308797
517422526	41.5181737	-109.4785797
517421670	41.5995437	-109.2356897
517432508	42.2359835	-107.5654500
517422560	41.5226737	-109.4661497
517421045	41.5744577	-109.2412797
517421943	41.5165337	-109.4699767
501646555	34.5802251	-118.0822088
517420955	41.6208847	-109.2329017
517420914	41.5750087	-109.2396227
512668900	46.9254825	-102.7889704
517421135	41.5836337	-109.2566397
517421769	41.5978137	-109.2314297
517422739	41.5996837	-109.2649497
517420794	41.5984837	-109.2057797
517421685	41.5854837	-109.2555197
517421615	41.6150137	-109.2306997
517420964	41.5748947	-109.2398767
517421650	41.5849337	-109.2249797
517421592	41.6117137	-109.2310597
517422317	41.5317137	-109.4726397
517420600	41.5876737	-109.2080097
503244571	40.4231395	-104.7426619
517422164	41.5165437	-109.4733197
517420529	41.5971537	-109.2015297
516937785	37.1115225	-113.5813564
517421371	41.5863437	-109.2198597
517420436	41.5839707	-109.2180167
517422613	41.6971537	-109.2826797
517422732	41.5717337	-109.2725897
517505515	42.5985736	-109.6312195
517423860	41.5536437	-109.5102097
517422867	41.6399537	-109.2708597
517421073	41.5836770	-109.2535065
517422389	41.5165437	-109.4733197
517422118	41.5191037	-109.4754297
517420824	41.5830137	-109.2044297
512686014	48.2888962	-101.2954645
517420804	41.5868337	-109.2175697
517421982	41.5566457	-109.3082967
512668923	46.8727125	-102.8464603
517420765	41.5969537	-109.2109497
517420650	41.5841337	-109.1986497
501649123	34.5840751	-118.0605288
516939011	37.1081455	-113.5858634
503244596	40.4259425	-104.7372859
517422126	41.5213037	-109.4658697
517421391	41.5814237	-109.2281797
517421114	41.5938747	-109.2351749
517422415	41.5288137	-109.4675497
517421159	41.5874237	-109.2209397
517421544	41.6182037	-109.2235497
517421985	41.6925807	-109.2813887
517421058	41.5749207	-109.2398157
517421836	41.5983337	-109.2572597
517420791	41.5746237	-109.2107097
517505506	42.6073536	-109.6344595
517422500	41.5132637	-109.4714097
517422352	41.5075437	-109.4685497
517421444	41.6591537	-109.2203897
517420649	41.5777137	-109.2178197
517347372	40.6372790	-111.8891253
517422254	41.5045637	-109.4651097
503244941	40.4234935	-104.7357309
517420870	41.5904887	-109.2244617
517432530	42.1132036	-109.4405996
517422176	41.4928237	-109.4549997
517420163	41.8049355	-107.2193661
503245371	40.4293735	-104.7368309
517422142	41.5165437	-109.4733197
517422799	41.5845737	-109.2617597
517507149	42.8668736	-109.8628594
517422378	41.5278437	-109.4644997
517420614	41.5959737	-109.2131097
517421235	41.5963237	-109.2403797
517420733	41.5895337	-109.2020197
502811551	39.1389159	-108.6359861
517421470	41.6039037	-109.2284597
517343718	40.6330840	-111.8815193
517421370	41.5944237	-109.2341397
517422654	41.5838737	-109.2688897
517422149	41.5251037	-109.4610597
517420708	41.5907137	-109.2157397
517422839	41.5790537	-109.2628197
517422136	41.5140637	-109.4710197
517421567	41.5862237	-109.2201197
517421744	41.5843237	-109.2534897
517423863	41.5528737	-109.5187897
517422243	41.5264937	-109.4621297
517420968	41.6402427	-109.2566677
517422239	41.4989037	-109.4715597
517506836	42.8959945	-109.9069080
517422420	41.5281837	-109.4664197
515740638	31.8807147	-102.3900422
517420607	41.5974237	-109.2152597
517422235	41.5235037	-109.4653097
517421887	41.5129277	-109.4720897
517422631	41.5804637	-109.2717997
517420519	41.6700336	-109.1885097
517421827	41.6051737	-109.2305997
517423866	41.5506337	-109.5076397
517422663	41.5815437	-109.2724397
517422017	41.5840857	-109.2633577
517421456	41.5802137	-109.2513697
517420896	41.5743527	-109.2448947
517432468	42.0510170	-109.4280061
517422460	41.5331737	-109.4735997
517421397	41.5848237	-109.2524097
517421381	41.5769937	-109.2530497
517422116	41.4944637	-109.4483697
517420822	41.5848537	-109.2007097
503245370	40.4283035	-104.7374409
517422097	41.5267137	-109.4638497
517421149	41.5928137	-109.2248197
517422726	41.6930837	-109.2861697
517420831	41.5854037	-109.1998497
517432316	42.0539576	-109.4379426
517422190	41.4947337	-109.4503497
517420754	41.5841337	-109.2183297
517421165	41.5946037	-109.2513497
517502653	42.8469033	-106.3308502
502813040	39.1435739	-108.6065802
517421686	41.6184237	-109.2380597
517421790	41.5783737	-109.2467697
517421677	41.5879037	-109.2529797
517422637	41.5790537	-109.2628197
517421336	41.5709137	-109.2196397
517420821	41.5857137	-109.2112297
517420920	41.5975787	-109.2310737
517420989	41.5936987	-109.2350577
517422803	41.6347337	-109.2628397
503245391	40.4273835	-104.7374609
517420578	41.5717437	-109.2090797
517085380	38.3970182	-111.6635496
517421581	41.5809937	-109.2302897
503245581	40.4268765	-104.7535939
503245665	40.4274055	-104.7531739
517422407	41.5130937	-109.4699097
517422492	41.4974337	-109.4594597
517422857	41.5847437	-109.2684497
517421880	41.5157697	-109.4708227
517422347	41.5165437	-109.4733197
517420446	41.5933827	-109.2156177
517421117	41.6011842	-109.2595197
517421518	41.5970137	-109.2278097
517420836	41.5726537	-109.2078497
517422583	41.5136637	-109.4733697
517421353	41.5999937	-109.2600097
517421436	41.5830637	-109.2286697
517421197	41.5849437	-109.2573097
517420478	41.6647566	-107.9841980
517420854	41.5907737	-109.2100197
517420608	41.6631336	-109.2156497
517422059	41.5796507	-109.2631607
517503009	42.8495433	-106.3261502
517420508	41.6727364	-107.9744588
517421111	41.5850037	-109.2564900
517421015	41.6100017	-109.2298777
517422274	41.5086337	-109.4725697
517422845	41.6359837	-109.2714697
517421466	41.5741137	-109.2397597
511922321	41.2466628	-96.0055930
517422101	41.5537437	-109.5030097
517422727	41.5985637	-109.2628997
517421663	41.5870837	-109.2216297
517421105	41.5938747	-109.2351749
517420712	41.5782037	-109.2185097
516941872	37.3070745	-113.6747693
517421651	41.5878737	-109.2244497
517421901	41.5285837	-109.4681407
517422006	41.6614007	-109.2646767
517421649	41.5921437	-109.2426097
517422692	41.5887137	-109.2669997
517421350	41.5762637	-109.2572797
517421731	41.5860237	-109.2204997
517420769	41.5955937	-109.2102797
517420902	41.5955127	-109.2371357
517420434	41.5973177	-109.2034537
517505461	42.6917358	-109.5234571
517421341	41.5978937	-109.2472197
517420747	41.5845437	-109.2053697
517421141	41.5741137	-109.2397597
517421794	41.5899737	-109.2229497
517422268	41.5115437	-109.4639097
512667133	46.8325675	-102.7303584
517421704	41.5769937	-109.2558297
517421768	41.5737837	-109.2459797
517420624	41.5790137	-109.2160397
517422713	41.5740237	-109.2732797
517420953	41.5914297	-109.2230207
517422499	41.5203837	-109.4753497
517422612	41.6507237	-109.2663297
517422102	41.5176337	-109.4821497
501646035	34.5828451	-118.0918588
517422209	41.5289537	-109.4664497
517420593	41.5715237	-109.2198497
517422593	41.5027837	-109.4526697
517422074	41.5138745	-109.4675675
517421463	41.5896337	-109.2194497
517420665	41.5939937	-109.2155097
517420805	41.5905337	-109.2059097
517085708	38.2990632	-111.4155177
517420631	41.5731337	-109.2095997
517422853	41.5977637	-109.2604097
517421193	41.6150137	-109.2306997
517421400	41.5827537	-109.2561397
517420998	41.5871367	-109.2598017
517421561	41.5743737	-109.2482597
517422588	41.4932037	-109.4567597
517422858	41.5812937	-109.2737297
517420565	41.5795437	-109.2129797
517505413	42.8692436	-109.8570884
517422559	41.5297237	-109.4678197
517420476	41.6523616	-108.1435929
511923330	41.2418728	-95.9961530
517422392	41.5156837	-109.4745297
517422484	41.5279937	-109.4647597
517422052	41.5794827	-109.2634627
517421707	41.5737837	-109.2459797
517420399	41.5991397	-109.1989387
517420981	41.5763097	-109.2369247
517421655	41.5853837	-109.2193997
517422723	41.5882737	-109.2700797
517344790	40.6388340	-111.8843293
517432533	42.0470936	-109.4329896
503245191	40.4243735	-104.7458109
517421838	41.6305037	-109.2414397
517422180	41.4938537	-109.4520297
517421771	41.5741137	-109.2397597
517421317	41.5906637	-109.2189997
501646855	34.5806751	-118.0832388
517420930	41.5837347	-109.2555657
517420606	41.5848037	-109.2165897
517421423	41.5840937	-109.2578197
517421732	41.6591537	-109.2203897
517420719	41.5969537	-109.2109497
517421389	41.5915937	-109.2227697
517420779	41.5870737	-109.2104697
517420732	41.5883037	-109.2059897
517421216	41.5745337	-109.2486697
517421128	41.5835944	-109.2534587
517409852	41.3474338	-111.0059294
517422721	41.5791337	-109.2650997
517420387	41.7881595	-107.2378171
517421374	41.6220737	-109.2278397
517420926	41.6229147	-109.2274547
517420873	41.5856597	-109.2203337
517421613	41.5719237	-109.2297997
517420776	41.5878537	-109.2129797
517421251	41.5818037	-109.2321997
517422362	41.5353237	-109.4772197
517506590	42.8663106	-109.8637854
517422306	41.5272737	-109.4719397
517421378	41.5864637	-109.2194497
517422753	41.6688537	-109.2678997
517432314	42.0362656	-109.4377556
516936809	37.1080315	-113.5612854
517420900	41.6194817	-109.2301807
517421664	41.5887737	-109.2562397
517421822	41.5973037	-109.2455997
517422336	41.5009737	-109.4465397
503245212	40.4233235	-104.7491109
517420711	41.5849337	-109.2033297
517421527	41.5905937	-109.2189797
517421450	41.5958037	-109.2369497
517420668	41.5682237	-109.2126597
517420990	41.5743177	-109.2446747
517420568	41.5893337	-109.2090497
517422430	41.4897037	-109.4521397
517422421	41.5328337	-109.4755697
517421922	41.5058467	-109.4560507
517421800	41.6337737	-109.2601597
517422748	41.5890737	-109.2685897
517421488	41.6185037	-109.2297397
517421447	41.6185037	-109.2297397
517420704	41.5787337	-109.2160297
517420392	41.5038727	-109.1589147
517421683	41.5736037	-109.2451197
517420404	41.5991397	-109.1989387
512668415	46.9101225	-102.8688903
517421476	41.6189537	-109.2357797
517421384	41.5937737	-109.2473797
517422229	41.4994737	-109.4618997
517421600	41.5982437	-109.2359397
517420973	41.5839707	-109.2206737
517420693	41.5778437	-109.2083397
517420120	41.7860865	-107.2537181
517422511	41.5013237	-109.4609897
515740647	31.8809247	-102.3890922
517085362	38.3992422	-111.6428546
517421667	41.5971737	-109.2492397
517420750	41.5777137	-109.2173497
517421294	41.5998637	-109.2590497
517422203	41.4929437	-109.4531097
517422308	41.5154337	-109.4753197
517422340	41.5276637	-109.4664897
503129906	39.2573539	-108.8677101
517421905	41.5098277	-109.4743147
517432535	42.0544636	-109.4674596
517420913	41.6597757	-109.2209777
517422160	41.5132637	-109.4714097
517421368	41.5860237	-109.2246797
517421087	41.6011842	-109.2595197
517421774	41.6591537	-109.2203897
517422013	41.6598217	-109.2637457
517507055	42.8669136	-109.8603194
517420413	41.5991397	-109.1989387
516938269	37.1103545	-113.5803694
517422682	41.5863937	-109.2716997
517422840	41.5969837	-109.2629197
517421537	41.5743737	-109.2482597
517421174	41.6398737	-109.2605397
517420543	41.5759537	-109.2066497
517422693	41.6598837	-109.2636797
517420592	41.5899437	-109.2059097
517501809	42.8538733	-106.3164702
517419907	41.7850995	-107.2330561
517422533	41.5114837	-109.4651897
501645852	34.5805151	-118.0860288
517085195	38.3394912	-111.5460356
503245403	40.4225535	-104.7430909
517421145	41.5888337	-109.2577397
517344769	40.6399240	-111.8850193
517422658	41.6513037	-109.2770497
517422598	41.5813537	-109.2709697
517420709	41.5972337	-109.2077197
517421323	41.5732737	-109.2307697
517347330	40.6361180	-111.8891693
502811704	39.1656439	-108.6439201
517421533	41.6386237	-109.2532997
517422714	41.5489237	-109.3024397
517421625	41.5751837	-109.2407697
517421207	41.5771237	-109.2563297
517422257	41.5013237	-109.4510697
517421190	41.6187037	-109.2259797
517420731	41.5907337	-109.2059097
517343666	40.6313840	-111.8784793
517420408	41.5922797	-109.2177357
517420611	41.5871337	-109.2181697
517421594	41.5929537	-109.2464297
517422697	41.6972437	-109.2820997
517421640	41.5827737	-109.2288997
517421406	41.5782437	-109.2220197
517420672	41.5913837	-109.2169797
517422427	41.5537437	-109.5030097
515740669	31.8749547	-102.3833022
517420934	41.5936987	-109.2350577
517422328	41.5014637	-109.4492297
517410617	41.3748147	-108.7880358
517422758	41.5845037	-109.2655297
517420851	41.5864937	-109.2112797
517421952	41.5135817	-109.4620007
517420700	41.5875837	-109.2131097
517421721	41.5849937	-109.2322797
517504957	42.8719633	-106.4213001
517422264	41.5295037	-109.4685897
517422222	41.5226537	-109.4791797
517506623	42.8700876	-109.8612584
517420739	41.5677437	-109.2144897
517504292	42.8816323	-106.4407421
517423548	41.5975377	-109.8156676
517421457	41.5938137	-109.2291797
517421712	41.6294437	-109.2546797
517507078	42.8649636	-109.8743994
517420402	41.5919227	-109.2165737
517420931	41.5762477	-109.2528137
517420577	41.5871337	-109.2181697
517423862	41.5669737	-109.5384796
511923331	41.2448028	-95.9975030
517422070	41.5593457	-109.3088987
517421569	41.5780537	-109.2323397
517421840	41.5842737	-109.2324297
517420389	41.6686266	-109.1977487
517422381	41.5383637	-109.4767297
517420523	41.6705336	-109.1939097
517421511	41.5805637	-109.2294797
517422302	41.5138437	-109.4711297
517421614	41.5958937	-109.2239797
517422066	41.5795247	-109.2633877
517421000	41.5951427	-109.2275577
517420697	41.5893237	-109.2093797
517432520	42.0467436	-109.4241996
517421241	41.5898137	-109.2228997
517420874	41.5879127	-109.2207257
517420830	41.5721637	-109.2068797
517420751	41.5950037	-109.2138697
517420682	41.5803637	-109.2184497
517420552	41.5864137	-109.2169697
517420861	41.6763936	-107.9811800
517432328	42.0362656	-109.4377556
517421461	41.5863437	-109.2198597
517422534	41.5136337	-109.4712297
517422050	41.6330527	-109.2639007
517422680	41.5407637	-109.3129297
517420827	41.5875837	-109.2131097
517420797	41.5966937	-109.2180697
517422218	41.5212837	-109.4646597
517422826	41.5801237	-109.2787697
517422708	41.6334237	-109.2618097
517421178	41.5741137	-109.2397597
517421471	41.5878237	-109.2221497
517422419	41.5090737	-109.4610197
517420574	41.5981337	-109.2041697
517507050	42.8640236	-109.8746394
517506841	42.8959945	-109.9069080
517422234	41.5121037	-109.4731097
517422831	41.5845637	-109.2681497
517422156	41.4991637	-109.4527397
517421523	41.5936437	-109.2584497
517421151	41.5989137	-109.2498097
517421548	41.6344337	-109.2601497
517420707	41.5975837	-109.2089497
517422615	41.6407137	-109.2715997
517422742	41.6480537	-109.2798497
517420463	41.7599416	-108.9673157
517422215	41.5187637	-109.4702697
517420686	41.5910737	-109.2181697
517420397	41.5867357	-109.2197567
517421766	41.5993237	-109.2603597
517421262	41.5820637	-109.2541097
501646032	34.5805151	-118.0860288
517421652	41.5853337	-109.2562297
517422413	41.5203437	-109.4742597
517420570	41.5781837	-109.2169697
517422132	41.5272937	-109.4637297
501644575	34.5804551	-118.0940298
517422768	41.5844737	-109.2669897
517421932	41.5262267	-109.4600397
517422775	41.6370137	-109.2690697
517422828	41.5844037	-109.2688197
517422701	41.6507237	-109.2663297
517422045	41.6448407	-109.2817357
517420846	41.5859137	-109.1988497
517420473	41.6735326	-107.9780770
517421054	41.5935407	-109.2239257
517420544	41.5719237	-109.2094997
517421844	41.5759237	-109.2478397
517421519	41.5766537	-109.2488897
517420823	41.5969837	-109.2130197
517421690	41.5935737	-109.2563797
517421343	41.5914537	-109.2210897
517421275	41.5709437	-109.2279797
517421068	41.5942447	-109.2261057
517421247	41.6294337	-109.2535097
517420798	41.5852437	-109.1963697
517421334	41.5825837	-109.2535697
517422471	41.5526237	-109.5028397
517422846	41.5991337	-109.2613297
517432321	42.0895656	-109.4405986
517421171	41.6021137	-109.2368997
517422836	41.5664137	-109.2941897
512668774	46.9627025	-102.8280003
517420444	41.5860507	-109.2192507
517420771	41.5963437	-109.2079197
517421806	41.6187237	-109.2250897
517421007	41.6004647	-109.2583697
517422350	41.5264437	-109.4611597
517421892	41.5273327	-109.4663967
517422509	41.5044137	-109.4739597
517422778	41.6472537	-109.2653097
517421637	41.5845537	-109.2207197
517419871	41.5932497	-109.2191097
517421002	41.5762147	-109.2471577
517422174	41.4927637	-109.4567797
517421854	41.5848537	-109.2188197
517422755	41.6774037	-109.2709397
517420775	41.5966537	-109.2061097
517421570	41.6385137	-109.2557297
503245099	40.4279435	-104.7449909
517423855	41.5548437	-109.5174797
517421641	41.5929237	-109.2556397
517422403	41.4935737	-109.4542597
511922315	41.2390028	-96.0034230
515739512	31.8708847	-102.3929822
512666975	46.8845225	-102.5179304
517421941	41.5296117	-109.4661247
517420841	41.5707637	-109.2174897
517421536	41.5745337	-109.2486697
517085360	38.4033972	-111.6383576
517423852	41.5518437	-109.5130197
517500469	42.8550233	-106.3085002
515740651	31.8667547	-102.3891222
517422823	41.5874237	-109.2686897
517422405	41.5366537	-109.4743497
517507029	42.8671136	-109.8724694
515740655	31.8682447	-102.3846422
517421735	41.5859437	-109.2206397
503245119	40.4223235	-104.7488509
517345773	40.6424940	-111.8854993
517420867	41.6638836	-107.9730300
517421752	41.5816437	-109.2550297
517421698	41.5958437	-109.2390497
517421226	41.5743737	-109.2401497
517422161	41.5038037	-109.4633797
517422208	41.5254837	-109.4616997
511922317	41.2408428	-96.0062630
517420996	41.6172287	-109.2386077
517421333	41.5841337	-109.2212597
517421636	41.5868737	-109.2221797
517507135	42.8668736	-109.8659994
517421860	41.5877837	-109.2202097
517422513	41.5130537	-109.4715097
517420456	41.5991397	-109.1989387
517420417	41.5979007	-109.2066537
517421684	41.5836137	-109.2305797
517422188	41.5165437	-109.4733197
517421496	41.5771937	-109.2338597
517422327	41.4973637	-109.4539897
517421738	41.6039037	-109.2284597
517506591	42.8648016	-109.8685604
517421284	41.5890837	-109.2586797
517506616	42.8715396	-109.8611924
517422642	41.6000637	-109.2622997
517420886	41.5839707	-109.2206737
517421616	41.6016937	-109.2346197
517421344	41.5740137	-109.2467897
517422681	41.6421337	-109.2669997
517421148	41.5784837	-109.2208497
517421531	41.5823437	-109.2538197
517421546	41.5849937	-109.2322797
517422326	41.5086337	-109.4725697
517420848	41.5974937	-109.2068397
517420858	41.5966537	-109.2061097
517420589	41.5963437	-109.2079197
517420636	41.5872837	-109.2178697
517422178	41.5132437	-109.4675197
517422762	41.6359337	-109.2641397
517432519	42.0706936	-109.4406096
517422494	41.5114037	-109.4617397
517421858	41.5971337	-109.2376897
502810262	39.1635539	-108.7578501
517422569	41.5122937	-109.4718297
517422424	41.5154737	-109.4746297
517420400	41.5961237	-109.2011137
517420875	41.6187067	-109.2323037
517421816	41.5874237	-109.2209397
517422599	41.6412937	-109.2708597
517422766	41.6515937	-109.2644697
517421706	41.5968137	-109.2395297
517422187	41.4991137	-109.4635397
517421832	41.5818037	-109.2546097
517422034	41.5897357	-109.2641197
517420599	41.5886037	-109.2113497
517421095	41.6011842	-109.2595197
517422814	41.6426737	-109.2696497
517422122	41.5117237	-109.4777997
503244683	40.4286885	-104.7390469
517507012	42.8806536	-109.9703294
517420918	41.6229907	-109.2274597
517420806	41.5773037	-109.2107397
517421750	41.5745337	-109.2486697
517422342	41.5269437	-109.4631197
517420469	41.6725546	-107.9802780
517420727	41.5878437	-109.2120097
517420666	41.5838637	-109.2127497
517420517	41.5907337	-109.2190197
517420743	41.5847637	-109.2012197
517506625	42.8666616	-109.8620694
517421710	41.5831137	-109.2576097
517422825	41.5820237	-109.2729797
517420411	41.5864397	-109.2188797
517432455	42.0510170	-109.4280061
517422365	41.5254637	-109.4692497
517422540	41.5224337	-109.4676897
503245648	40.4264185	-104.7541089
517422251	41.4907237	-109.4531697
517422715	41.6003137	-109.2608397
517423865	41.5610437	-109.5181296
517422550	41.5069337	-109.4664797
517422011	41.5794827	-109.2634627
517421644	41.5908737	-109.2195797
503245148	40.4239235	-104.7355009
517420409	41.5922607	-109.2178797
501645543	34.5799911	-118.0931048
517422119	41.5259437	-109.4612097
517422477	41.5165437	-109.4733197
517422191	41.5219937	-109.4649497
517505220	42.6054786	-109.6347475
517420443	41.5894887	-109.2141397
517421672	41.5859437	-109.2206397
517421542	41.6460737	-109.2591097
517421019	41.6180257	-109.2351087
502810584	39.1313949	-108.6940721
517420547	41.5978137	-109.2152697
517422357	41.5165437	-109.4733197
517420002	41.7924845	-107.2368381
517422470	41.5091637	-109.4613297
517420679	41.5784437	-109.2124997
517422841	41.5817737	-109.2676697
517421439	41.5877237	-109.2219297
517420115	41.7893055	-107.2461081
516938487	37.1069045	-113.5659594
517421449	41.5683837	-109.2452797
517422278	41.5316137	-109.4711197
517421903	41.5318027	-109.4719787
517422455	41.5101837	-109.4753597
501646978	34.5817651	-118.0778988
517421628	41.5861137	-109.2203197
517421947	41.5281407	-109.4666337
517421585	41.5849937	-109.2322797
517420564	41.5819637	-109.2166197
517421052	41.5744577	-109.2412797
517421163	41.5752937	-109.2526297
517422767	41.6449037	-109.2606397
512667438	46.8886125	-102.7201604
517420579	41.5072237	-109.1563797
517422632	41.6502137	-109.2696397
517505498	42.6237836	-109.5169995
517422437	41.5281937	-109.4674197
517420787	41.5859437	-109.2180397
517421426	41.6489137	-109.2596697
517420524	41.5841837	-109.2086597
503244599	40.4227235	-104.7384129
517341912	40.6344440	-111.8762493
517422773	41.6913137	-109.2853797
517420758	41.5966137	-109.2183297
517422850	41.5739237	-109.2763897
517432320	42.0362656	-109.4377556
517420661	41.5968537	-109.2036197
517421010	41.6224147	-109.2275837
517422861	41.5840537	-109.2691897
517421001	41.5744577	-109.2412797
517421291	41.5814737	-109.2556697
517421345	41.5829537	-109.2287697
517420756	41.5970137	-109.2152897
517432453	42.0510170	-109.4280061
517420656	41.5800437	-109.2174697
515740239	31.8795147	-102.3843822
517420690	41.5889937	-109.2090397
517422679	41.5973837	-109.2659397
517420634	41.4319437	-109.2094697
517432522	42.0543736	-109.4745396
517422179	41.4989637	-109.4511297
517422614	41.5786837	-109.2658097
517420437	41.5965827	-109.2078517
517085694	38.3218492	-111.3772607
517422090	41.5138745	-109.4675675
517421256	41.5850837	-109.2203697
517421467	41.5789837	-109.2502297
517421586	41.5816837	-109.2602897
517422220	41.5114237	-109.4607897
517421029	41.5842477	-109.2204077
517420183	41.7958295	-107.2495001
517421405	41.5885237	-109.2207897
517421385	41.5975937	-109.2598197
517421601	41.5849937	-109.2322797
517421474	41.5895637	-109.2492197
517421433	41.6028737	-109.2368797
517422464	41.5174837	-109.4676497
517420689	41.5709037	-109.2184297
517421234	41.5849937	-109.2322797
517420844	41.5855637	-109.2086597
517502689	42.8512733	-106.3295702
517422536	41.5110737	-109.4634097
517421917	41.5084617	-109.4564167
503246359	40.4262835	-104.7533909
517421751	41.5828237	-109.2225397
517421250	41.6456137	-109.2565897
517422213	41.5265437	-109.4600197
517432526	42.0883036	-109.4016296
517432322	42.0509366	-109.4451086
517420979	41.5761567	-109.2620357
517420025	41.7904915	-107.2413711
517422717	41.5720337	-109.2718197
517421936	41.5286947	-109.4687827
517420766	41.5898837	-109.2013197
517422838	41.5885137	-109.2698197
517423864	41.5544637	-109.5193897
517422291	41.5280737	-109.4671997
516940171	37.2613045	-113.6044593
517422447	41.5312037	-109.4726997
517420985	41.5855967	-109.2203817
517422619	41.6467037	-109.2717297
511922443	41.2428928	-96.0050830
517420584	41.5869537	-109.1984597
517420173	41.7888455	-107.2393441
517422124	41.5051537	-109.4544197
517422064	41.5619557	-109.2707467
517420572	41.5841537	-109.2194897
517421200	41.6114037	-109.2289097
517421182	41.6043137	-109.2329597
517422337	41.5293537	-109.4687497
517422777	41.5978637	-109.2639397
517421354	41.6051737	-109.2305997
517421487	41.5843237	-109.2534897
517422606	41.5739237	-109.2741097
517505441	42.8700416	-109.8525214
517421222	41.5740037	-109.2271097
517422608	41.5820137	-109.2737097
517420581	41.5839237	-109.2042597
517421693	41.5878337	-109.2200997
517422266	41.5051237	-109.4680897
517420657	41.5855937	-109.1979097
517422538	41.5259437	-109.4612097
517422099	41.4946237	-109.4566997
517422293	41.4952237	-109.4544297
517422046	41.5842557	-109.2651647
517422735	41.5764237	-109.2670197
503244705	40.4294335	-104.7391779
517421647	41.5851337	-109.2221597
517421673	41.6406237	-109.2534297
517421513	41.5749537	-109.2410397
517422233	41.5028637	-109.4633097
517422401	41.5002837	-109.4456297
517421202	41.5738637	-109.2405997
517421257	41.5804937	-109.2476097
517432521	42.1432236	-109.3653496
517421146	41.5874337	-109.2556397
517422672	41.5704437	-109.2726697
517421038	41.5936987	-109.2350577
503245059	40.4274435	-104.7409509
503245280	40.4290135	-104.7374309
517085347	38.3987282	-111.6383956
517422242	41.5258237	-109.4609897
517422372	41.5142237	-109.4728197
517432324	42.0539576	-109.4379426
517420770	41.5705037	-109.2087197
517421084	41.5938747	-109.2351749
517085713	38.3140062	-111.3863597
517421263	41.5681437	-109.2458097
517422095	41.4962737	-109.4576197
517421876	41.5290407	-109.4673847
517420740	41.5842937	-109.1983897
517421835	41.5737837	-109.2459797
517422490	41.5274937	-109.4661797
517421386	41.5921437	-109.2426097
517422520	41.5111537	-109.4798197
501649117	34.5808051	-118.0659188
517410947	41.2677138	-110.9654794
517420976	41.6381307	-109.2294787
517421992	41.5758067	-109.2701327
517420728	41.5823537	-109.2132097
517085691	38.2990822	-111.4213527
512684776	48.2664422	-101.3905405
517421363	41.5836337	-109.2566397
517422493	41.4928737	-109.4589097
517432264	42.2310935	-107.5617980
517421472	41.5861137	-109.2203197
517422314	41.5185237	-109.4766797
517420531	41.5691337	-109.2152497
517421505	41.5863437	-109.2198597
517421115	41.6011842	-109.2595197
517422273	41.5075437	-109.4685497
517421986	41.5869797	-109.2706837
517421891	41.5291037	-109.4674977
501645875	34.5805251	-118.0855688
517421421	41.5949637	-109.2258397
517422333	41.4953837	-109.4580097
517420174	41.7910335	-107.2428121
517421747	41.5981737	-109.2602197
517421861	41.6012337	-109.2346197
517422452	41.5278337	-109.4667897
517420391	41.4755157	-109.0440478
503245853	40.4228635	-104.7536009
517421889	41.5283707	-109.4665807
503245235	40.4279535	-104.7477309
517421061	41.5814357	-109.2262767
517420181	41.7861965	-107.2588181
502810537	39.1335729	-108.6939091
517422236	41.4940337	-109.4620797
517505396	42.8646226	-109.8542564
517420763	41.5984837	-109.2057797
503245426	40.4232935	-104.7375409
517420643	41.5922437	-109.2171297
517420817	41.5942037	-109.2109697
517422360	41.5042837	-109.4612397
517421787	41.5843737	-109.2550097
517421276	41.5749537	-109.2410397
517422620	41.5899037	-109.2643697
517085386	38.4038162	-111.6427666
511922365	41.2382428	-96.0040030
517422685	41.6423037	-109.2795097
517420788	41.5848737	-109.2086497
517422341	41.5069137	-109.4649697
517422627	41.6918937	-109.2841797
517420414	41.5991397	-109.1989387
517421214	41.5811537	-109.2593997
517420842	41.5888337	-109.2178497
517422393	41.5165437	-109.4733197
517422793	41.5799437	-109.2703997
517421694	41.5829337	-109.2531497
503245222	40.4225535	-104.7430909
517421025	41.5969787	-109.2308517
517422400	41.5272737	-109.4719397
517507004	42.8663636	-109.8615694
517421604	41.6240437	-109.2245997
517422138	41.5189837	-109.4734897
517422469	41.5191837	-109.4756497
517421286	41.6104937	-109.2289597
517420603	41.5738137	-109.2060397
517422168	41.4970037	-109.4626297
517422158	41.5145437	-109.4646497
517421264	41.5897137	-109.2194097
517421481	41.5730537	-109.2187497
517421668	41.5878337	-109.2200997
517420546	41.5843837	-109.2004097
517404636	41.0146539	-111.9019392
517421809	41.6184137	-109.2364597
517347420	40.6361180	-111.8891693
517422567	41.5222837	-109.4736497
517420880	41.5936987	-109.2350577
517422527	41.5214337	-109.4723297
517422307	41.5191837	-109.4819897
517421939	41.5373437	-109.4803527
517421219	41.6342937	-109.2586197
517421850	41.5801437	-109.2200297
517421898	41.5289287	-109.4660297
517422759	41.5854337	-109.2684897
517421918	41.5527847	-109.4963947
517421453	41.5804137	-109.2308397
517421842	41.6207737	-109.2233897
517422651	41.6918937	-109.2841797
517421211	41.6016637	-109.2382197
517420813	41.5944237	-109.2156697
517420533	41.5897837	-109.2193597
517422183	41.5201937	-109.4748597
517422080	41.5138745	-109.4675675
517422665	41.6423037	-109.2795097
517420904	41.5956487	-109.2286957
517421639	41.5966137	-109.2489797
517420978	41.6172287	-109.2386077
517423859	41.5514937	-109.5079597
517421659	41.5936437	-109.2584497
517421885	41.5170247	-109.4692907
517420785	41.5743237	-109.2100997
517432516	42.0471936	-109.4649596
517422561	41.5214837	-109.4779797
517432326	42.1094076	-109.4471876
517501687	42.8507133	-106.3156602
517421134	41.5914537	-109.2210897
517420983	41.5766257	-109.2258627
517420597	41.5803637	-109.2184497
517420706	41.5080837	-109.1551897
517420301	41.8140325	-107.2194351
517505399	42.7863896	-109.7529104
517422033	41.5796927	-109.2630847
517420586	41.5810537	-109.2129897
517422594	41.5129737	-109.4749997
517421700	41.5759237	-109.2478397
517420582	41.5943437	-109.2129497
517420868	41.6657736	-107.9717500
517421289	41.6352137	-109.2602197
517420768	41.5768137	-109.2174497
517421156	41.5837537	-109.2207997
517422607	41.6326237	-109.2641297
517420847	41.5907437	-109.2105197
517422270	41.5079837	-109.4653397
517421139	41.5899537	-109.2490297
517421484	41.5868737	-109.2221797
517422724	41.6924937	-109.2858997
517421788	41.6215837	-109.2267197
517422379	41.4904237	-109.4522897
501647902	34.5807251	-118.0755088
517421970	41.5597187	-109.3072887
517421968	41.5208317	-109.4641517
517409922	41.2647738	-110.9686794
517422855	41.6036337	-109.2609397
517421238	41.5757537	-109.2363697
517422021	41.5795247	-109.2633877
517421223	41.5731337	-109.2300797
517506585	42.8701516	-109.8598154
517422482	41.5314137	-109.4636497
517422781	41.5764237	-109.2670197
517422722	41.5977837	-109.2610497
517421587	41.5842737	-109.2324297
517502434	42.8515033	-106.3271302
517421055	41.5952787	-109.2279947
517420845	41.5936137	-109.2136597
517420962	41.5966477	-109.2508187
517421749	41.5845937	-109.2191397
517420887	41.5975937	-109.2310757
517421702	41.6182037	-109.2235497
517422214	41.4977637	-109.4545497
502642683	38.3918949	-121.3643079
517421365	41.6299737	-109.2549697
517421661	41.5824337	-109.2551497
517421065	41.6194817	-109.2298187
517421041	41.5822777	-109.2583547
517422123	41.5233737	-109.4651497
517420573	41.5910537	-109.2049497
517420980	41.6115707	-109.2304627
517421660	41.6234837	-109.2280097
512667166	46.8890725	-102.7235764
517505433	42.6266756	-109.6587685
517085813	38.2116752	-111.3695154
501645878	34.5808351	-118.0886588
517421072	41.5836770	-109.2535065
517420605	41.5724437	-109.2142297
517422311	41.5208737	-109.4749797
517421626	41.5814337	-109.2310897
517421126	41.6011842	-109.2595197
517421462	41.5872937	-109.2223797
517422786	41.6357237	-109.2622497
517420623	41.5835737	-109.2024197
517420358	41.7892235	-107.2327711
517422810	41.6347537	-109.2701897
517421912	41.5276017	-109.4656177
517420936	41.5750607	-109.2395077
517507144	42.8658436	-109.8616594
517404656	41.0110739	-111.8961992
517421101	41.5938747	-109.2351749
517421266	41.5989037	-109.2352797
517422532	41.5036737	-109.4560197
517421920	41.5379757	-109.4805697
517432454	42.0510170	-109.4280061
517422827	41.5904137	-109.2638597
517432469	42.0510170	-109.4280061
517421830	41.5976937	-109.2572597
501645704	34.5801854	-118.0860672
517422740	41.5748037	-109.2701397
517422339	41.5213337	-109.4750097
502812857	39.1776539	-108.6195401
517422344	41.5101837	-109.4753597
517422159	41.5385437	-109.4756397
517421852	41.5804937	-109.2476097
517507111	42.8679036	-109.8609994
517432311	42.0797566	-109.3991716
517421309	41.5789837	-109.2502297
517422820	41.6442037	-109.2678597
517422652	41.5823737	-109.2673797
517420659	41.5813237	-109.2147997
517420617	41.5882537	-109.2119097
517422271	41.5319037	-109.4710097
517421252	41.6338037	-109.2586197
517420801	41.5860637	-109.2034397
517422579	41.5353237	-109.4772197
517420723	41.5921537	-109.2045697
503244708	40.4236255	-104.7372189
517421742	41.6294537	-109.2552697
517422600	41.5878937	-109.2704897
517420053	41.7887075	-107.2353001
517421948	41.5070457	-109.4554457
517422441	41.5165437	-109.4733197
517421157	41.6451737	-109.2563297
517420999	41.5884637	-109.2602957
517422411	41.5272737	-109.4719397
517421396	41.5811537	-109.2593997
517507067	42.8669136	-109.8605494
517421351	41.5886137	-109.2202797
517421213	41.6406437	-109.2605097
517420749	41.5740137	-109.2051797
517422055	41.5797497	-109.2674767
517419900	41.7880385	-107.2378431
517420889	41.5748787	-109.2399167
517420654	41.5855037	-109.1959297
517421978	41.5836057	-109.2627457
502810307	39.1668639	-108.7586801
517421080	41.5850037	-109.2564900
517421820	41.6185037	-109.2297397
517422481	41.5377337	-109.4737097
517421775	41.6274237	-109.2400997
517422791	41.6979737	-109.2836397
517422370	41.5537437	-109.5030097
517420745	41.5950037	-109.2138697
517421846	41.6385137	-109.2549697
517421306	41.5955337	-109.2382497
517507011	42.8662736	-109.8661594
517507008	42.8659936	-109.8670194
517501355	42.8478033	-106.3238242
517420590	41.5907637	-109.2080097
517422597	41.5888637	-109.2687897
517420550	41.5784737	-109.2185097
517421980	41.6602917	-109.2640227
517432467	42.0510170	-109.4280061
517421109	41.6011842	-109.2595197
517432531	42.0634836	-109.4429496
517421195	41.6378237	-109.2532997
517421176	41.5873437	-109.2210897
517421153	41.5776737	-109.2329597
517420834	41.5917437	-109.2045797
517420583	41.5762437	-109.2083397
517420548	41.5961937	-109.2166197
517422038	41.5793147	-109.2637657
517421971	41.6607177	-109.2642737
517421699	41.5832437	-109.2254897
517422359	41.4993537	-109.4499797
517422518	41.5165037	-109.4635697
517422100	41.5284837	-109.4617597
517422106	41.5286937	-109.4673197
517505434	42.8653846	-109.8406794
517420937	41.6205567	-109.2328327
517422435	41.5089737	-109.4743097
517422669	41.6423037	-109.2795097
517422640	41.5821337	-109.2793197
517421770	41.5839337	-109.2216397
517501544	42.8473833	-106.3255902
517421418	41.5827537	-109.2561397
517507123	42.8636636	-109.8769594
517420714	41.5830037	-109.2067197
517421720	41.5783437	-109.2475297
501645952	34.5862751	-118.0920888
517421036	41.6469647	-109.2531747
517422232	41.5198237	-109.4636397
517420326	41.7892675	-107.2421591
517421083	41.5938747	-109.2351749
517422382	41.5188037	-109.4775597
517421733	41.6228037	-109.2241197
517421283	41.5816837	-109.2549197
517420530	41.5882737	-109.2004297
517422152	41.5378437	-109.4749797
517420786	41.5784737	-109.2185097
517420688	41.5865237	-109.2034397
517422666	41.6368337	-109.2640097
517420549	41.5784037	-109.2132197
517338910	40.6308740	-111.8687493
517421181	41.6053337	-109.2283997
517409573	41.2851518	-110.9680574
517505423	42.8666616	-109.8581384
517420555	41.5861837	-109.2188197
517422047	41.5873487	-109.2701237
517421330	41.6591537	-109.2203897
517422331	41.5173337	-109.4702497
501647037	34.5806851	-118.0825288
517422398	41.4930537	-109.4527697
517421671	41.5987437	-109.2594597
512667346	46.8876825	-102.7222704
517421442	41.5963237	-109.2195597
517421120	41.6011842	-109.2595197
517422322	41.4951937	-109.4515097
517422259	41.4921537	-109.4536497
517421719	41.5931237	-109.2509897
517422193	41.4979837	-109.4529997
517422648	41.6667937	-109.2668497
517422852	41.5651437	-109.2963597
517420674	41.5859437	-109.2030297
517420933	41.6180257	-109.2351087
517421554	41.5947537	-109.2241797
517421096	41.5938747	-109.2351749
517422769	41.5975937	-109.2619097
517421620	41.5842737	-109.2324297
517422661	41.5492437	-109.3018897
517420677	41.5695637	-109.2161897
517421804	41.5965237	-109.2185897
517422636	41.5808637	-109.2807197
517421209	41.6023637	-109.2352497
515739524	31.8663147	-102.3965522
515739350	31.8757347	-102.3996322
517421312	41.5815037	-109.2569197
517420454	41.5903387	-109.2192577
501646001	34.5805251	-118.0855688
517422673	41.6344737	-109.2666797
517422542	41.5280037	-109.4661097
517421240	41.5816037	-109.2551297
517420540	41.5885537	-109.2186597
517421503	41.5827937	-109.2546397
517421415	41.5817637	-109.2547197
517420457	41.5991397	-109.1989387
517421864	41.5960737	-109.2252897
517422543	41.5230037	-109.4676897
517422439	41.5070837	-109.4752897
517423556	41.5703557	-109.9886465
517421500	41.5816837	-109.2602897
517421279	41.5758437	-109.2392297
517421849	41.5848537	-109.2188197
517422634	41.5873437	-109.2679197
517421743	41.5878637	-109.2575397
517421966	41.5285517	-109.4681707
517422054	41.5728337	-109.2712627
517422804	41.5978737	-109.2643397
517422247	41.5126437	-109.4626597
517422644	41.5800737	-109.2725697
517422763	41.6431737	-109.2618597
517421610	41.6001037	-109.2364097
517421566	41.6454937	-109.2536797
517422465	41.5024537	-109.4484597
517420467	41.6733586	-107.9783940
517421458	41.5842737	-109.2324297
517420662	41.5900237	-109.2042597
517423849	41.5521737	-109.5126397
517421166	41.5934437	-109.2484197
517422423	41.5314137	-109.4636497
517419870	41.5976827	-109.2069757
517422866	41.6004737	-109.2618897
517421708	41.5953337	-109.2213397
517421715	41.5784837	-109.2348397
517420420	41.5978467	-109.2042797
517421049	41.5989487	-109.2331247
517422440	41.4945437	-109.4602597
517421412	41.6048637	-109.2298197
517420576	41.5825837	-109.2171997
517422255	41.5126437	-109.4626597
517422772	41.6412737	-109.2661597
517422310	41.5165437	-109.4733197
503244739	40.4235095	-104.7372229
517421872	41.5087207	-109.4755407
517421304	41.5848537	-109.2188197
517506587	42.8650836	-109.8612014
517422248	41.5013537	-109.4534297
517420651	41.5748037	-109.2070297
517422210	41.5060737	-109.4690397
517505499	42.6079936	-109.6311795
517422779	41.5465937	-109.3057597
517421633	41.5849437	-109.2210997
517340036	40.6352740	-111.8713093
517420653	41.5900237	-109.2077297
517421826	41.5663137	-109.2570197
517420820	41.5942337	-109.2116597
517422519	41.5056937	-109.4519697
517421116	41.5938747	-109.2351749
517405906	40.9999039	-111.8889392
517421923	41.4965657	-109.4602487
517085358	38.4017912	-111.6428456
517432515	42.0485736	-109.4398396
517421727	41.5981237	-109.2490597
517422506	41.5235537	-109.4803097
517422387	41.5083437	-109.4720097
517421328	41.6012137	-109.2361997
517420950	41.6150217	-109.2280637
517422849	41.5880137	-109.2696397
517421303	41.5758437	-109.2392297
517420429	41.5922797	-109.2177357
517421612	41.5849937	-109.2322797
517421572	41.6327337	-109.2551397
517421758	41.5988637	-109.2517797
517422662	41.5917837	-109.2691997
517420647	41.5826337	-109.2152597
517420929	41.5857017	-109.2202557
517422030	41.5792617	-109.2799987
517422294	41.5050837	-109.4520597
517422645	41.5790537	-109.2732897
517421009	41.5859607	-109.2207137
517422228	41.5217637	-109.4655197
517421619	41.5858437	-109.2531897
517421510	41.5814737	-109.2556697
517421158	41.5862237	-109.2540097
517421464	41.6012637	-109.2333197
517420024	41.7893665	-107.2370591
517422638	41.6965737	-109.2822997
517420423	41.5964037	-109.2016387
517421118	41.6011842	-109.2595197
517421013	41.5742967	-109.2445387
517422295	41.5027137	-109.4571697
517422028	41.5794827	-109.2634627
517420503	41.7658543	-108.9675573
517419969	41.7897705	-107.2398421
517421255	41.6221237	-109.2241097
517421909	41.5228907	-109.4797277
517421320	41.5871237	-109.2256497
517420432	41.5961597	-109.2139487
517422659	41.5846137	-109.2673097
517422036	41.5898677	-109.2676157
517420908	41.5748387	-109.2400157
517420877	41.6219047	-109.2330777
517085379	38.4574642	-111.6207836
517421348	41.5775137	-109.2509197
517420415	41.5922797	-109.2177357
517505457	42.6917358	-109.5234571
517506172	42.8706236	-109.8524294
517421737	41.5862237	-109.2187497
517420559	41.5874137	-109.1994197
517421314	41.6185537	-109.2385197
517421355	41.5830037	-109.2530797
517422258	41.4989037	-109.4715597
517422801	41.5901137	-109.2707197
517422445	41.4988637	-109.4556497
517504973	42.8726933	-106.4337601
517421781	41.6021237	-109.2365097
517421976	41.5719647	-109.2722997
517422811	41.5896837	-109.2702597
517421675	41.5757137	-109.2536397
503245433	40.4250335	-104.7498909
517420556	41.5866237	-109.2193797
517421316	41.5908937	-109.2189897
517422450	41.5058737	-109.4812797
517420225	41.7883705	-107.2376561
517420591	41.5929537	-109.2149797
517422252	41.5261637	-109.4699897
517422135	41.5015637	-109.4567197
517420744	41.5978037	-109.2024797
512687845	48.2370622	-101.1299505
517420518	41.5799037	-109.2096797
517422022	41.5794827	-109.2634627
517420110	41.7911165	-107.2378681
517420685	41.5799537	-109.2173197
517421402	41.6372037	-109.2572397
517085701	38.3234962	-111.3738277
517422171	41.5120537	-109.4718997
503245188	40.4233235	-104.7392209
517422503	41.5319637	-109.4730797
517422618	41.6423037	-109.2795097
517420580	41.5865537	-109.2155997
517421611	41.5762637	-109.2572797
511921447	41.2484428	-96.0105630
517421372	41.5737837	-109.2459797
517421272	41.5741137	-109.2397597
517421490	41.6181637	-109.2252097
517420840	41.5847437	-109.1994097
517421785	41.5906037	-109.2597997
517421227	41.6025537	-109.2330597
517421926	41.5158917	-109.4705477
517420560	41.5790937	-109.2201797
517422041	41.5597187	-109.3072887
517422061	41.5811617	-109.2793327
517422037	41.6440557	-109.2722027
517420853	41.5852537	-109.2022497
517421037	41.5807807	-109.2601997
517421653	41.5783737	-109.2467697
517422683	41.6412837	-109.2669197
517421956	41.5084797	-109.4636357
517422577	41.5028137	-109.4603197
517420441	41.5991397	-109.1989387
517507045	42.8659536	-109.8640794
517420535	41.5878737	-109.2200197
517420736	41.5846737	-109.2028197
517420633	41.5974237	-109.2085497
501644577	34.5805561	-118.0940328
517421696	41.6180637	-109.2265197
517421741	41.6185237	-109.2239597
517420954	41.5821297	-109.2467057
517421714	41.6214437	-109.2248097
517421066	41.6030237	-109.2361557
517422625	41.6940937	-109.2838697
517422702	41.5986137	-109.2609697
517420107	41.7877785	-107.2402351
517420799	41.5805137	-109.2167497
517085724	38.2980472	-111.3942667
517421103	41.6011842	-109.2595197
517420789	41.5940437	-109.2164197
517421665	41.5771237	-109.2563297
517422684	41.5500437	-109.2978797
517420793	41.5776137	-109.2094797
517420638	41.5753837	-109.2178597
517420461	41.7655166	-108.9676047
517422586	41.5062237	-109.4783297
517420455	41.5931977	-109.2190987
517421434	41.5831337	-109.2529397
517085179	38.3425052	-111.5496866
517420641	41.5945337	-109.2136397
516938773	37.1100455	-113.5905234
517420527	41.5923637	-109.2045697
517421267	41.5787737	-109.2334297
517422283	41.5005537	-109.4497497
517421662	41.5813137	-109.2563097
517421607	41.5868637	-109.2589397
517422474	41.5018737	-109.4551897
512667100	46.9225025	-102.7867524
517421359	41.5798937	-109.2328997
517420893	41.6414817	-109.2443097
517422206	41.5297637	-109.4646197
517420960	41.5975937	-109.2310757
517423857	41.5513537	-109.5099197
517422582	41.5229537	-109.4809097
515739497	31.8739047	-102.3918022
517420642	41.5828237	-109.2058297
517422134	41.5179737	-109.4766197
517421186	41.5985537	-109.2384997
517421064	41.5954857	-109.2283707
517421539	41.5864637	-109.2194497
517420882	41.5808057	-109.2602297
517423868	41.5509437	-109.5123597
517422162	41.5205837	-109.4632597
517421762	41.5880137	-109.2260497
517421448	41.6218837	-109.2259997
517420860	41.6622136	-107.9702000
517422621	41.6478637	-109.2690697
517420534	41.5832237	-109.2064897
517420683	41.5882237	-109.2013597
517420939	41.5859517	-109.2207057
517420738	41.5951337	-109.2085597
517421388	41.5827537	-109.2561397
517420808	41.5800537	-109.2155697
517432525	42.0646036	-109.4407596
517422351	41.5272737	-109.4719397
517420515	41.6727364	-107.9744588
517420472	41.6723386	-107.9740100
517422641	41.6386137	-109.2660397
517420644	41.5866037	-109.2023897
517421329	41.5804937	-109.2476097
517421431	41.5846737	-109.2356197
517421379	41.6188237	-109.2368997
517422851	41.6502137	-109.2696397
517421871	41.5140347	-109.4748707
515738880	31.8794597	-102.3979342
517423850	41.5595237	-109.5323296
517422790	41.6407037	-109.2708597
517085690	38.2990002	-111.4053757
517410620	41.3748147	-108.7880358
517422687	41.5635737	-109.2678097
517422443	41.5283137	-109.4676397
517507030	42.8682236	-109.8751794
517422842	41.5704437	-109.2726697
517421580	41.5902237	-109.2511097
517432517	42.0545936	-109.4314996
517421039	41.5844627	-109.2225317
517422020	41.5480917	-109.3019287
517422565	41.4917537	-109.4526397
517420796	41.5981437	-109.2073697
517422854	41.6498037	-109.2666197
517422657	41.6399337	-109.2669097
517506176	42.8662636	-109.8574794
517422504	41.5523437	-109.5059897
517421890	41.5060007	-109.4560467
517421848	41.5771237	-109.2563297
517502010	42.8504533	-106.3204902
517422241	41.4987737	-109.4505797
517085766	38.4003657	-111.6396052
517420695	41.5865537	-109.2030397
517421274	41.5804937	-109.2476097
517420698	41.5828737	-109.2159597
517421680	41.5856637	-109.2593797
517423554	41.5562957	-109.5228976
517508903	43.1658565	-109.9945113
511922427	41.2382928	-96.0012830
517420629	41.5922437	-109.2171297
517422145	41.5204837	-109.4768797
517420506	41.6727364	-107.9744588
517422146	41.5285737	-109.4657797
517421408	41.6246837	-109.2259297
517421377	41.5865837	-109.2194497
517422113	41.5168937	-109.4701397
517421609	41.5900837	-109.2195997
517421217	41.6334237	-109.2618097
517420602	41.5890237	-109.2105497
517422225	41.5086337	-109.4725697
517420694	41.5719237	-109.2094997
517421026	41.5911437	-109.2205137
517421746	41.6008137	-109.2352197
517421874	41.5102867	-109.4797287
517421925	41.4979447	-109.4486837
517421810	41.5888437	-109.2587097
517422463	41.5073537	-109.4673197
517420815	41.5080637	-109.1563797
517420410	41.5932497	-109.2191097
516937837	37.1116155	-113.5795754
517422570	41.5235037	-109.4785497
517421169	41.5785637	-109.2307697
501645537	34.5801481	-118.0910708
517421776	41.5958937	-109.2239797
517420759	41.5715337	-109.2122097
517421506	41.6017537	-109.2322197
517422719	41.6393437	-109.2669197
517420416	41.5804807	-109.2155377
517432456	42.0510170	-109.4280061
517421722	41.5876937	-109.2203897
517420742	41.5903737	-109.2112097
517422305	41.5133937	-109.4630697
517421420	41.5843237	-109.2534897
517422408	41.5096537	-109.4630997
517422115	41.5160937	-109.4655097
502642673	38.4046649	-121.3647779
501646024	34.5839051	-118.0911588
517421958	41.5276017	-109.4656177
517420396	41.5991397	-109.1989387
517421094	41.5938747	-109.2351749
517421451	41.5822737	-109.2538897
517422181	41.5055637	-109.4656297
517422824	41.5786837	-109.2658097
517422170	41.5259437	-109.4612097
517421559	41.5848937	-109.2309897
501649227	34.5862551	-118.0605388
517419879	41.7908535	-107.2195711
517422053	41.5791367	-109.2758017
501646057	34.5805051	-118.0871988
517421833	41.5900837	-109.2195997
517422297	41.5183837	-109.4802297
517422646	41.5976337	-109.2649597
517421779	41.5893337	-109.2244497
517421277	41.5846737	-109.2356197
517422139	41.5058937	-109.4525397
517422602	41.5872737	-109.2684297
517420991	41.5860587	-109.2615917
502641747	38.3905249	-121.3603079
517420648	41.5856937	-109.2024597
517420942	41.5784117	-109.2330607
517421678	41.5846737	-109.2356197
517432262	42.2370805	-107.5617550
517421332	41.5921437	-109.2426097
517422501	41.5161437	-109.4673497
517421382	41.6316737	-109.2501197
517421530	41.6337937	-109.2533297
517421763	41.6429537	-109.2534397
503244982	40.4235935	-104.7369509
502641495	38.3994519	-121.3568489
517421313	41.5960737	-109.2252897
517421092	41.6011842	-109.2595197
517421221	41.5891537	-109.2206597
517422015	41.5794827	-109.2634627
517421946	41.5305137	-109.4679077
517420843	41.5817737	-109.2151797
517085728	38.3405350	-111.5430375
517420655	41.5070837	-109.1537797
517422466	41.5118837	-109.4678397
517421514	41.6214637	-109.2257397
517420585	41.5705837	-109.2165897
517422517	41.5207137	-109.4660997
517411087	41.0253538	-109.9388496
517421869	41.5749337	-109.2414697
517422844	41.5790537	-109.2628197
517421983	41.6594097	-109.2633417
517421562	41.5900637	-109.2203397
517422587	41.5216937	-109.4740797
517422008	41.5835397	-109.2626797
517421427	41.5741137	-109.2397597
517340015	40.6314540	-111.8714393
517422166	41.4969037	-109.4599397
517420439	41.5902987	-109.2192637
517507142	42.8659636	-109.8741694
517422457	41.5114837	-109.4651897
517422001	41.5791897	-109.2637697
517421237	41.6000237	-109.2361397
517422173	41.5314137	-109.4636497
517422545	41.5219937	-109.4822097
503244497	40.4236485	-104.7493009
517422764	41.5473937	-109.3065497
517422530	41.5080637	-109.4733097
517420640	41.5985037	-109.2050097
517422547	41.5061737	-109.4641197
517422552	41.5050137	-109.4575297
517421498	41.5762637	-109.2572797
517421311	41.5819437	-109.2295497
517421358	41.5757137	-109.2468497
517421465	41.6010137	-109.2595697
517422691	41.6377037	-109.2677997
517421972	41.5794827	-109.2634627
517422212	41.5142237	-109.4728197
517422674	41.6711937	-109.2675797
517421893	41.5226357	-109.4653727
517420718	41.6672536	-109.2071197
517421048	41.5904817	-109.2244687
517432327	42.0652386	-109.4397126
517432514	42.0505036	-109.4392596
517421547	41.5765837	-109.2517997
517421962	41.5033097	-109.4549007
517421509	41.5905937	-109.2189797
517422226	41.5277637	-109.4666597
517420748	41.5706437	-109.2169597
517422039	41.6607177	-109.2642737
517504266	42.8698213	-106.4322121
517420528	41.5853837	-109.2053297
511924345	41.2458128	-95.9905430
517421435	41.6168537	-109.2325097
517422163	41.5337737	-109.4739597
517421249	41.6209937	-109.2260197
517421297	41.5892637	-109.2196997
517422056	41.5744477	-109.2710967
517421495	41.5849437	-109.2210997
517420480	41.6700976	-107.9851680
517421229	41.5849937	-109.2322797
517420364	41.7903425	-107.2282601
517421445	41.6225837	-109.2245197
517422105	41.5269437	-109.4631197
512668527	46.8762525	-102.9769503
517421808	41.5827537	-109.2561397
515739529	31.8653647	-102.3964522
517420965	41.5762147	-109.2471577
517422429	41.5219537	-109.4642897
517422284	41.5182037	-109.4792197
503245423	40.4225535	-104.7430909
517421375	41.5829537	-109.2206997
517421258	41.5834637	-109.2211597
517421859	41.5894037	-109.2597997
517421021	41.6035537	-109.2490217
517422635	41.5996637	-109.2643597
517422524	41.5278037	-109.4657597
517422454	41.5297237	-109.4678197
517422129	41.5165437	-109.4733197
517421131	41.5835944	-109.2534587
517422505	41.5165437	-109.4733197
517422617	41.5808237	-109.2768297
517422563	41.5011437	-109.4505597
517422043	41.6354147	-109.2705377
517432534	42.0752336	-109.4368996
517421373	41.5911937	-109.2251897
503245386	40.4229235	-104.7421609
517502867	42.8485233	-106.3263202
517420539	41.5810937	-109.2174097
517422246	41.5260137	-109.4697297
517420726	41.5977737	-109.2105297
517420667	41.5834737	-109.2175197
501648570	34.5805291	-118.0672758
517420948	41.5766257	-109.2258627
517421679	41.5895537	-109.2500897
517420393	41.5859887	-109.2056787
517422040	41.5794827	-109.2634627
517422643	41.6472837	-109.2713397
517420043	41.7898445	-107.2448501
517421424	41.5824037	-109.2486397
517421681	41.5895537	-109.2500897
517422746	41.5786837	-109.2658097
517421543	41.5973237	-109.2381897
517422745	41.6478637	-109.2681297
517422868	41.5805437	-109.2787997
517421215	41.5911937	-109.2251897
517422737	41.5985737	-109.2636297
517422334	41.4998937	-109.4609497
517422832	41.5786837	-109.2658097
517085746	38.4003657	-111.6396052
517421429	41.5874237	-109.2209397
517421020	41.5880377	-109.2544527
517419988	41.7884105	-107.2407781
517421102	41.6011842	-109.2595197
517420645	41.5864037	-109.2184097
517421791	41.5941437	-109.2487297
517422286	41.5368737	-109.4747097
517422281	41.5309737	-109.4643997
517421273	41.5762637	-109.2510497
517422143	41.5319037	-109.4710097
517422151	41.5000037	-109.4608197
517420812	41.5864537	-109.2079497
517421886	41.5307707	-109.4729127
517420835	41.5951637	-109.2156897
517420575	41.5962637	-109.2122097
517422287	41.5359337	-109.4781197
517420465	41.7647286	-108.9677107
515740654	31.8699747	-102.3901122
517422529	41.5063737	-109.4621397
517420809	41.5883537	-109.2075297
517422655	41.6497937	-109.2639197
517422729	41.6370137	-109.2690697
517420512	41.6727364	-107.9744588
517422676	41.5793437	-109.2717397
517422446	41.5296237	-109.4640797
517422629	41.6406737	-109.2628497
517420538	41.6470436	-109.0116197
517420646	41.5951737	-109.2142697
517420341	41.7876095	-107.2402231
517422202	41.5251037	-109.4610597
517420862	41.6718636	-107.9736000
517422048	41.5592467	-109.3092507
517422005	41.5703227	-109.2812007
517422789	41.6467037	-109.2709697
517420730	41.5842937	-109.2039397
517422442	41.5165637	-109.4756697
517421529	41.5882637	-109.2205797
517421515	41.5756937	-109.2462597
517422205	41.5292737	-109.4683497
517422478	41.5039937	-109.4663097
502810316	39.1950839	-108.7518601
517422290	41.5259437	-109.4612097
512684025	48.2545902	-101.3851065
517421411	41.6211837	-109.2255597
517420977	41.5762147	-109.2471577
517422718	41.5795637	-109.2717497
517420403	41.5991397	-109.1989387
517421765	41.5866137	-109.2589097
517422694	41.5878137	-109.2677197
517421085	41.5938747	-109.2351749
503245279	40.4270535	-104.7501809
517421245	41.5883937	-109.2552097
517422137	41.5120537	-109.4718997
517410713	41.0304160	-109.9735678
517421599	41.5688937	-109.2337297
517420511	41.6727364	-107.9744588
517422110	41.5083637	-109.4773797
517421480	41.6354237	-109.2583097
517422060	41.5479877	-109.3024707
517421324	41.6106137	-109.2308697
517421944	41.5157697	-109.4708227
517422728	41.5853737	-109.2627897
517420458	41.5843237	-109.2157447
517420849	41.5778437	-109.2076997
517421524	41.5853937	-109.2305997
517423861	41.5540137	-109.5134597
517421843	41.5858137	-109.2197597
517422869	41.5712637	-109.2717097
517420612	41.5691437	-109.2144297
517422833	41.5407637	-109.3129297
517422253	41.5108937	-109.4774197
517422604	41.5820337	-109.2686297
517420921	41.5865587	-109.2590437
517422356	41.5279937	-109.4647597
517421551	41.5861837	-109.2199597
517421299	41.5931537	-109.2241397
517421452	41.5956337	-109.2273297
517422128	41.4969637	-109.4692497
517422399	41.4963537	-109.4581797
517421288	41.5903737	-109.2254297
517422750	41.5717337	-109.2725897
517422468	41.5503837	-109.5053397
517422819	41.6000737	-109.2629097
517422062	41.5592467	-109.3092507
517422592	41.5280837	-109.4662497
517422585	41.5154637	-109.4703697
517422797	41.6441537	-109.2645697
517421565	41.5838337	-109.2530097
517421656	41.5913737	-109.2510297
517422576	41.5372337	-109.4795297
517422292	41.5150137	-109.4612397
517420884	41.5398007	-109.2235877
517422678	41.5978137	-109.2622997
517421254	41.5877637	-109.2565197
517421959	41.5181557	-109.4678017
517421632	41.6030937	-109.2338497
517421417	41.5849937	-109.2322797
517421132	41.5836737	-109.2209497
517421748	41.5815637	-109.2552397
517422207	41.5165437	-109.4733197
503244598	40.4249085	-104.7391529
517422014	41.6597157	-109.2636827
517421756	41.5876937	-109.2203897
517421246	41.6333437	-109.2601597
517420957	41.5873217	-109.2219237
517421454	41.5861437	-109.2188997
517421682	41.6350137	-109.2568297
517421797	41.5777437	-109.2501097
517422133	41.5477737	-109.4866897
517421821	41.6021437	-109.2346797
517421929	41.5180497	-109.4679397
517505501	42.6017736	-109.6260895
517420869	41.6744036	-107.9784200
517421482	41.5814137	-109.2203897
517507102	42.8635836	-109.8606994
517432528	42.0922436	-109.3910396
517421841	41.5891437	-109.2204997
517421692	41.5863337	-109.2201197
517421541	41.6029637	-109.2279397
517422108	41.5062437	-109.4759797
517421327	41.5771237	-109.2563297
517420943	41.5976077	-109.2310787
517421563	41.5928637	-109.2330597
517422795	41.5775637	-109.2644197
517422709	41.5790537	-109.2628197
517420993	41.5760617	-109.2518747
517420774	41.5970237	-109.2098097
517422596	41.5793437	-109.2759597
517422358	41.5289537	-109.4664497
517421091	41.6011842	-109.2595197
517422031	41.5840857	-109.2633577
517421027	41.6179127	-109.2350817
517421281	41.5956237	-109.2398097
517422818	41.5800237	-109.2671097
517421782	41.5837837	-109.2281397
517421608	41.5782737	-109.2208497
517422788	41.6449137	-109.2614197
517420687	41.5841337	-109.2064497
517422368	41.5050837	-109.4520597
517422546	41.5157137	-109.4634597
501647865	34.5806751	-118.0697988
517421432	41.5889537	-109.2247397
517420903	41.5760097	-109.2473037
501646558	34.5802311	-118.0814558
517421829	41.5827537	-109.2561397
517422385	41.5383437	-109.4790797
517422230	41.5292437	-109.4669697
517422320	41.5323237	-109.4734997
517421568	41.5865937	-109.2264297
517421726	41.5804937	-109.2476097
517420755	41.5844037	-109.1990397
517421300	41.5842737	-109.2324297
517420596	41.5928937	-109.2158397
517421298	41.5853837	-109.2193997
517421218	41.5809737	-109.2291597
517421349	41.5836137	-109.2210697
517421805	41.5872237	-109.2213397
517421981	41.5794827	-109.2634627
517421716	41.5848637	-109.2201697
517420630	41.5851137	-109.2150797
517421834	41.5975637	-109.2380197
517421194	41.5821337	-109.2209397
517420941	41.5872167	-109.2207267
517420537	41.5872837	-109.2178697
517421203	41.5888137	-109.2572197
517421383	41.5786937	-109.2314797
517422566	41.4966437	-109.4508897
517421455	41.5807637	-109.2309897
517421138	41.6199237	-109.2277297
517421634	41.5868737	-109.2221797
517422603	41.6711937	-109.2675797
517422394	41.5311337	-109.4702997
517420782	41.5892937	-109.2177397
517420673	41.5975337	-109.2112797
517421499	41.5915537	-109.2481797
502811726	39.1199739	-108.6535501
517422668	41.6455237	-109.2637297
517420944	41.5956077	-109.2286137
517421884	41.5524217	-109.4950707
517422712	41.5779237	-109.2628697
517421100	41.5938747	-109.2351749
517421575	41.5834537	-109.2309997
517422107	41.5023537	-109.4613197
517422805	41.6356437	-109.2632097
512684083	48.3413012	-101.3248825
517085352	38.4574682	-111.6186766
517422695	41.5802837	-109.2673597
517420522	41.6703336	-109.1947197
517422396	41.4914937	-109.4515097
517422595	41.4960237	-109.4577197
517420839	41.5841337	-109.2183297
517420079	41.7939675	-107.2307611
517421780	41.5848537	-109.2188197
517422175	41.5071637	-109.4725197
517422605	41.6340537	-109.2688697
517422622	41.6433737	-109.2693797
517420622	41.5966537	-109.2061097
517421493	41.6111737	-109.2310197
517421380	41.5944337	-109.2556297
517420669	41.5865137	-109.2062997
501645511	34.5836981	-118.0884248
517421369	41.5814037	-109.2187697
517344815	40.6406040	-111.8824593
517421596	41.6168137	-109.2369997
517421761	41.5844037	-109.2246697
517422472	41.4955837	-109.4495197
517343261	40.6419960	-111.8829143
517421443	41.5816837	-109.2602897
517421199	41.6423737	-109.2530297
517419950	41.7867955	-107.2398551
517420459	41.7480586	-108.7834228
517421556	41.6111737	-109.2310197
503244527	40.4230535	-104.7426659
517420919	41.5969787	-109.2308517
512684806	48.2524922	-101.3906805
517421603	41.5815037	-109.2569197
517422069	41.6330757	-109.2693587
517502608	42.8539533	-106.3346702
517432463	42.0510170	-109.4280061
517421950	41.5170487	-109.4692577
503244676	40.4238185	-104.7494649
517420735	41.5724437	-109.2142297
517423851	41.5551537	-109.5201396
517420826	41.5789737	-109.2111197
517504340	42.8690293	-106.4270671
517422227	41.5213937	-109.4816497
501646039	34.5804951	-118.0892188
517420557	41.5800537	-109.2164397
517422384	41.4940137	-109.4540697
517421642	41.5827937	-109.2546397
517420442	41.5864637	-109.2188337
517421188	41.5833637	-109.2229397
517420609	41.5879937	-109.1999897
517421819	41.5745337	-109.2486697
517422282	41.5156637	-109.4701597
517421268	41.5971437	-109.2489397
517421839	41.5814737	-109.2556697
517421538	41.6392437	-109.2564197
517422670	41.6974637	-109.2850097
517422338	41.5132437	-109.4756297
517421605	41.5861737	-109.2202097
517421617	41.5872337	-109.2590297
517420670	41.5849837	-109.1963997
517421063	41.5743457	-109.2448507
517420675	41.5904937	-109.2109697
517421387	41.5688937	-109.2337297
517421416	41.5690437	-109.2445497
517421897	41.5283707	-109.4665807
517420660	41.5922437	-109.2171297
517420927	41.5743387	-109.2448067
517421638	41.5881037	-109.2197097
517421930	41.5001817	-109.4622057
517421957	41.5270147	-109.4660777
517422623	41.5889137	-109.2704797
517421185	41.5688937	-109.2337297
517420500	41.5946445	-109.2148589
517422299	41.5066537	-109.4798997
517421977	41.5592467	-109.3092507
517420541	41.5879437	-109.2195697
517422568	41.5070337	-109.4689097
517421818	41.6392337	-109.2556097
517432329	42.1624266	-109.3838086
517421127	41.5786347	-109.2497795
517422390	41.5150737	-109.4705197
517421723	41.5900837	-109.2195997
512667748	46.9405225	-102.7836004
517421346	41.5815037	-109.2569197
503244561	40.4232255	-104.7426579
517420658	41.5904337	-109.2092997
517420453	41.5931977	-109.2190987
517085726	38.2901782	-111.4302957
517421040	41.6273367	-109.2409787
517420722	41.5789737	-109.2131697
517422703	41.6497937	-109.2657797
517421953	41.5279837	-109.4655197
517420781	41.5963537	-109.2094597
517422057	41.5794827	-109.2634627
517422782	41.6000737	-109.2629097
511921401	41.2474728	-96.0121330
517420424	41.5991397	-109.1989387
517421130	41.5835944	-109.2534587
517421902	41.5155087	-109.4710157
517421795	41.6186337	-109.2253197
517422705	41.6515937	-109.2657597
517422633	41.5887837	-109.2676697
517421282	41.5749337	-109.2414697
517421287	41.5808037	-109.2292997
517422348	41.5222137	-109.4731597
517420778	41.5871337	-109.2181697
517422319	41.5259737	-109.4625497
517422426	41.5327437	-109.4731197
517422541	41.5523437	-109.5059897
517422491	41.5210037	-109.4736497
517409944	41.2704438	-110.9686694
517421043	41.5950907	-109.2247727
517505043	42.8733833	-106.4328701
517421845	41.6139437	-109.2318297
517420595	41.5748037	-109.2070297
517421730	41.5791037	-109.2294997
517420737	41.5813237	-109.2126097
517420879	41.5845737	-109.2225767
517421645	41.5888537	-109.2596597
517420398	41.5973177	-109.2034537
517506589	42.8642306	-109.8815444
517420925	41.5952417	-109.2230107
517420905	41.5750257	-109.2395847
517420946	41.5749467	-109.2397577
517421866	41.5972737	-109.2375797
512667043	46.6733805	-102.7688064
517421995	41.5796507	-109.2631607
517085675	38.2851792	-111.4773397
517500495	42.8566633	-106.3025302
517420268	41.7865905	-107.2628131
517506199	42.8501536	-109.8109894
502811749	39.1183439	-108.6510801
517421492	41.5849937	-109.2322797
517420988	41.5857017	-109.2202557
517422483	41.5016337	-109.4497097
517422813	41.5758037	-109.2679897
517421290	41.5984837	-109.2607197
517421588	41.5822037	-109.2539697
517422574	41.5259437	-109.4612097
517420497	41.6693648	-109.1977383
517421666	41.6236837	-109.2235397
517432523	42.0470936	-109.4744996
517422557	41.4968537	-109.4569197
517422200	41.5068437	-109.4630197
517422335	41.5051537	-109.4544197
517422219	41.5165437	-109.4733197
512684052	48.2420722	-101.3393575
517422835	41.5814237	-109.2703497
517421270	41.5817237	-109.2548197
517420975	41.6381307	-109.2294787
503244558	40.4288525	-104.7510869
512668075	46.9467605	-102.8732063
517422510	41.5360337	-109.4734497
516938771	37.1082705	-113.5904624
517421711	41.6169937	-109.2356297
517421767	41.6202137	-109.2266197
517420569	41.5905437	-109.2196197
517422624	41.5791337	-109.2650997
517422318	41.5404137	-109.4720697
517423869	41.5529337	-109.5059697
517432313	42.0411186	-109.4185436
517420558	41.5907537	-109.2186397
517420430	41.5931977	-109.2190987
502641761	38.3839649	-121.3583079
517420894	41.5952897	-109.2280127
517422815	41.5978337	-109.2629197
517422787	41.5916537	-109.2644097
517420761	41.5866537	-109.2179397
517423856	41.5506937	-109.5099097
517422018	41.5794827	-109.2634627
501645856	34.5813851	-118.0856488
517422821	41.6375937	-109.2709497
517422865	41.6421237	-109.2652997
517421403	41.5890637	-109.2227497
517421347	41.5784837	-109.2348397
517422760	41.6515937	-109.2665997
517422802	41.6368337	-109.2640097
517420696	41.5872837	-109.2178697
517432460	42.0510170	-109.4280061
517421728	41.5980537	-109.2596297
517419883	41.7930455	-107.2344521
517421014	41.5891987	-109.2251677
517422444	41.5339037	-109.4728597
517420865	41.6691736	-107.9800100
