sp_id	latitude	longitude
517788614	44.7794651	-106.9031327
517789624	44.7916231	-106.9602397
517790154	44.7975331	-106.9587997
517789498	44.7938231	-106.9575797
517664906	44.1249612	-106.7273719
517788901	44.8123431	-106.9461997
517790523	44.8744231	-107.2622296
517788619	44.7884661	-106.9457687
517788598	44.7766591	-106.9339177
517790155	44.8084631	-106.9658597
517790526	44.8760231	-107.2619596
517789598	44.8029531	-106.9547597
517788630	44.7989611	-106.9386657
517788884	44.7752631	-106.9421497
517789416	44.7671131	-106.9587297
517791177	44.8330031	-107.0817897
517788894	44.7875531	-106.9458897
508042503	39.0417831	-95.6302033
517501463	42.8579333	-106.3248702
517790160	44.7992331	-106.9551297
517790047	44.7951831	-106.9542397
517789450	44.7983831	-106.9548097
517665928	44.3542381	-106.6879889
517789149	44.7821031	-106.9402897
517788580	44.6441691	-106.8899758
517667925	44.2901730	-105.4773302
517790033	44.8140231	-106.9559997
517789033	44.8102731	-106.9451197
517665891	44.3484621	-106.6991799
517665654	44.3569861	-106.6983989
517667694	44.2763720	-105.4938411
517791026	44.7282031	-107.0796897
517790488	44.9008404	-107.1488770
517791131	44.7965431	-106.9758697
517790004	44.8007531	-106.9505297
517788917	44.7797031	-106.9466297
515414717	29.9618148	-95.3753640
517789262	44.7990971	-106.9559107
517664861	44.3372691	-106.7556118
517789301	44.8161061	-106.9562347
517789106	44.7898131	-106.9464197
517790531	44.8728631	-107.2614396
517665633	44.3104891	-106.6942499
517790522	44.8691331	-107.2620396
517790139	44.7975531	-106.9599497
517790075	44.8050731	-106.9561397
517789874	44.7892131	-106.9493397
517789638	44.8080231	-106.9536297
517790173	44.8050631	-106.9513897
517791108	44.8122331	-106.9833797
517791172	44.6929931	-106.9708197
517788424	44.5666781	-106.5289039
517788968	44.7852431	-106.9418897
517666495	44.2465630	-105.5411901
517789115	44.7793631	-106.9466297
517790162	44.8133831	-106.9530497
517788966	44.7955031	-106.9283297
517790499	44.6806731	-106.9920597
517669038	44.0249731	-105.3250502
517790998	44.7853931	-106.9676797
517789479	44.8013231	-106.9562097
517789344	44.7941141	-106.9558297
517789988	44.7902031	-106.9486897
517789453	44.8023031	-106.9553197
517788863	44.7407031	-106.9445297
517788898	44.7839831	-106.9413997
517791159	44.8049231	-106.9734097
517789404	44.7899906	-106.9616073
517789971	44.7737931	-106.9638997
517789847	44.7988431	-106.9562297
517790973	44.7900231	-106.9995597
517791190	44.7934131	-106.9671197
517789123	44.7850931	-106.9462397
517790934	44.8023231	-106.9695097
517789571	44.8029831	-106.9541897
517790068	44.7978831	-106.9548197
517353365	40.7629490	-111.9000083
501656030	34.1293251	-118.0006888
517790031	44.7992231	-106.9574697
517790958	44.8044831	-106.9735597
517790394	44.7978281	-106.9749167
517789616	44.7994231	-106.9574597
517665612	44.3548031	-106.6989159
517790127	44.7992331	-106.9551297
517665566	44.3492641	-106.6991619
517789490	44.7975431	-106.9591397
517788757	44.6117831	-106.8584298
517500495	42.8566633	-106.3025302
517789066	44.7886731	-106.9419797
517789855	44.8063531	-106.9645097
517791193	44.8066631	-106.9767097
517788951	44.7889331	-106.9409197
515340908	29.8009648	-95.1173441
517789494	44.7960331	-106.9496697
517789257	44.8017711	-106.9510727
517788998	44.7883231	-106.9447697
517791107	44.8018831	-106.9776497
517790431	44.7947441	-106.9764627
517789878	44.8063231	-106.9606397
517789096	44.7812531	-106.9389597
517789458	44.7986331	-106.9574897
517791052	44.7587031	-107.0862997
517788583	44.7830691	-106.9406007
517501306	42.8494053	-106.3222622
517502640	42.8557033	-106.3325602
517788637	44.8347131	-106.8396397
517789911	44.7913431	-106.9582297
517789226	44.7944781	-106.9558207
517790927	44.7001331	-106.9774197
517501772	42.8484833	-106.3233002
517790871	44.8118531	-106.9827397
517791180	44.6937631	-106.9935697
517789663	44.7976231	-106.9652697
517790800	44.9085431	-107.1644697
517790943	44.7873031	-107.0083897
517788886	44.7676631	-106.9384397
517788774	44.6445831	-106.8201398
517788411	44.5338801	-106.8393368
517667444	44.2767030	-105.4961801
517791129	44.8069331	-106.9789197
517789879	44.8065731	-106.9547997
517789992	44.7067131	-106.9471897
517789550	44.7859531	-106.9591397
517789963	44.7113131	-106.9552197
517790879	44.7105731	-107.1211697
517664905	44.1471702	-106.7167239
517790521	44.8433331	-107.2821096
517790917	44.7905231	-107.0009097
517790824	44.7783531	-107.0171497
517790801	44.9005031	-107.1004997
517790519	44.8666731	-107.2665296
517789862	44.7989331	-106.9562297
517789797	44.7939131	-106.9535897
517789933	44.7671131	-106.9587297
517790963	44.8069931	-106.9690997
517789483	44.7848431	-106.9632697
517789554	44.7889531	-106.9540297
517789157	44.8071231	-106.9446997
517665926	44.3451271	-106.6991989
517664730	44.2924471	-106.7074989
509946384	45.7817731	-108.5059892
517789882	44.8032831	-106.9561697
517789746	44.7974931	-106.9549097
517790992	44.8057531	-106.9747797
517789730	44.7834131	-106.9616297
517788383	44.7285990	-106.1224919
501656118	34.1399651	-117.9995688
517789972	44.7886031	-106.9479697
517790009	44.7984131	-106.9514697
517788948	44.7947631	-106.9434697
517791151	44.7925831	-106.9842697
517788683	44.5687771	-106.9241858
517788885	44.7749531	-106.9432497
517790376	44.7124501	-106.9932367
515414436	29.9988988	-95.3819460
517665864	44.3587491	-106.6734219
517788849	44.8345731	-106.8637497
517791054	44.8055031	-106.9727497
517790863	44.8150231	-106.9839997
517789627	44.8150931	-106.9551297
517789762	44.8221631	-106.9565297
517665770	44.3511241	-106.7003709
517791023	44.7818531	-106.9692597
517790196	44.9033941	-107.0132347
517788400	44.5752141	-106.7132878
517789338	44.7974271	-106.9532157
517789322	44.7981901	-106.9555417
517790504	44.6794331	-106.9894797
515416942	29.9979248	-95.3896540
501654701	34.1318801	-118.0008958
517789472	44.7970031	-106.9541997
517791182	44.8111631	-106.9745497
517790876	44.7010631	-106.9767097
517790838	44.8029131	-106.9727397
517791158	44.7415731	-106.9737797
517665661	44.3556961	-106.6626659
517789789	44.8081831	-106.9552297
517789815	44.8274431	-106.9557197
517789610	44.7233031	-106.9618097
517789249	44.8001161	-106.9558947
517790475	44.8179030	-107.5916764
517788372	44.6939360	-106.0413860
517790771	44.9590231	-107.3305396
517660877	43.6817682	-106.9211759
517789596	44.7915431	-106.9501097
517788634	44.7788631	-106.9340137
517788429	44.5782741	-106.4974579
517790983	44.7925731	-106.9905797
517789788	44.7888731	-106.9519797
517788405	44.5974311	-106.8042908
517789231	44.8135351	-106.9566397
517789533	44.8027931	-106.9606797
517789636	44.7858431	-106.9644497
517789565	44.7894831	-106.9491897
517788578	44.7830691	-106.9406007
517790380	44.8074781	-106.9762557
517665584	44.3457111	-106.6999399
517664845	44.3922451	-106.7093408
517660931	43.7821322	-106.7341169
517788859	44.8897531	-106.8634397
517788403	44.6245651	-106.8020828
517789732	44.7956231	-106.9562597
517789740	44.7223331	-106.9617697
517790044	44.7697531	-106.9569297
517790830	44.6773031	-106.9853497
517790959	44.7828431	-106.9682697
517791127	44.7996931	-106.9761197
509946464	45.7827131	-108.5048292
509947660	45.7828631	-108.5085192
517664830	44.3598951	-106.7266198
517788636	44.7854011	-106.9446357
517790975	44.6937631	-106.9935697
517789749	44.7935331	-106.9505397
517668428	44.2747630	-105.4929401
517789759	44.7931931	-106.9474197
515340011	29.7917948	-95.1221041
517790949	44.7934631	-106.9830697
517667533	44.2755330	-105.5053401
517791143	44.8117731	-106.9781097
517790325	44.9397881	-107.2945756
517788897	44.7734431	-106.9278797
517789622	44.7916531	-106.9575897
517788993	44.7286531	-106.9378097
517791069	44.8014031	-106.9785997
517667488	44.2768030	-105.5075701
517790957	44.7913931	-106.9695397
517788392	44.6551671	-106.8413958
517790426	44.7010361	-106.9802957
517789358	44.7974271	-106.9532157
517790898	44.8126231	-106.9868497
517788855	44.7286331	-106.9403197
517789006	44.7768331	-106.9421797
517665747	44.3455911	-106.6983819
517789068	44.7778831	-106.9402497
517790391	44.6772811	-106.9727077
517790164	44.7938631	-106.9634697
517665801	44.1936721	-106.6269059
517789436	44.8110131	-106.9537597
517789402	44.7899906	-106.9616073
517788666	44.9853931	-106.8375617
511859845	40.8422129	-96.7898228
517790076	44.6830331	-106.9655497
517790836	44.7259631	-106.9702497
517788866	44.7726031	-106.9309097
517788656	44.7751511	-106.9418507
517789213	44.7981991	-106.9563257
517789951	44.7558431	-106.9662997
517791098	44.8150231	-106.9839997
517788955	44.7742231	-106.9390297
517791161	44.8008831	-106.9831297
517788982	44.7790131	-106.9350897
517502718	42.8557633	-106.3265302
517788650	44.7839271	-106.9422937
517790029	44.8130431	-106.9537197
517789679	44.7970031	-106.9538097
517790180	44.7558131	-106.9492597
517665713	44.3495881	-106.6991529
517789867	44.7816231	-106.9536597
517665696	44.3488581	-106.6928919
517790399	44.7550241	-107.0957217
517788595	44.7838021	-106.9461457
517790797	44.9086231	-107.1629497
517664717	44.3601901	-106.7033649
517789781	44.8116331	-106.9551697
517791003	44.8107331	-106.9726397
517355414	40.7649640	-111.9025463
517791089	44.6932631	-107.0792497
517790802	44.8717031	-107.1594897
517789919	44.7965931	-106.9562497
517664387	44.5180733	-109.0432293
517789031	44.7764631	-106.9384497
517788906	44.7040831	-106.9418497
517789943	44.7957431	-106.9610897
517788971	44.7921731	-106.9434597
517790822	44.8142331	-106.9750197
517791146	44.7207531	-106.9906597
517789922	44.7969331	-106.9549397
517789411	44.7903231	-106.9609697
517789715	44.7892831	-106.9593997
517788978	44.6531231	-106.9442197
517789359	44.7967581	-106.9559547
517790940	44.8132431	-106.9847597
517789975	44.7974931	-106.9549097
517789463	44.8071331	-106.9538697
517788950	44.8066731	-106.9403397
517789774	44.8086931	-106.9488097
517790366	44.7742161	-106.9692927
517665582	44.3434851	-106.6973139
517791011	44.8063631	-106.9682797
517789471	44.8009931	-106.9541397
517790417	44.8187811	-106.9761847
517791068	44.7687431	-107.0545597
517665630	44.3474831	-106.6988509
517356008	40.7618540	-111.9029793
517789495	44.7761331	-106.9554097
517790788	44.9099231	-107.1711597
517788662	44.7887961	-106.9411737
517788380	44.5686261	-106.1004840
517664633	44.3465071	-106.7057339
517790955	44.8006231	-106.9831297
517788776	44.6259731	-106.8100898
517790108	44.7978831	-106.9554297
517789993	44.7979231	-106.9594597
517789499	44.7961431	-106.9617797
517790395	44.7059701	-107.1665257
517790356	44.7861791	-106.9829477
517790500	44.6747431	-106.9993597
517789754	44.8096031	-106.9551997
517790122	44.7885231	-106.9563197
517788406	44.5405421	-106.8661688
517789958	44.7961131	-106.9547797
517665895	44.3409251	-106.6928049
517789371	44.7766041	-106.9571457
517790153	44.8195231	-106.9545597
517788958	44.7951531	-106.9434097
517788962	44.8003031	-106.9280697
517789147	44.7668331	-106.9353997
517789376	44.8025431	-106.9585577
517790457	44.6806095	-106.9916748
517789548	44.8063131	-106.9538997
517789261	44.8049881	-106.9592097
517789649	44.7978331	-106.9529197
517502203	42.8517733	-106.3199002
517790057	44.8143731	-106.9559897
517790367	44.7658681	-107.0541047
517788945	44.7768331	-106.9421797
517789054	44.7677631	-106.9411397
517789619	44.8229331	-106.9569697
517790198	44.6389921	-107.0668157
517660956	43.8086382	-106.7599919
517666730	44.2710490	-105.4941271
517790454	44.6806095	-106.9916748
517789367	44.7735691	-106.9683167
517789372	44.7331241	-106.9626347
517789469	44.8041631	-106.9561597
517788675	44.7751511	-106.9418507
517791147	44.7962131	-106.9690597
517788651	44.7855181	-106.9191897
517501351	42.8494053	-106.3222622
517501328	42.8490103	-106.3252332
517791166	44.7513831	-106.9891497
517789166	44.7812531	-106.9389597
517789198	44.8067211	-106.9654947
517789812	44.7894931	-106.9474097
517660915	43.6998012	-106.9255749
517789189	44.5760431	-106.8952798
517667275	44.2695230	-105.4976101
517790159	44.7919731	-106.9505097
517665867	44.3448351	-106.6942619
517665726	44.3520111	-106.6990899
517665890	44.3486711	-106.7005419
517791167	44.8027631	-106.9690197
517789122	44.7826231	-106.9405997
517789683	44.7743831	-106.9479197
517790492	44.9008404	-107.1488770
517789521	44.7891031	-106.9486997
517788858	44.7268231	-106.9392097
517788381	44.6172701	-106.1017659
517789860	44.7957631	-106.9625997
517789440	44.7970531	-106.9634797
517789642	44.7830531	-106.9505897
517789808	44.7757331	-106.9651297
517788961	44.8048531	-106.9275897
517665909	44.3557631	-106.6625439
517789861	44.7763231	-106.9548297
517791174	44.7156231	-106.9944897
517789205	44.7954241	-106.9558107
517789857	44.7864131	-106.9634897
517789742	44.7752331	-106.9624097
517788946	44.7819031	-106.9420797
517790882	44.7897131	-107.0009897
517790460	44.6806095	-106.9916748
517664686	44.3352151	-106.7095829
517789343	44.7971891	-106.9517967
515414956	30.0004648	-95.3810840
517788770	44.6448731	-106.8125498
517788710	44.5920930	-106.8580051
517788599	44.7762221	-106.9424077
517790931	44.7596331	-107.0863697
517791150	44.6728831	-106.9781697
517790369	44.7470571	-107.1315517
517790960	44.7043431	-106.9670497
517789058	44.8174431	-106.8965497
517789283	44.8086971	-106.9677797
517664880	44.3482901	-106.7126409
517789158	44.7821031	-106.9402897
517791154	44.7466831	-107.0020597
517789807	44.7890831	-106.9533397
517790110	44.7165231	-106.9608197
517789491	44.7934231	-106.9667897
517789010	44.7676631	-106.9384397
517665792	44.3428911	-106.6944359
517790182	44.7458231	-106.9647897
517665653	44.3560791	-106.6623099
517790006	44.8243531	-106.9552297
517791018	44.8024631	-106.9779597
517791086	44.8083331	-106.9816197
517789049	44.6619531	-106.8822898
517788657	44.8209561	-106.9432357
517790373	44.7724401	-107.0360347
515413967	29.9648248	-95.3651740
517790534	44.8754831	-107.2645796
517790894	44.7894931	-107.0019497
517788607	44.7838021	-106.9461457
517791048	44.8024631	-106.9779597
517790333	44.9070841	-107.1751477
517789347	44.7160341	-106.9651717
517790890	44.6995331	-106.9750297
515414925	29.9705248	-95.3783940
517665576	44.3476921	-106.6867089
517789053	44.8045531	-106.8584797
517790887	44.8122931	-106.9704497
517789725	44.6993231	-106.9653397
517789466	44.8009731	-106.9529497
517791121	44.7781731	-107.0210397
517666031	44.2248351	-105.5532431
517790405	44.8067451	-106.9812047
517790990	44.6848831	-107.0986097
511858995	40.8157329	-96.7596028
517789433	44.7992331	-106.9537697
517789856	44.8140731	-106.9530897
517790136	44.8150931	-106.9551297
517789557	44.8015131	-106.9562097
517789839	44.7863531	-106.9555997
517791016	44.7586431	-107.0820697
517790415	44.8086491	-107.0898087
517790925	44.8182631	-106.9809597
517788914	44.7677331	-106.9435297
517789908	44.8185631	-106.9559297
517790035	44.7753031	-106.9639697
517790213	44.8445511	-107.2580796
517789583	44.7626731	-106.9544897
517790096	44.7989331	-106.9553897
517788747	44.8132929	-106.7732861
517789889	44.8030131	-106.9537197
517788846	44.7940531	-106.9449997
517790176	44.7723431	-106.9659197
517789593	44.7888731	-106.9519797
517791101	44.8150231	-106.9839997
517790347	44.8057961	-106.9729517
517790891	44.6689831	-106.9755897
517791084	44.7934931	-106.9925697
517790502	44.6614031	-107.0137297
517789995	44.7968031	-106.9554697
517789606	44.8045331	-106.9519897
517790174	44.7662331	-106.9619997
517355493	40.7673840	-111.9027053
517788841	44.7778831	-106.9402497
517791138	44.8044931	-106.9836097
517789345	44.7787851	-106.9577047
517788831	44.8064431	-106.9466697
517789801	44.8236831	-106.9577597
517789997	44.8083931	-106.9563897
517665899	44.4697321	-106.6841078
517790456	44.6806095	-106.9916748
517791181	44.7408431	-107.1064297
517789218	44.7970921	-106.9517217
517790209	44.8431191	-107.2574256
517789308	44.7954241	-106.9558107
517789841	44.7961231	-106.9607497
517790166	44.7800531	-106.9609697
517790138	44.8005431	-106.9554597
517788902	44.7988231	-106.9213197
517664875	44.3492741	-106.7140159
517789729	44.7822531	-106.9573297
517789200	44.8240551	-106.9547457
517789682	44.7975031	-106.9562197
517788936	44.7040631	-106.9383897
517789324	44.8125051	-106.9649277
517791024	44.7974231	-106.9774997
517791087	44.8004131	-106.9767297
517790183	44.7931831	-106.9462597
517789067	44.7884331	-106.9416597
517790219	44.8932831	-107.3002456
517788676	44.7890291	-106.9411767
517789512	44.7884531	-106.9606097
517790201	44.6457451	-106.9873507
517789105	44.7764631	-106.9384497
517789986	44.8070931	-106.9551197
517791136	44.7941431	-106.9725497
517790840	44.8150231	-106.9839997
517791160	44.7838331	-107.0049997
517664624	44.3466311	-106.7180449
517790351	44.7633651	-107.1436547
517790866	44.7038731	-106.9768097
517791183	44.7420731	-107.0751397
517789175	44.5773631	-106.9018498
517790013	44.7828431	-106.9602297
501656212	34.1408351	-118.0018288
511858997	40.8157329	-96.7596028
517788718	44.6729014	-106.3645081
517789657	44.7836131	-106.9652697
517789065	44.7821031	-106.9402897
517789023	44.7778831	-106.9402497
517789564	44.8274431	-106.9557197
517789136	44.7866631	-106.9447497
517789317	44.8186141	-106.9554207
517789594	44.7984331	-106.9581497
517789098	44.7039931	-106.9460097
517790953	44.8155631	-106.9783997
517790048	44.7731331	-106.9643597
517790165	44.8029931	-106.9553297
517789417	44.7975331	-106.9583297
517790112	44.7762031	-106.9543697
517789714	44.7969331	-106.9549397
517789470	44.7966031	-106.9554697
517791141	44.6994431	-106.9764797
517668526	44.2709630	-105.4931201
517789007	44.7702531	-106.9442897
517791130	44.7991531	-106.9779797
517789134	44.7898231	-106.9429097
517790221	44.8799291	-107.2614266
517668085	44.2905630	-105.4478902
517790032	44.7920331	-106.9533397
517789915	44.8109831	-106.9581897
517668411	44.2767130	-105.4955001
517788562	44.7731521	-106.9297867
517789771	44.7983431	-106.9554397
517789990	44.8008631	-106.9496897
517789473	44.7724131	-106.9612197
517791168	44.6755331	-106.9762197
517789410	44.7789231	-106.9644697
517790332	44.9075771	-107.1712407
517790865	44.7655331	-107.0696097
517789488	44.7794531	-106.9595797
517788594	44.7772251	-106.9017807
517789432	44.8065431	-106.9621697
517788709	44.7488825	-106.1137666
517789818	44.8032231	-106.9520197
517789688	44.8096531	-106.9655997
511858907	40.8131729	-96.7603528
517789444	44.7975031	-106.9562197
517789522	44.8013031	-106.9553297
517789538	44.7761131	-106.9547597
517789802	44.7975331	-106.9586097
517789556	44.8030431	-106.9566997
517790772	44.9496231	-107.2991196
517790536	44.8728131	-107.2548596
517789398	44.7899906	-106.9616073
517790794	44.9108331	-107.1589497
517790412	44.8074781	-106.9762557
517788883	44.9048931	-106.8577297
517791170	44.8195731	-106.9699697
517789263	44.8110191	-106.9682967
517789816	44.7498131	-106.9567797
501656405	34.1450551	-117.9989088
517789370	44.8006151	-106.9553397
517790080	44.8126831	-106.9605597
517789093	44.8056531	-106.9280197
517788869	44.7701531	-106.9422697
515413396	29.9517248	-95.3682890
517791000	44.7731231	-107.0675397
517789248	44.7962751	-106.9571747
517668467	44.2778530	-105.4919501
517660832	43.9503992	-106.7379969
517788659	44.7694551	-106.9406217
503586894	64.8095072	-147.8865434
517789969	44.7802531	-106.9615897
517791153	44.7862431	-106.9993897
517665932	44.3476401	-106.6988899
517789268	44.7887101	-106.9540277
517788843	44.7220531	-106.9444097
517663573	44.5261293	-109.0535463
517789467	44.8007531	-106.9505297
517790005	44.7565431	-106.9639897
517664630	44.3576011	-106.7050539
517665915	44.3500011	-106.6958239
517790187	44.7875531	-106.9458897
517790455	44.6806095	-106.9916748
517790987	44.6751331	-106.9777497
517789604	44.7826031	-106.9678197
517789485	44.7951831	-106.9542397
517788663	44.7737151	-106.9443637
517789782	44.8129331	-106.9566097
517791099	44.8145531	-106.9767497
517789104	44.7681131	-106.9348797
517790184	44.7875531	-106.9458897
517789150	44.7984431	-106.9315897
517788654	44.7858021	-106.9427697
517790178	44.7948131	-106.9479497
517788834	44.7819831	-106.9382597
517789258	44.7998771	-106.9557437
517789962	44.7869831	-106.9509597
517789403	44.7899906	-106.9616073
517789806	44.8002431	-106.9554597
517664707	44.3352501	-106.7094369
517789241	44.7743711	-106.9550597
517503009	42.8495433	-106.3261502
517790444	44.7507071	-107.1044947
517788882	44.7835531	-106.9401597
517789910	44.8243531	-106.9552297
517790326	44.9665331	-107.4648606
517789368	44.7973121	-106.9580807
517791044	44.8066631	-106.9767097
517789704	44.7732531	-106.9583697
517789923	44.7956631	-106.9511797
517788758	44.6259731	-106.8100898
517664017	44.5230333	-109.0452993
517790161	44.7969331	-106.9549397
517789420	44.7975531	-106.9599497
517789073	44.7768331	-106.9421797
517664636	44.3465521	-106.7117799
517788750	44.8132929	-106.7732861
509947395	45.7834931	-108.5122492
517789876	44.7969331	-106.9549397
517790439	44.7995241	-106.9742917
517665885	44.3519901	-106.7020199
517790443	44.8133241	-106.9731697
517788871	44.7793631	-106.9466297
517789748	44.7887231	-106.9469597
517789527	44.8005531	-106.9561997
517789733	44.7770331	-106.9541697
517665690	44.3491531	-106.7003959
517789987	44.7767331	-106.9550397
517789676	44.8142831	-106.9536997
517788853	44.7860731	-106.9437997
517789830	44.7890931	-106.9517697
517664670	44.3419911	-106.7501578
517660934	43.7047682	-106.2980391
517789909	44.7743631	-106.9632097
517789518	44.7965731	-106.9520097
515415878	29.9948448	-95.3878940
517790413	44.8068371	-106.9837097
517665781	44.3485211	-106.6991789
517789267	44.7984461	-106.9559267
517789240	44.7981071	-106.9584867
517789656	44.7930531	-106.9619697
517789041	44.7305331	-106.9079497
517789294	44.7741211	-106.9484477
517790779	44.9111431	-107.1656697
517664764	44.4545181	-106.8877288
517789697	44.7812431	-106.9644697
517788937	44.7812531	-106.9389597
517788985	44.7819831	-106.9382597
517788848	44.6749631	-106.9127498
517664657	44.3495481	-106.7050669
517790115	44.7229031	-106.9635297
517789186	44.5750931	-106.8982598
517789330	44.7982001	-106.9564207
515414353	29.9547238	-95.3708820
517664753	44.1947662	-106.7335259
517789386	44.7835231	-106.9482297
517790099	44.7970231	-106.9594297
517789509	44.8074331	-106.9530297
517667352	44.2699430	-105.5050901
517789648	44.7803231	-106.9560497
517789342	44.8032341	-106.9502927
517789794	44.7978331	-106.9529197
517788589	44.7751131	-106.9425737
517788929	44.7727831	-106.9441397
517789090	44.7988231	-106.9213197
517665862	44.3482621	-106.6992179
517788976	44.6302131	-106.8831398
517790040	44.8027931	-106.9606797
517791185	44.7002031	-106.9763197
517790981	44.8018831	-106.9774597
517789457	44.7849431	-106.9474897
517789999	44.8003931	-106.9529597
517790864	44.7776431	-106.9732697
517788608	44.8554551	-106.8701677
517789644	44.7956231	-106.9549597
517664787	44.3637131	-106.7105988
515340950	29.7817848	-95.1182841
517664862	44.3453431	-106.7210769
517790422	44.8074241	-106.9745657
517789721	44.8150931	-106.9551297
517789282	44.7973121	-106.9580807
517791079	44.8106531	-106.9684497
517788635	44.8099441	-106.9424767
517791137	44.7934131	-106.9674297
517789662	44.7984131	-106.9541797
517790825	44.8170431	-106.9742997
517790538	44.8769531	-107.2660896
517788910	44.9504931	-106.9368197
517789060	44.7703731	-106.9175697
517788385	44.6104341	-106.0969190
517789063	44.7230631	-106.9419597
517790339	44.9042711	-107.0381817
517665836	44.3541431	-106.6747059
517790358	44.8240311	-107.0574677
517790119	44.7471831	-106.9600597
517789425	44.8008431	-106.9562197
517791075	44.8085231	-106.9896897
517789569	44.7759731	-106.9569697
517788674	44.8048071	-106.9354167
517791012	44.8028831	-106.9711697
517791157	44.8072331	-107.0049797
517665806	44.3376621	-106.6347759
517790111	44.7956731	-106.9599697
517353366	40.7692010	-111.8997123
517665925	44.3556961	-106.6626659
517789223	44.8194531	-106.9635577
517790069	44.7848331	-106.9470697
517501728	42.8562633	-106.3156402
517789780	44.7767331	-106.9550397
517791007	44.7971731	-106.9811897
517789921	44.8166231	-106.9559597
517665861	44.3622191	-106.6972459
517790086	44.7880531	-106.9462797
517790926	44.7888131	-106.9833797
517790765	44.9350731	-107.4493996
517789274	44.7766241	-106.9558547
517789481	44.8213631	-106.9628697
517664883	44.3639671	-106.8117378
517788764	44.6541331	-106.8321898
517790476	44.8179030	-107.5916764
517789357	44.7996821	-106.9557467
517789896	44.7863531	-106.9542397
517790459	44.6806095	-106.9916748
517788597	44.7735661	-106.9378437
517660897	43.8648412	-106.8420439
517788767	44.6124131	-106.8657198
517789251	44.7974271	-106.9532157
517791049	44.7567331	-106.9918497
517790386	44.8057961	-106.9729517
517664622	44.3493831	-106.7138309
517790833	44.7541631	-106.9867397
517790008	44.7894931	-106.9474097
503586954	64.8265982	-147.8560250
517790365	44.9859141	-107.0772277
517791046	44.7449031	-106.9955297
517790929	44.7139531	-106.9944197
517789826	44.7125231	-106.9521797
517789832	44.7948031	-106.9593697
517788616	44.7839271	-106.9423477
517789696	44.7986131	-106.9632597
517788908	44.7259731	-106.9456397
517791178	44.7700831	-107.0568397
517789015	44.8129631	-106.7734598
517789817	44.8168631	-106.9559597
517790479	44.8179030	-107.5916764
517789917	44.7978631	-106.9617897
517664703	44.3236881	-106.7285389
517789872	44.7975031	-106.9562197
517790355	44.7932661	-107.0143467
517790354	44.7729321	-106.9693077
517501261	42.8465303	-106.3250922
517789968	44.7298831	-106.9631397
517789447	44.7957631	-106.9562597
517789004	44.7947831	-106.9428997
517789456	44.7511831	-106.9490697
517789500	44.7429731	-106.9500197
517789013	44.8118731	-106.9442997
517664881	44.4447091	-106.7764998
515341918	29.8051148	-95.1123641
517789757	44.8014031	-106.9489197
517790486	44.9896610	-107.4065444
517789056	44.7923731	-106.9434697
517664738	44.3496931	-106.7056029
517791095	44.7568731	-106.9672397
517665637	44.3520111	-106.6990899
517789009	44.7806231	-106.9418297
517788933	44.7730331	-106.9399597
517789920	44.8220431	-106.9640497
517789061	44.7706931	-106.9379997
517790924	44.7976031	-106.9676597
517789535	44.7320931	-106.9474297
517789613	44.7970931	-106.9554597
517791104	44.7681631	-107.0555297
517790520	44.8740731	-107.2647696
517789890	44.7951831	-106.9542397
517788892	44.7730431	-106.9450597
517789529	44.7979231	-106.9588197
517789785	44.7888431	-106.9556297
517790977	44.7438531	-107.0801897
517789846	44.7969331	-106.9549397
517664627	44.3436611	-106.7234138
517789567	44.8000231	-106.9554697
517790785	44.9065931	-107.1712097
517664650	44.3603041	-106.7065629
517790976	44.7516031	-107.0879897
517665827	44.2588021	-106.5893179
517790030	44.7894931	-106.9474097
517790774	44.9860031	-107.4385096
517789925	44.7966731	-106.9554597
517788787	44.6137631	-106.3824899
517667448	44.2698730	-105.4957601
517790862	44.8054531	-106.9692097
517789905	44.8074431	-106.9560897
517790850	44.7859431	-106.9852397
517789572	44.8032531	-106.9567897
517791060	44.8070431	-106.9831797
517789578	44.8112431	-106.9630297
517791126	44.8150231	-106.9839997
517789270	44.7981071	-106.9584627
517789763	44.8077131	-106.9560897
509947383	45.7934431	-108.5192292
517791034	44.7945131	-106.9860797
517789510	44.7747731	-106.9479197
517788875	44.7881031	-106.9433197
517789974	44.7975031	-106.9562197
517791031	44.8039931	-106.9856197
517664740	44.3955771	-106.7802488
517789025	44.6889431	-106.8446598
517791191	44.6728831	-106.9781697
517788779	44.6489231	-106.8230898
517789877	44.8282831	-106.9568897
517664705	44.3495481	-106.7050669
517501482	42.8525533	-106.3121002
517789042	44.8080631	-106.9401797
517789752	44.8086931	-106.9488097
517788720	44.6729014	-106.3645081
517789449	44.7929131	-106.9581197
515345734	29.7960788	-95.0924301
517790888	44.8077831	-106.9891197
517788653	44.7728121	-106.9283797
517790435	44.7880561	-106.9884567
517789641	44.8045331	-106.9519897
517789692	44.8050631	-106.9507997
517504292	42.8816323	-106.4407421
517789069	44.7690231	-106.9348697
517789020	44.7833831	-106.9450797
517789291	44.7854321	-106.9483457
517660889	43.7096842	-106.6398680
517789702	44.7957631	-106.9633597
517660869	43.7330542	-106.5158220
517790844	44.7919931	-106.9904297
517788763	44.6168131	-106.8560798
517790092	44.8056131	-106.9552797
517790188	44.7974931	-106.9549097
517789979	44.7475931	-106.9647897
517789886	44.7975631	-106.9620397
517788567	44.7851611	-106.9447117
517664857	44.1905952	-106.7969689
517789544	44.8071431	-106.9547897
517791041	44.7009231	-106.9758497
517789305	44.7952231	-106.9559657
517790191	44.7257931	-106.9556097
515416428	30.0237028	-95.3915610
517789575	44.7805531	-106.9602097
517789932	44.7799331	-106.9588197
517790043	44.8140331	-106.9551297
517790868	44.7879031	-106.9972797
517789906	44.7746531	-106.9582397
517791082	44.7937831	-106.9853397
517501377	42.8492563	-106.3250842
517789409	44.7125231	-106.9651597
517667408	44.2794230	-105.5077201
517668235	44.2768230	-105.4931601
517665616	44.3645541	-106.6978449
517788642	44.8040001	-106.9448797
517790819	44.7417531	-106.9918897
517789685	44.8044231	-106.9573897
517791125	44.7466131	-106.9869097
517789811	44.7902031	-106.9486897
517790145	44.8065631	-106.9573697
517788577	44.7766591	-106.9339177
517665680	44.3515401	-106.6989459
517789894	44.7838531	-106.9588597
517789492	44.7985231	-106.9554297
517789970	44.7792331	-106.9541297
517789070	44.7836431	-106.9428697
517790027	44.7940431	-106.9537997
517790899	44.7850331	-107.0032697
517667486	44.2695730	-105.4986301
517789859	44.7961731	-106.9599297
517790956	44.8123831	-106.9739497
517790223	44.8799291	-107.2614266
517789196	44.8135351	-106.9566397
517789677	44.7969531	-106.9529497
517788922	44.8235231	-106.8781497
517788780	44.6224431	-106.8443698
517790002	44.6982431	-106.9645097
517789427	44.7135031	-106.9514897
515413966	29.9645948	-95.3645840
517789285	44.8209491	-106.9607757
517789085	44.7030231	-106.9431697
517789844	44.7964831	-106.9555797
517788746	44.8132929	-106.7732861
517789838	44.8167231	-106.9551097
517790163	44.7977331	-106.9562197
517664804	44.3575431	-106.7080109
517791111	44.7474931	-106.9954997
517791162	44.7429931	-107.0801397
517790210	44.8733031	-107.2610336
517789912	44.8265931	-106.9592797
517789482	44.7975831	-106.9554297
517789532	44.7411931	-106.9476897
517790056	44.7206131	-106.9531997
517790982	44.7923431	-106.9688397
517788899	44.7679331	-106.9358497
517791059	44.8116331	-106.9691797
517789591	44.7974531	-106.9515197
517789959	44.8021931	-106.9568897
517788878	44.7740431	-106.9441797
517789418	44.7512331	-106.9479397
517789901	44.7969331	-106.9549397
515414960	29.9926948	-95.3696440
517660941	43.5874792	-106.8861019
517789716	44.7979431	-106.9610197
517789395	44.8182626	-106.9573197
517790442	44.8041751	-106.9707657
517790908	44.7419831	-106.9698797
517789252	44.8057091	-106.9640557
517790537	44.8717131	-107.2563196
517664619	44.2924471	-106.7074989
517789902	44.7512131	-106.9596697
517790782	44.9375231	-107.1439697
517667691	44.2906520	-105.3846132
517789170	44.7720831	-106.9285297
517790186	44.7898131	-106.9547897
517789017	44.7872931	-106.9422497
517788986	44.7778831	-106.9402497
517791072	44.7921031	-106.9674597
517789664	44.8019031	-106.9529397
517789212	44.7986981	-106.9516877
517789955	44.7474431	-106.9612097
517788920	44.7730431	-106.9410397
517788879	44.7045131	-106.9463197
517788647	44.7731581	-106.9427227
517789043	44.7788131	-106.9455997
517668359	44.1098331	-105.4592102
503586774	64.8137093	-147.8787980
517789074	44.7778831	-106.9402497
517790374	44.7995241	-106.9742917
517667489	44.2766030	-105.5045701
517789091	44.7719431	-106.9405097
517789040	44.7727831	-106.9441397
517665711	44.3542871	-106.6899869
517660891	43.8148632	-106.6116780
517788631	44.7884831	-106.9457907
517788401	44.5969681	-106.8045828
517668255	44.2709630	-105.4931201
517788408	44.5335081	-106.8417848
517500469	42.8550233	-106.3085002
517661596	43.7579631	-105.4896402
517790066	44.7879731	-106.9573297
517790072	44.7893131	-106.9573497
517664666	44.3896561	-106.7473088
517789334	44.7954241	-106.9558107
517789549	44.7847731	-106.9540597
517790896	44.8066931	-106.9774397
517668194	44.2775730	-105.4677702
517790098	44.7858531	-106.9633897
517789314	44.9589521	-106.9601217
517789326	44.7605611	-106.9615837
517790194	44.8102231	-106.9580897
517790945	44.8034731	-106.9760297
517788872	44.9216931	-106.8418897
517660950	43.7066952	-106.6390970
517501948	42.8489333	-106.3246702
517664751	44.1583262	-106.9095338
517791094	44.6937631	-106.9935697
517789873	44.8185131	-106.9662697
517790430	44.7975921	-106.9911697
517788600	44.7904661	-106.9398727
517790420	44.7554661	-106.9870537
517789160	44.7784731	-106.9326997
517789211	44.8275171	-106.9583987
517790851	44.8147631	-106.9767097
517789167	44.7887331	-106.9416597
517502961	42.8482833	-106.3284802
517790780	44.9086631	-107.1693597
517789310	44.7954241	-106.9558107
517791045	44.7915931	-107.0102697
517789777	44.7242031	-106.9650597
517788565	44.7962091	-106.9273607
517665665	44.3305351	-106.5892159
517791139	44.7952731	-106.9684497
517790895	44.8072131	-107.0018997
517789318	44.7736021	-106.9683547
517789542	44.7841031	-106.9582397
517789162	44.7770731	-106.9450397
517791035	44.7898731	-107.0041297
517790858	44.8035631	-106.9843297
517789476	44.7984731	-106.9529197
517789625	44.7722931	-106.9637397
517790477	44.8179030	-107.5916764
517789587	44.8050931	-106.9547197
517790041	44.7794031	-106.9629697
517792348	44.5329733	-109.0220993
517789820	44.8240531	-106.9567197
517789687	44.7951731	-106.9497197
517790947	44.7729631	-107.0544197
511859927	40.8151629	-96.7931128
517790795	44.9054431	-107.1663297
517789852	44.8074431	-106.9560897
503587505	64.8335582	-147.8468350
517788915	44.7819831	-106.9382597
517788681	44.5779881	-106.9054968
517790021	44.7752131	-106.9486497
517665751	44.3541431	-106.6747059
517790103	44.7752331	-106.9624097
509947559	45.7922131	-108.5186392
517790948	44.7494931	-107.0974897
517667683	44.2767440	-105.4883391
517790777	44.9011531	-107.1773697
517789219	44.7734211	-106.9683697
517788423	44.6417971	-106.7780148
517790524	44.8717631	-107.2684496
517789947	44.7961631	-106.9642197
517790451	44.6806095	-106.9916748
517790126	44.7987031	-106.9548997
517791092	44.7909231	-106.9703297
517791145	44.8141731	-106.9686797
517788928	44.6522331	-106.9361097
517788568	44.7857111	-106.9441987
517789607	44.8122631	-106.9679197
517788760	44.6127431	-106.8061698
517789541	44.7779031	-106.9566697
517789188	44.5768531	-106.9104098
517791027	44.8048731	-106.9708997
517791149	44.8083331	-106.9816197
517791195	44.8056431	-107.1800297
517788792	44.6417831	-106.3796099
517789224	44.8040911	-106.9532837
515415458	30.0228288	-95.3895490
517789681	44.8009031	-106.9523997
517789560	44.8018831	-106.9599597
517790437	44.8271371	-106.9863887
517790939	44.7941431	-106.9721397
517790061	44.7893231	-106.9585597
517788422	44.5632141	-106.3474829
517790971	44.8145631	-106.9760097
517789551	44.8034531	-106.9561697
517665580	44.3483131	-106.6991819
517791100	44.8050731	-106.9835997
517790979	44.7966931	-106.9787597
517353909	40.7708140	-111.9000193
517667271	44.2749730	-105.4993101
517788956	44.8048531	-106.9275897
517789941	44.8109531	-106.9551797
517788969	44.7832931	-106.9413197
517788893	44.7764931	-106.9331997
517790336	44.8894961	-107.2101906
517789723	44.7584731	-106.9667097
517789611	44.8031031	-106.9496897
517790117	44.8065631	-106.9573697
517501618	42.8531133	-106.3234702
517788579	44.6298391	-106.8848878
517789101	44.7875531	-106.9458897
517791030	44.8126931	-106.9758897
517788371	44.8471390	-106.0813859
517789084	44.7210731	-106.9445397
517789215	44.8024211	-106.9595147
517790495	44.5951389	-107.1707150
509946903	45.7827231	-108.5079292
517789497	44.7980031	-106.9562197
517789242	44.8038181	-106.9590657
517660887	43.8646212	-106.8417499
517789511	44.6486631	-106.9482397
517789088	44.7728231	-106.9461597
517665615	44.3385571	-106.7016309
517789184	44.5784331	-106.8875898
517790988	44.7948231	-106.9808697
517789505	44.7806331	-106.9568497
517789634	44.8128331	-106.9599497
517789381	44.7995841	-106.9542607
517788942	44.7768331	-106.9421797
517790134	44.8064231	-106.9552597
517791188	44.8044831	-106.9738997
517788752	44.6535830	-106.1307299
517665698	44.2337321	-106.6991729
517788759	44.5874831	-106.6723798
517789037	44.7843131	-106.9404297
517789977	44.7941531	-106.9622297
517789113	44.7676631	-106.9384397
517791115	44.8069931	-106.9694897
517789609	44.7834831	-106.9596097
517660968	43.7011102	-106.5421730
517790388	44.7978451	-106.9744147
517789486	44.7707631	-106.9629897
517790508	44.6823431	-106.9920697
517788641	44.7719271	-106.9430187
517789002	44.7741431	-106.9417397
517789764	44.8138031	-106.9546697
517788719	44.6729014	-106.3645081
517790015	44.7961731	-106.9599297
517788673	44.7118491	-106.7842298
517790109	44.7994231	-106.9574597
517789152	44.7740431	-106.9441797
517788768	44.6251631	-106.8416598
517790786	44.9066431	-107.1676397
517789946	44.7965931	-106.9562497
517789584	44.7920631	-106.9522497
517790532	44.8766631	-107.2631096
517789573	44.8269231	-106.9596997
517789883	44.7951831	-106.9542397
517789751	44.8004931	-106.9561997
517788664	44.9564321	-106.7170077
517789513	44.8095931	-106.9511397
517789853	44.7979131	-106.9583497
517789028	44.7703631	-106.9352597
517501674	42.8544133	-106.3118102
517790965	44.7632331	-107.0831697
517790398	44.7670041	-107.0596627
517789412	44.7916531	-106.9492497
517790918	44.7986031	-106.9783297
517666794	44.2422244	-105.5114361
517789825	44.7933531	-106.9514297
501657362	34.1366751	-117.9878788
517790496	44.5951389	-107.1707150
517789379	44.7980751	-106.9552087
517790527	44.8708731	-107.2594396
517789768	44.7983831	-106.9548097
517789385	44.7984801	-106.9570257
517665597	44.3447371	-106.6944179
517789119	44.7916631	-106.9448197
517790425	44.6991301	-107.0841257
517789579	44.8013031	-106.9588897
517790905	44.7238731	-106.9738997
517792372	44.5338633	-109.0257493
517791062	44.7972631	-106.9785297
517788919	44.7778831	-106.9402497
517668239	44.2804330	-105.4741602
517789654	44.7749131	-106.9639197
517789707	44.7957631	-106.9636497
515416901	29.9910448	-95.3931340
517789614	44.7978331	-106.9513697
517665967	44.3494561	-106.6990039
517790129	44.8220331	-106.9549297
517791039	44.7435931	-106.9706897
517789027	44.7102131	-106.8675398
517789736	44.7782731	-106.9638097
517664685	44.4256931	-106.7666358
517788602	44.7544671	-106.8950707
517789177	44.5758031	-106.8771798
517664904	44.3466221	-106.7161939
517665960	44.4619551	-106.6925838
517789100	44.7811931	-106.9439297
517788707	44.7488825	-106.1137666
517790049	44.7969331	-106.9549397
515416896	29.9995948	-95.3903740
517788588	44.7858191	-106.9427787
517790418	44.8042911	-106.9850347
517789526	44.7970031	-106.9535697
517788895	44.7764631	-106.9384497
517789320	44.7981901	-106.9555417
517789899	44.7925031	-106.9540197
517664671	44.3454841	-106.7211029
517789935	44.8180331	-106.9559297
517788911	44.7668931	-106.9426397
517790857	44.7894931	-107.0019497
517789810	44.7853431	-106.9584097
517664892	44.3603041	-106.7065629
517788912	44.9432531	-106.9347197
517788581	44.7884661	-106.9457687
517789131	44.7764631	-106.9384497
517789083	44.7874631	-106.9437297
517790489	44.9008404	-107.1488770
515413595	29.9555248	-95.3608540
517791057	44.7982231	-106.9905697
515344012	29.7901648	-95.1036841
517789837	44.7975331	-106.9583297
517789765	44.7758431	-106.9472197
517790123	44.7732531	-106.9639297
517790474	44.8179030	-107.5916764
517789516	44.7961631	-106.9554797
517790419	44.6958031	-106.9878807
517665704	44.3488721	-106.6983879
517790855	44.7965431	-106.9758697
517790362	44.6772811	-106.9727077
517667838	44.2851830	-105.4782602
517666802	44.2422244	-105.5114361
517790967	44.7639931	-107.0766097
517790799	44.9070531	-107.1706397
517788988	44.7235731	-106.9410197
517789129	44.7902431	-106.9429097
517790330	44.9059971	-107.1747317
517790886	44.8068831	-106.9697697
511859884	40.8420229	-96.7916328
517789984	44.6969031	-106.9589397
517788633	44.8049701	-106.9393567
517789703	44.7863731	-106.9504897
517789035	44.7764431	-106.9447097
517791122	44.8070931	-106.9826597
517788427	44.6351841	-106.3844709
517660881	43.7109462	-106.6392040
517790511	44.6814531	-106.9920497
517789362	44.8130291	-106.9569357
517790204	44.6389921	-107.0668157
517789585	44.8115031	-106.9560197
517504796	42.8582533	-106.4525401
517790823	44.6845931	-107.0046397
517789586	44.7995431	-106.9562197
517788938	44.8081431	-106.9432797
517790919	44.7310831	-106.9733097
509946218	45.7834931	-108.5004892
517790970	44.7165031	-107.1362197
517791005	44.8055031	-106.9727497
517789407	44.7978831	-106.9554297
517665220	44.3424464	-106.7061081
517788973	44.7797031	-106.9466297
517501422	42.8453333	-106.3255502
517789079	44.8340831	-106.8419597
517790995	44.8116331	-106.9749897
517788844	44.7818431	-106.9434697
517790172	44.7999131	-106.9529697
517788754	44.8691730	-106.0718099
517789468	44.7994231	-106.9562197
517665919	44.3468411	-106.6988489
517790074	44.7752331	-106.9624097
517788618	44.7838021	-106.9461457
517789693	44.8003931	-106.9529597
517790375	44.6978831	-106.9830707
517790055	44.7988231	-106.9586797
517789520	44.8091631	-106.9489497
517790020	44.7974931	-106.9549097
517789430	44.7966631	-106.9562497
517664841	44.3401121	-106.7063069
517790034	44.7901131	-106.9509097
517791093	44.7904731	-107.0081597
517789434	44.7957631	-106.9633597
517665834	44.3602781	-106.6956579
517502705	42.8495433	-106.3261502
517790867	44.7973031	-107.1005097
517790150	44.7397631	-106.9458697
517789783	44.6966031	-106.9605997
517789077	44.7703531	-106.9248397
517665610	44.3560791	-106.6623099
517789936	44.8064231	-106.9552597
517667668	44.2726360	-105.4935271
517790884	44.8019431	-106.9861897
517790025	44.7923831	-106.9513597
517668541	44.2718230	-105.4921601
517664711	44.1014902	-106.7828219
517788778	44.6250431	-106.8261298
517788387	44.6935320	-106.0277520
517790094	44.7908931	-106.9502097
517667540	44.2768030	-105.5075701
517789888	44.8209531	-106.9558197
517789545	44.8054131	-106.9552797
517790010	44.8096531	-106.9535897
517790323	44.9235891	-107.1981896
517790104	44.7909831	-106.9555697
517664824	44.3456121	-106.7061149
517667396	44.2712030	-105.4942901
517789168	44.7759031	-106.9430297
517790379	44.8004671	-106.9828697
517790878	44.8203831	-106.9809197
517790007	44.8126831	-106.9559997
517788603	44.7891751	-106.9411787
517789659	44.8127131	-106.9551497
517791056	44.7641131	-107.0653097
517789924	44.7288231	-106.9533597
517790911	44.7684631	-107.0620197
517789903	44.8050731	-106.9529597
517789400	44.7899906	-106.9616073
517790914	44.8036231	-106.9856297
517788905	44.7759031	-106.9430297
517789835	44.7994931	-106.9562197
517789438	44.8056131	-106.9552797
517790371	44.7658801	-107.0538367
517790091	44.7987031	-106.9548997
517790787	44.9094331	-107.1671897
517501884	42.8504533	-106.3204902
517791175	44.8003831	-106.9743997
517789895	44.7521231	-106.9595497
517790152	44.7948331	-106.9609297
517788668	44.7702191	-106.9182557
517791186	44.8228931	-106.9698497
503587546	64.8073383	-147.9033150
517790458	44.6806095	-106.9916748
517664818	44.3598951	-106.7266198
517790845	44.7823231	-106.9689197
517790000	44.8201431	-106.9571497
517791187	44.8156131	-106.9699297
517789092	44.7770731	-106.9464197
517790113	44.7347531	-106.9478297
517789612	44.7969631	-106.9562397
517789221	44.7995931	-106.9555197
517665935	44.3541171	-106.6789249
517790775	44.9788131	-107.4422896
517665750	44.3448131	-106.6995149
517789102	44.7727831	-106.9441397
517789744	44.8044231	-106.9573897
517789918	44.8206131	-106.9606397
517665699	44.3515401	-106.6989459
517789537	44.7975031	-106.9562197
517661495	43.7568281	-105.4892972
517789976	44.7827631	-106.9623897
517790105	44.7987031	-106.9548997
517788838	44.8075531	-106.9454797
517788856	44.7824631	-106.9420797
517789592	44.7970531	-106.9634797
517789094	44.8075531	-106.9445097
517789462	44.7505231	-106.9477797
517789891	44.7984531	-106.9607297
517789799	44.7912731	-106.9533297
517789269	44.7835321	-106.9482297
517790853	44.8070931	-106.9826597
517789493	44.7411931	-106.9476897
517790222	44.9039801	-107.2889366
517790528	44.8745731	-107.2621096
517790381	44.8074781	-106.9762557
517790793	44.9082231	-107.1711397
517789143	44.8145931	-106.8953497
517788646	44.6793181	-106.9165817
517790144	44.8358831	-106.9639597
517788611	44.7844681	-106.9424417
517790142	44.8033831	-106.9574197
517788632	44.7731521	-106.9297867
517790930	44.7445131	-106.9870797
517502434	42.8515033	-106.3271302
517788402	44.5761001	-106.7102988
517790827	44.7783531	-107.0171497
517790042	44.7792931	-106.9474197
517789793	44.7535731	-106.9500397
517665782	44.3495171	-106.6940789
517664840	44.3466221	-106.7166279
517789552	44.7928931	-106.9498397
517664835	44.3614571	-106.7247958
517791120	44.7991831	-106.9829097
517788629	44.6954111	-106.8465908
517789875	44.8114231	-106.9546997
517789827	44.7772631	-106.9533897
517789442	44.7853631	-106.9510597
517791017	44.7518131	-106.9914797
517788393	44.6349351	-106.7359708
517789904	44.8106831	-106.9479697
517790003	44.7911331	-106.9533297
517789849	44.8044231	-106.9573897
517789159	44.7986631	-106.9440397
517790065	44.7947331	-106.9619497
517789484	44.7985831	-106.9562297
517790869	44.8126931	-106.9751597
517789478	44.7974931	-106.9549097
517664637	44.3419961	-106.7417948
517789132	44.6522331	-106.9361097
517788864	44.7955031	-106.9283297
517789686	44.8032531	-106.9567897
517665723	44.3501001	-106.7003929
517788717	44.6729014	-106.3645081
517665764	44.3541281	-106.6883769
517790944	44.8103031	-106.9798897
517791109	44.7562131	-106.9673397
517789647	44.8116631	-106.9674197
517789277	44.7944781	-106.9558207
517789229	44.8099271	-106.9501407
517789673	44.8133231	-106.9629897
517664641	44.3439061	-106.7228979
517667573	44.2888090	-105.4757092
517664736	44.3481251	-106.7159709
517788862	44.7778831	-106.9402497
517660849	43.5619201	-105.6810582
517666226	44.2484331	-105.6650001
517665214	44.3417830	-106.7431800
517789197	44.7991681	-106.9557557
517789044	44.7689231	-106.9422097
517788983	44.7397631	-106.9458697
517788655	44.7751131	-106.9425737
517789813	44.7787631	-106.9595697
517502096	42.8538733	-106.3160402
517791112	44.8151431	-106.9789297
517791020	44.8055431	-106.9674897
517788949	44.7752631	-106.9414797
517788394	44.5791011	-106.6586418
517789795	44.7928931	-106.9568497
517790766	44.9416531	-107.3000596
517789626	44.8052331	-106.9596297
517789071	44.7875531	-106.9458897
517788990	44.7712231	-106.9424197
517788620	44.8051061	-106.9391907
517790776	44.8946131	-107.1728897
517790169	44.7475031	-106.9576397
517788679	44.5787411	-106.8827598
517790790	44.9043931	-107.2007196
517789128	44.7316131	-106.9391297
517789228	44.7981271	-106.9616477
517502643	42.8443533	-106.3269702
517790349	44.7004481	-106.9783797
517791110	44.7930831	-106.9916997
517791019	44.7930531	-106.9833097
517791055	44.7131231	-106.9693697
517790167	44.7797031	-106.9466297
517790873	44.8155831	-106.9736997
517789966	44.7777431	-106.9482997
517790892	44.8077831	-106.9891197
517789295	44.8056941	-106.9515707
517788712	44.5920930	-106.8580051
517789869	44.7364231	-106.9641397
517665976	44.3436141	-106.6927819
517668256	44.2682730	-105.4897602
517790093	44.8251131	-106.9589697
517788574	44.7643261	-106.9447447
517790018	44.8002431	-106.9554597
517790424	44.7728631	-106.9692257
517790861	44.8077631	-107.0086997
515342759	29.8745428	-95.1069361
517789388	44.7922161	-106.9505727
517789164	44.7764631	-106.9384497
517664612	44.3361211	-106.7066989
517789016	44.7759031	-106.9430297
517790487	44.9896610	-107.4065444
517668459	44.2697030	-105.4317302
517788626	44.7769681	-106.8334218
517664721	44.3467161	-106.7143629
517789464	44.7958531	-106.9562597
509947690	45.7896931	-108.5132392
517790131	44.7986231	-106.9479897
517790062	44.7920931	-106.9555497
517790856	44.7887731	-106.9770197
517501439	42.8524933	-106.3255202
517789443	44.8003531	-106.9554597
517791002	44.7421831	-106.9845997
517789279	44.7984251	-106.9557727
515414929	29.9948948	-95.3709540
517789871	44.7960331	-106.9494997
517664859	44.3802291	-106.8210688
517501544	42.8473833	-106.3255902
517789964	44.7208831	-106.9634197
517791088	44.7229431	-106.9920797
517790792	44.9032831	-107.1801397
517789761	44.7987131	-106.9562297
517665617	44.3485211	-106.6991789
517789297	44.8041501	-106.9532827
517789842	44.7945831	-106.9652097
517791124	44.7044731	-106.9725297
501344550	33.9870042	-118.3897308
517789414	44.7991131	-106.9562197
517789112	44.7701431	-106.9410897
517788572	44.6417311	-106.8890548
517665940	44.3492851	-106.6991619
517789735	44.8180531	-106.9542497
517790974	44.7588131	-107.0752097
517789530	44.8014531	-106.9562097
517789337	44.7974271	-106.9532157
511858942	40.8200829	-96.7600928
517788391	44.5898321	-106.8533608
517504540	42.8783143	-106.4320301
517789949	44.7984831	-106.9562397
517791105	44.7961531	-107.1453797
517789076	44.7727831	-106.9441397
517789866	44.8042231	-106.9547297
517789185	44.5834931	-106.9437298
517789363	44.7960711	-106.9500117
517791155	44.7818331	-106.9688897
517788643	44.7788901	-106.9338587
517788782	44.6362031	-106.7945998
517791037	44.7619831	-107.0880397
517790880	44.7466731	-107.0003397
517660896	43.7108042	-106.3440560
517788957	44.7872131	-106.9454597
517789107	44.7668831	-106.9418397
517788775	44.5655331	-106.8819498
517791077	44.7568531	-107.0847797
517790401	44.8030481	-106.9732807
517789182	44.5741031	-106.8935998
517789176	44.5683531	-106.8880898
517789833	44.8008931	-106.9551997
517790054	44.8045831	-106.9567697
517789562	44.8132331	-106.9661797
517790082	44.7952731	-106.9594497
517668457	44.2694430	-105.4945902
517789897	44.7814531	-106.9566097
517790509	44.6805131	-106.9956997
501337837	33.9865452	-118.3846888
517790530	44.8750031	-107.2614296
517789333	44.7918641	-106.9475567
517789580	44.8128831	-106.9618497
517789045	44.7793631	-106.9466297
517790769	44.9776631	-107.4987296
517790991	44.8008931	-106.9786097
517666731	44.2710490	-105.4941271
517789199	44.7997901	-106.9557457
517664714	44.3593531	-106.7083469
517789741	44.8258731	-106.9588797
517501273	42.8573003	-106.3176382
501654693	34.1434011	-118.0031168
517790450	44.7715311	-107.2372257
517789588	44.7948031	-106.9593697
517789982	44.7860231	-106.9522197
517789148	44.7969731	-106.9198197
515414443	29.9958798	-95.3730460
517790036	44.8107831	-106.9545697
517788624	44.8347131	-106.8396397
517789024	44.7740431	-106.9441797
517665900	44.3541281	-106.6888679
517788783	44.6124131	-106.8657198
517791113	44.7931631	-106.9823997
517790505	44.6810731	-106.9887997
517789475	44.8251131	-106.9589697
517788584	44.7868921	-106.9436037
517790872	44.7145731	-106.9720497
517789661	44.7996431	-106.9583497
517790427	44.7978591	-106.9756347
517791133	44.7618231	-107.0861697
517791058	44.7944631	-106.9850697
517789547	44.7994231	-106.9574597
517790533	44.8716231	-107.2692396
517789406	44.7937231	-106.9519897
517664833	44.3241571	-106.7287619
517790088	44.7957231	-106.9594897
517789887	44.8032031	-106.9660597
517789643	44.7792431	-106.9595797
517664653	44.3400191	-106.7474408
517668498	44.2781730	-105.4900401
517502488	42.8527633	-106.3275602
517789138	44.7848431	-106.9430297
517789800	44.8055531	-106.9536097
517790835	44.7985431	-106.9725897
517790014	44.8013831	-106.9529397
517664719	44.3394851	-106.7409788
517789615	44.7996431	-106.9583497
517788889	44.8095831	-106.9466697
517791015	44.8024131	-106.9744397
517789728	44.8176331	-106.9596597
517789961	44.8200831	-106.9588897
517790834	44.8028131	-106.9720797
517665613	44.3542251	-106.6781599
517789653	44.7946431	-106.9533897
517790046	44.6841131	-106.9635997
517791040	44.7673231	-107.0611297
517791114	44.7532531	-107.0917997
517789630	44.8077331	-106.9601097
517789750	44.7535631	-106.9506797
517789029	44.7785031	-106.9465797
517789885	44.7975031	-106.9562197
517788566	44.7751511	-106.9418507
517789775	44.8178831	-106.9637697
517789711	44.7974931	-106.9549097
517355433	40.7656100	-111.9041583
517789845	44.7961431	-106.9625997
517788713	44.6275923	-106.8354791
517789298	44.7611911	-106.9610097
517790837	44.7542131	-106.9888497
501656190	34.1391551	-117.9889088
517789254	44.7907251	-106.9484097
517790378	44.8074781	-106.9762557
517789595	44.8150931	-106.9551297
517667702	44.2751640	-105.4895022
517790102	44.8083931	-106.9563897
517789161	44.7782631	-106.9381897
517789377	44.7959201	-106.9559657
517789171	44.5717631	-106.9036998
517665651	44.3527041	-106.6894089
501336624	33.9868052	-118.3830988
517790421	44.7558441	-107.0738957
517790883	44.8003131	-106.9811697
517791006	44.7034031	-106.9778697
517665850	44.3541281	-106.6852099
517788671	44.7906211	-106.9398787
517664779	44.3408721	-106.7059519
517664722	44.3956321	-106.7802438
517790994	44.6928531	-106.9740797
517788954	44.7727431	-106.9379197
517789080	44.8903331	-106.8538597
517664895	44.1501142	-106.7256629
517789140	44.6757631	-106.9345597
517788784	44.5733631	-106.8913698
517788925	44.7701331	-106.9400097
517790491	44.9008404	-107.1488770
517789531	44.8132931	-106.9551397
517789081	44.8060731	-106.9386497
517790037	44.8018431	-106.9529397
517788627	44.7910751	-106.9424677
517790121	44.8050531	-106.9486597
517789452	44.7961731	-106.9599297
517791132	44.6959531	-106.9893697
517790440	44.8073471	-106.9756867
517665979	44.3541431	-106.6747059
517664888	44.3465541	-106.7212598
517791119	44.7329931	-106.9770097
517791103	44.8154031	-106.9736997
517504973	42.8726933	-106.4337601
517791065	44.7039531	-106.9794997
517501236	42.8476103	-106.3266772
517791171	44.7038731	-106.9848597
517790921	44.6766831	-107.0357097
517789142	44.7252931	-106.9446397
517791189	44.7932031	-106.9928597
517789174	44.5717831	-106.9108298
517791042	44.7649531	-107.0853497
517789266	44.7607601	-106.9580747
517789000	44.7833331	-106.9429097
517790996	44.7895331	-106.9744197
517789790	44.7755431	-106.9589197
517789558	44.8243731	-106.9604897
517788989	44.7778831	-106.9402497
517789898	44.7593031	-106.9475897
517789292	44.8135351	-106.9566397
517788876	44.7823331	-106.9412397
517351338	40.7671480	-111.8968073
509823270	44.9936020	-106.1834569
517788830	44.8118731	-106.9442997
517789913	44.7975031	-106.9562197
517789487	44.7975031	-106.9562197
517789232	44.8009551	-106.9657517
517789928	44.7974931	-106.9549097
517792529	44.5312233	-109.0523493
517789460	44.7850431	-106.9486997
517788963	44.7778831	-106.9402497
517791080	44.8150631	-106.9699297
511858493	40.8118929	-96.7566328
517788921	44.7875531	-106.9458897
517788888	44.7867331	-106.9418997
517790175	44.7908931	-106.9502097
517665619	44.3567671	-106.6986269
517788981	44.8846131	-106.8488297
517791184	44.7445131	-106.9870797
517789539	44.7572231	-106.9685897
517790389	44.8073031	-106.9740067
517788733	44.7179113	-106.2684879
517789739	44.7249731	-106.9590797
517355530	40.7615430	-111.9041693
517790348	44.7369171	-107.1043857
517664691	44.3456691	-106.7229908
517788742	44.7773119	-106.9461194
517666342	44.1474031	-105.6515301
517789146	44.7830931	-106.9396497
517790937	44.8154731	-106.9776897
517789864	44.7979131	-106.9583497
517789163	44.7738031	-106.9267897
517667661	44.2904250	-105.3847152
517789078	44.8263031	-106.8862097
517789602	44.7791631	-106.9629697
517790084	44.8194931	-106.9558697
517790423	44.8074241	-106.9745657
517789678	44.7988431	-106.9562297
517788891	44.8066731	-106.9403397
517660957	43.6167052	-106.5520660
517789926	44.7969331	-106.9549397
517789553	44.7992531	-106.9562197
517789247	44.8099271	-106.9501407
517789504	44.8150931	-106.9551297
517791063	44.7838531	-106.9705897
517789713	44.8003131	-106.9574397
517790852	44.7985831	-106.9898697
517789340	44.7990961	-106.9592977
517790416	44.6827731	-106.9985267
517665656	44.3494691	-106.6991569
509947107	45.7815031	-108.5128792
517791010	44.8077831	-106.9891197
517790342	44.8984091	-107.2104076
515342103	29.8568848	-95.1133541
517789220	44.7997691	-106.9557457
517789991	44.7968831	-106.9554697
517789776	44.7983431	-106.9562397
517664876	44.3464841	-106.7189658
517789239	44.8031671	-106.9556957
517789698	44.7966431	-106.9554997
517790907	44.7542131	-106.9888497
517791179	44.7948531	-106.9860297
517788617	44.7896931	-106.9411797
517665789	44.3545101	-106.7017829
517790972	44.7931331	-106.9870797
517789950	44.7831631	-106.9511197
517789637	44.8063631	-106.9561097
517789747	44.7974931	-106.9549097
517790001	44.7956631	-106.9581797
517791176	44.7908931	-106.9995597
517788669	44.8050431	-106.9453987
517789666	44.7999131	-106.9547497
517790964	44.8034231	-106.9778897
517789684	44.7992431	-106.9542897
517789645	44.7897131	-106.9478597
517790910	44.8122131	-106.9823197
517789675	44.7593031	-106.9475897
517790077	44.7956231	-106.9549597
517665719	44.3346061	-106.6201339
517790839	44.8117631	-106.9761997
517790106	44.7951531	-106.9554997
517789940	44.7093331	-106.9560097
517788640	44.9236721	-106.8407547
517665819	44.3451541	-106.6990919
517788652	44.7858021	-106.9427697
517788645	44.7736111	-106.9416597
517788576	44.8274661	-106.8052657
517502010	42.8504533	-106.3204902
517790017	44.7885231	-106.9563197
517789011	44.7770731	-106.9456397
517660943	43.7052222	-106.3872660
517665734	44.3572961	-106.6600569
517790429	44.8067451	-106.9812047
517790410	44.7507571	-107.0838707
517789415	44.7103831	-106.9686097
517789390	44.7974271	-106.9532157
517790149	44.7920231	-106.9601497
517790877	44.7440431	-106.9739197
517789792	44.7969331	-106.9549397
517789655	44.8066231	-106.9498697
517789082	44.7778831	-106.9402497
517788638	44.7854121	-106.9425967
517789384	44.8025431	-106.9585577
517790434	44.8273711	-106.9874397
517788409	44.5419971	-106.8305938
517789836	44.7986631	-106.9554297
517790197	44.6716751	-107.0168797
517790784	44.8997931	-107.2079796
517789286	44.7430831	-106.9487817
511858174	40.8116279	-96.7561888
517790158	44.8003931	-106.9529597
517789536	44.7974931	-106.9549097
501656185	34.1407951	-117.9981788
517790490	44.9008404	-107.1488770
517791001	44.6860431	-107.0032697
517502393	42.8472033	-106.3296602
517789364	44.8022021	-106.9534587
517790762	44.9338331	-107.4960296
517789141	44.7738331	-106.9228497
517789496	44.7829831	-106.9537897
517790428	44.8074781	-106.9762557
517788781	44.6150831	-106.8601098
517789605	44.7921031	-106.9674597
517664723	44.3264881	-106.7250019
517789508	44.7934231	-106.9479397
517665668	44.3480611	-106.6989939
517791128	44.8016331	-106.9811397
517790327	44.9485301	-107.2980456
517356006	40.7624240	-111.9033393
517789568	44.8229331	-106.9569697
517789178	44.5722131	-106.8823398
517790128	44.7956731	-106.9539197
517790019	44.7993131	-106.9607797
517789259	44.7729191	-106.9657757
517790322	44.9388101	-107.2837236
517789448	44.7941431	-106.9554997
517789087	44.8018531	-106.9280897
517788431	44.5919141	-106.4278589
517790901	44.8128431	-106.9845497
517665611	44.3493931	-106.6991589
517790989	44.6932631	-107.0792497
517790328	44.9090931	-107.1595057
517790403	44.8074241	-106.9745657
517789272	44.7463361	-106.9470947
517790053	44.7969331	-106.9549397
517788789	44.5800231	-106.4430699
517790067	44.8057131	-106.9660197
517788852	44.7145731	-106.8683198
517665911	44.3378411	-106.6349889
517789848	44.7987831	-106.9562297
517788573	44.7716421	-106.9035947
517788836	44.7984431	-106.9315897
517790125	44.8163131	-106.9551197
517789824	44.7974931	-106.9549097
517789660	44.8011131	-106.9562197
517789276	44.8001161	-106.9558947
517790903	44.6929931	-106.9708197
517665931	44.3488641	-106.7019779
517789014	44.6318331	-106.8834198
517790363	44.8157391	-106.9856567
517789046	44.7719931	-106.9277697
517789601	44.8054131	-106.9552797
517789331	44.7981901	-106.9555417
517790950	44.8183331	-107.0239397
517789144	44.7776131	-106.9438197
517788959	44.7730331	-106.9404997
517790045	44.7242831	-106.9560297
517789766	44.8150931	-106.9551297
517790079	44.8065131	-106.9509997
517790050	44.9331031	-106.9502097
517791043	44.7629831	-107.0795797
517789114	44.7397631	-106.9458697
517789124	44.7843131	-106.9404297
517789244	44.8032171	-106.9558487
517788795	44.6508031	-106.3722399
517665209	44.3462626	-106.7209592
517790070	44.8015031	-106.9553297
517788591	44.7801991	-106.9338247
517789289	44.7852931	-106.9470667
517789718	44.7736831	-106.9650797
517789916	44.8020131	-106.9496897
517789956	44.7079731	-106.9471997
517788658	44.7766591	-106.9339177
517788560	44.7643261	-106.9447447
517789700	44.7961131	-106.9547797
517789275	44.7972811	-106.9554807
517790329	44.9088181	-107.1611877
517789323	44.8111261	-106.9548977
517788755	44.8598330	-106.0928499
515339220	29.8483548	-95.1265041
517667695	44.2742990	-105.4938031
517790529	44.8713831	-107.2599996
517789632	44.8000731	-106.9562097
517791013	44.7149131	-106.9818097
517789618	44.7928631	-106.9555397
517789383	44.7974271	-106.9532157
517790372	44.7633651	-107.1436547
517789431	44.7122931	-106.9552497
517660930	43.7037112	-106.2979041
517789125	44.8039631	-106.9248197
517789658	44.8074431	-106.9560897
517790478	44.8179030	-107.5916764
517790199	44.6508881	-107.0043667
517790141	44.8030431	-106.9561797
517788845	44.7719631	-106.9422997
517502591	42.8473633	-106.3310502
517790397	44.7879541	-106.9884547
517789581	44.7113131	-106.9552197
517789646	44.8002431	-106.9554597
517789670	44.8150031	-106.9649697
517789945	44.7826231	-106.9549397
517789640	44.8195231	-106.9583697
517789981	44.8200931	-106.9564197
517789474	44.7948131	-106.9575897
517789389	44.7975421	-106.9559407
517789303	44.8080501	-106.9615647
517790932	44.7949231	-106.9712497
517790999	44.7972531	-106.9793897
517790022	44.7222431	-106.9569397
517789446	44.7959431	-106.9562597
517789309	44.7838981	-106.9482257
517791047	44.7850731	-106.9820097
517665916	44.3583151	-106.6720169
517789865	44.7830231	-106.9494097
517504266	42.8698213	-106.4322121
517665629	44.3529521	-106.6990669
517790087	44.7992331	-106.9550197
517789566	44.7969331	-106.9549397
511859038	40.8126929	-96.7791928
517789506	44.7539531	-106.9609997
517791090	44.7782131	-106.9723697
517790447	44.7715311	-107.2372257
517790011	44.7568731	-106.9639997
517789445	44.7934231	-106.9659697
517790193	44.8121231	-106.9530497
517789419	44.6485131	-106.9511197
517789335	44.7974311	-106.9557867
517789336	44.7962301	-106.9558107
517791021	44.8058831	-106.9694497
517788887	44.6739631	-106.8774498
517789710	44.7952031	-106.9586097
517789722	44.8052531	-106.9575497
517665655	44.3541191	-106.6937319
517789236	44.7963211	-106.9558887
517790773	44.9744331	-107.4696396
517790978	44.7460831	-107.0776397
517789243	44.7998121	-106.9557447
517788918	44.7741431	-106.9417397
517665671	44.3511101	-106.6976509
517788960	44.7369331	-106.9438197
517789930	44.7983431	-106.9554397
517789967	44.7473731	-106.9508797
517788992	44.9244731	-106.8474597
517789960	44.8228731	-106.9576497
517790854	44.7006231	-107.0026197
517788913	44.8071231	-106.9451897
517790941	44.7722431	-107.0492397
517790135	44.7723431	-106.9659197
517791091	44.7523731	-106.9868597
517788788	44.6404031	-106.3802699
517790177	44.8216231	-106.9553397
501656136	34.1408051	-117.9957388
517789057	44.6808531	-106.8476098
517668345	44.2727730	-105.4779402
517789222	44.7539691	-106.9472147
517790889	44.7928931	-106.9860997
515340738	29.7894408	-95.1178081
517789005	44.8305131	-106.8845697
517660963	43.7118392	-106.6374810
517788890	44.7764631	-106.9384497
517789952	44.7872631	-106.9502597
517665958	44.3484621	-106.6991799
517791033	44.8015331	-106.9709197
517789311	44.7972101	-106.9588967
517788996	44.7234031	-106.9468697
517789502	44.8049631	-106.9547197
517788605	44.8004961	-106.9334947
517788715	44.6729014	-106.3645081
517790190	44.7689931	-106.9581697
517665959	44.3484621	-106.6991799
517789738	44.7009231	-106.9658997
517790985	44.8161231	-106.9749697
517789671	44.7706431	-106.9490997
517666217	44.2517831	-105.6643401
517789590	44.7903731	-106.9486797
517789689	44.8008431	-106.9562197
517790885	44.7915631	-107.0079997
517789072	44.8075531	-106.9454797
517789360	44.7962461	-106.9518967
517790791	44.9111431	-107.1656697
517788835	44.7289431	-106.9045897
517791173	44.7667131	-107.0731797
517789985	44.7958531	-106.9600597
517788621	44.7219671	-106.9404427
517789423	44.7724131	-106.9612197
517790933	44.8195631	-106.9808797
517788941	44.7730431	-106.9456197
517789576	44.7901231	-106.9471697
517789302	44.7852181	-106.9469457
517790140	44.7921831	-106.9497397
517790860	44.7303931	-106.9734297
517790023	44.7974931	-106.9549097
517790826	44.8145331	-106.9736697
517790157	44.8002431	-106.9554597
517789954	44.8058731	-106.9529597
517789805	44.7758431	-106.9472197
517790402	44.6991301	-107.0841257
517788923	44.7380231	-106.9464497
503587302	64.8198882	-147.8320150
517788593	44.7962281	-106.9436497
517789621	44.7864131	-106.9668597
503584919	64.8171722	-147.7189830
517790334	44.9015431	-107.1600827
517788903	44.7693031	-106.9166197
517789361	44.7735691	-106.9683167
517788430	44.7084311	-106.3133129
517788953	44.7691231	-106.9426197
517788612	44.7300031	-106.9422117
517789650	44.7979731	-106.9554297
517788559	44.7844501	-106.9424417
517790445	44.7949541	-106.9837597
517790411	44.7013061	-106.9804147
517790902	44.7422231	-106.9736597
517791192	44.7938131	-106.9848997
517790832	44.7002031	-106.9763197
517788796	44.5660831	-106.5610399
517790368	44.8187321	-106.9756767
517664665	44.3465511	-106.7068149
517790916	44.7438831	-106.9947197
517665963	44.3432061	-106.6959459
517665945	44.3453881	-106.6925579
517790969	44.7852531	-107.0063597
517791096	44.6930131	-107.0192197
517790148	44.8086931	-106.9479697
517668049	44.2900430	-105.4737002
517788716	44.6729014	-106.3645081
517790768	44.9552431	-107.2953396
517790387	44.8074781	-106.9762557
517790432	44.8074131	-106.9777567
517790828	44.8071531	-106.9773097
517791123	44.7427231	-107.1077197
517789779	44.7594831	-106.9609897
517791061	44.7987731	-106.9752197
517789003	44.7039931	-106.9460097
517789822	44.7210931	-106.9569397
517789095	44.9461831	-106.8216297
517790946	44.7633331	-107.0897697
517790986	44.7953731	-106.9676297
517789546	44.8010131	-106.9554097
517668327	44.2889830	-105.4371302
517789944	44.8002431	-106.9554597
517790449	44.8204661	-107.2094747
517789353	44.7813121	-106.9481227
517668521	44.2889730	-105.4450802
517789745	44.8010131	-106.9554097
517790321	44.9690351	-107.5656985
517790874	44.7417231	-107.1063997
517789803	44.7320931	-106.9474297
517790390	44.8074241	-106.9745657
517789727	44.8150931	-106.9551297
517664863	44.3463041	-106.7103319
501655893	34.1345851	-118.0004888
517789208	44.8135381	-106.9571627
517664776	44.3426851	-106.7046929
517790913	44.8071531	-106.9773097
517789629	44.7945031	-106.9542197
517663622	44.5279213	-109.0512523
517789534	44.7959431	-106.9562597
517789021	44.7761831	-106.9259897
517789540	44.7975331	-106.9583297
517789577	44.8118731	-106.9662097
517789517	44.8027931	-106.9606797
517790448	44.8204661	-107.2094747
517789451	44.7938131	-106.9521297
517789271	44.7944781	-106.9558207
517791106	44.7879031	-106.9972797
517790968	44.7908531	-106.9705397
517790875	44.7829731	-106.9702897
517788734	44.7179113	-106.2684879
517789665	44.7616531	-106.9542297
517789413	44.8109531	-106.9551797
517790200	44.6810221	-106.9915137
517789743	44.8016031	-106.9577297
517789329	44.7952231	-106.9559657
517789201	44.7401471	-106.9622687
509947657	45.7838831	-108.5103692
517788743	44.7773119	-106.9461194
517789426	44.8120631	-106.9580597
517788745	44.8132929	-106.7732861
517791009	44.7642231	-107.0794597
517790997	44.8066831	-106.9771497
517789346	44.7974271	-106.9532157
517788382	44.6424350	-106.0846839
517660888	43.7129392	-106.6350530
517665598	44.3588001	-106.6749579
517791140	44.7220731	-106.9799697
517789772	44.7774731	-106.9609497
517789709	44.8010131	-106.9554097
517789429	44.7948131	-106.9575897
517664785	44.3368951	-106.7082929
515414639	29.9568948	-95.3702040
517788762	44.6038031	-106.7643098
517789804	44.8164231	-106.9559597
517789117	44.7951431	-106.9446897
517790078	44.8248731	-106.9572097
515344073	29.7882948	-95.1063441
517660922	43.7154292	-106.3278950
517790116	44.8021131	-106.9615897
517667457	44.2768030	-105.5075701
517664780	44.3870521	-106.7515398
517789623	44.8070931	-106.9553797
517789667	44.7903931	-106.9582397
517791066	44.8156131	-106.9716997
517791081	44.7420531	-106.9760397
517790829	44.8066631	-106.9767097
517665904	44.3542291	-106.6944759
511858270	40.8142019	-96.7589338
517788987	44.7740431	-106.9441797
517789791	44.8094631	-106.9552097
517790436	44.8068371	-106.9837097
517660953	43.7185092	-106.3177980
517789278	44.7952231	-106.9559657
517789238	44.7973611	-106.9557877
517789225	44.8011401	-106.9671107
501340947	33.9884452	-118.3859988
517664716	44.3473501	-106.7182888
517790396	44.8073851	-106.9769267
517788649	44.7838021	-106.9461457
517789408	44.8033831	-106.9574197
517791025	44.6848831	-107.0986097
517790016	44.7998131	-106.9554697
517790171	44.7076831	-106.9601297
517665623	44.3541191	-106.6934599
517788711	44.5920930	-106.8580051
517352245	40.7643390	-111.8968943
517664792	44.3465521	-106.7117799
517791117	44.8147631	-106.9785497
517790928	44.7687231	-107.0584997
517788994	44.7707031	-106.9273897
517788939	44.7801531	-106.9377797
517788850	44.7371131	-106.8872997
517788851	44.7788031	-106.9419397
517665838	44.3611041	-106.6972809
517788623	44.8050431	-106.9453987
517660912	43.7066952	-106.6390970
517788665	44.7769851	-106.8292128
517790525	44.8699931	-107.2619296
517664634	44.3287761	-106.7233569
517791118	44.7267331	-106.9801097
517790151	44.8175031	-106.9577097
517790497	44.5951389	-107.1707150
517789191	44.5778031	-106.9175398
517790831	44.7855931	-106.9796697
517790400	44.7729721	-107.0675377
503584033	64.8177682	-147.6922750
517790961	44.8024331	-106.9752797
517789108	44.8264731	-106.9433997
517790783	44.9094731	-107.1675397
517790168	44.8021331	-106.9553297
517791194	44.8095231	-106.9829497
517790038	44.8027931	-106.9606797
517665705	44.3470101	-106.6987349
517788839	44.7797531	-106.9332297
517790446	44.7729721	-107.0675377
517789137	44.7764631	-106.9384497
517788979	44.7698431	-106.9164097
517789034	44.7778831	-106.9402497
517790859	44.7965831	-106.9772897
509947220	45.7834931	-108.5122492
515416953	29.9949548	-95.3920140
517790215	44.8772191	-107.2627286
517353354	40.7659730	-111.8996083
517790966	44.8084331	-106.9696497
517790539	44.8713531	-107.2621096
517790097	44.7853731	-106.9588297
517789831	44.8018831	-106.9599597
517789519	44.7048631	-106.9490797
517790124	44.7583531	-106.9611797
517665755	44.3597191	-106.6558159
517789850	44.8028031	-106.9604197
517791073	44.7813931	-106.9703797
517790848	44.7435931	-107.1089597
517789701	44.7750731	-106.9551397
517502608	42.8539533	-106.3346702
517789563	44.7795031	-106.9501697
517789705	44.7997631	-106.9562097
517790146	44.8077131	-106.9560897
517664907	44.4462101	-106.7782418
517790211	44.8760871	-107.2642346
517660910	43.7070002	-106.9217929
517788736	44.7179113	-106.2684879
517789880	44.7911331	-106.9549197
517788874	44.6795131	-106.9264497
511858891	40.8408029	-96.7808928
517789465	44.7965931	-106.9562497
501655553	34.1403351	-117.9984138
517790100	44.8087331	-106.9553397
517789341	44.7974271	-106.9532157
517789394	44.8182626	-106.9573197
517788934	44.7367931	-106.8997597
517790393	44.7795381	-107.0182127
517789599	44.8150931	-106.9551297
517789387	44.7995941	-106.9555927
517789694	44.7874731	-106.9602997
517789111	44.7912431	-106.9434297
517791164	44.7622531	-107.0761497
517788596	44.7893181	-106.9387797
517789489	44.8040831	-106.9530097
517789543	44.7909231	-106.9611997
517789965	44.8065731	-106.9581397
517790781	44.9091831	-107.1660297
517501323	42.8478033	-106.3238242
517665628	44.3572961	-106.6600569
517789851	44.7081631	-106.9530397
517790821	44.8150231	-106.9839997
517502131	42.8563633	-106.3175402
515340903	29.7817848	-95.1182841
517788407	44.5990681	-106.8679268
517665906	44.3455511	-106.6999449
517789052	44.7844531	-106.9395197
517789187	44.5812431	-106.9385998
517790114	44.7966331	-106.9593197
517665802	44.3586741	-106.6749549
517789843	44.7961131	-106.9594497
517789428	44.8123431	-106.9589597
517789561	44.7777431	-106.9482997
517788582	44.7693461	-106.9405887
517788964	44.7866631	-106.9447497
517789931	44.7965931	-106.9562497
517660954	43.7066952	-106.6390970
517789480	44.8096031	-106.9506297
517789435	44.7983431	-106.9576497
517790137	44.8008431	-106.9562197
517789652	44.7958131	-106.9575297
517789204	44.7976141	-106.9559397
517789559	44.7968831	-106.9554697
517790510	44.6687631	-106.9913797
517791038	44.7267331	-106.9818597
517788761	44.5949131	-106.8534998
517789770	44.8109831	-106.9588597
517790842	44.7501231	-107.0775797
517789570	44.7593031	-106.9475897
517664749	44.3476861	-106.7175358
517668394	44.2778530	-105.4919501
517790324	44.9634481	-107.4674316
517789116	44.7733131	-106.9461597
517788867	44.7782631	-106.9381897
517665681	44.3542291	-106.6915099
517789798	44.7996931	-106.9562097
517789103	44.8123431	-106.9461997
517790789	44.9096931	-107.1684297
517660899	43.7096842	-106.6398680
517790951	44.7559731	-106.9883097
517788904	44.6558231	-106.8975198
517790984	44.7891431	-106.9995797
517789421	44.8013031	-106.9510097
517789691	44.7899931	-106.9469997
509946812	45.7927231	-108.5199592
517665968	44.3462221	-106.6927739
517665803	44.3671561	-106.6982829
517660972	43.6064362	-106.1974561
517790498	44.5951389	-107.1707150
