sp_id	gq_type	stcotrbg	persons	latitude	longitude
450000586	C	560299652003	43	44.7601765	-108.7617277
450005065	C	560299652002	517	44.7584828	-108.7721580
450007498	P	560299654001	48	44.5330806	-109.0594677
450025130	P	560299652004	1	44.7454602	-108.7563266
450025131	P	560299653001	14	44.6944407	-109.9462516
450025132	P	560299654001	7	44.5353296	-109.0478477
450032309	N	560299652002	95	44.7625500	-108.7699490
450032310	N	560299655002	78	44.5260350	-109.0742490
450041585	N	560299652005	51	44.7532822	-108.7619200
