sp_id	latitude	longitude
517791888	44.7781733	-108.7731193
517791234	44.9585692	-108.5757623
517663053	43.5302835	-109.6279193
517792054	44.7523633	-108.7571493
517792436	44.5447533	-109.0142393
517663614	44.5278773	-109.0512523
517792393	44.5326033	-109.0406793
517663687	44.5201183	-109.0747583
517790668	44.8318032	-108.3884594
517664144	44.5246033	-109.0556693
517664420	44.5195933	-109.0619693
517792527	44.5327633	-109.0431793
517662988	43.5359435	-109.6470493
517791332	44.7562423	-108.7698813
517791688	44.7258433	-108.7633293
517790735	44.8384232	-108.3971694
517663770	44.5225483	-109.0518683
517790718	44.8337432	-108.4369894
509952616	45.7403331	-108.6184192
517792122	44.7758433	-108.7390693
517792399	44.5320933	-109.0501893
517663746	44.5272113	-109.0631873
517790715	44.8317932	-108.3937694
517663972	44.5274833	-109.0575693
503569151	61.1657184	-149.8451780
517791725	44.7934333	-108.7041193
517790597	44.8377832	-108.3867694
517790578	44.8394332	-108.3888494
517792279	44.9428033	-109.1423322
517664533	44.1594433	-108.8728194
517664279	44.5257233	-109.0645993
510021455	46.6077631	-112.0132135
503567978	61.1608184	-149.8545880
517792003	44.6975033	-108.7269493
517664254	44.5168833	-109.0702293
503613514	21.2819466	-157.8009666
517664061	44.5194833	-109.0458293
517665404	44.5000432	-108.0557295
517664104	44.5256733	-109.0423793
517664524	44.4935733	-108.9669193
517791866	44.7597833	-108.7741393
517664187	44.5185233	-109.0572993
517791325	44.7169703	-108.9751723
517791835	44.7470833	-108.8793993
517504741	42.8755733	-106.4359001
517792410	44.5307233	-109.0535393
517664210	44.5205933	-109.0521993
510021299	46.6020584	-111.9869193
517792246	44.5402803	-109.0341253
517664333	44.4996433	-109.1007393
516651110	36.1385832	-86.8190160
517663544	44.4323033	-109.2370293
517791392	44.7131023	-108.8712453
517791259	44.7554423	-108.7490133
517664404	44.5289433	-109.0332793
517791808	44.7672733	-108.6397293
517664216	44.5257233	-109.0631393
517791867	44.7563933	-108.7469393
517663904	44.5277033	-109.0440393
517663878	44.5133533	-109.0634593
517792445	44.5388733	-109.0682293
517663871	44.1620377	-108.8753951
517663389	44.3983044	-109.3014763
517791652	44.7118133	-108.7579693
517791724	44.7501433	-108.7020093
517664549	44.1567233	-108.8726894
517664340	44.5181333	-109.0637893
517664081	44.5085833	-109.0953093
517792479	44.5439533	-109.0570893
517792134	44.7466233	-108.7368693
517664473	44.5191733	-109.0653493
517790250	44.8276762	-108.3998864
517791994	44.7539733	-108.7796493
517791574	44.6384033	-108.9740393
517792336	44.5597233	-109.0169993
503569160	61.1404283	-149.8395280
517664158	44.5228933	-109.0272993
517663925	44.5253833	-109.0635193
517791435	44.7538273	-108.8155193
517791434	44.7498933	-108.7583543
517664310	44.5271633	-109.0417593
517791938	44.7513833	-108.7600093
517791989	44.7545233	-108.7731893
503613842	21.2866926	-157.8069056
517664128	44.5162433	-109.0953093
517792364	44.5453433	-109.0166093
517663375	44.5118393	-109.1014613
517663911	44.5203633	-109.0696793
517792007	44.6964233	-108.8078793
517791914	44.7544333	-108.7615093
517791701	44.7480233	-108.7461393
517664013	44.5257133	-109.0578393
517792129	44.7193633	-108.7693593
517663867	44.5157906	-109.0942442
517663664	44.5268053	-109.0640913
516645299	36.1367732	-86.8011060
517792426	44.5354633	-109.0275593
517791947	44.7545133	-108.7738993
517791668	44.7691033	-108.8024093
517792266	44.9254333	-109.2432792
517663489	44.4735833	-109.1339993
517791396	44.7507873	-108.7618533
517664477	44.5181233	-109.0612593
517663725	44.5157803	-109.0534233
517664286	44.5160733	-109.0689493
517663909	44.5199233	-109.0715893
517792210	44.5330633	-109.0569203
517792046	44.6912233	-108.9704093
517663509	44.4273733	-109.1411493
517791800	44.7556733	-108.7607593
517663571	44.5145113	-109.0064173
517664363	44.5293933	-109.0338493
517791818	44.7698933	-108.7985793
517663691	44.5260663	-109.0425253
517791509	44.7537795	-108.7883776
517791270	44.7392413	-108.7551883
517791827	44.7251733	-108.7504993
517792272	44.8341533	-109.2133992
517791784	44.7654933	-108.7167693
517791659	44.7685233	-108.7611493
517792354	44.5315033	-109.0196593
517664562	44.1579233	-108.8702194
509959274	45.6635934	-111.0621186
517791983	44.7710633	-108.8192693
517664246	44.5257233	-109.0633393
517664546	44.2951833	-108.7569394
517791277	44.7582443	-108.7559723
517790465	44.8835822	-108.4677683
517790587	44.8387332	-108.2870094
517792227	44.5333833	-109.0226673
517664530	44.1583733	-108.8706394
517663719	44.5201183	-109.0747583
517664519	44.4960733	-109.0267693
517663813	44.5175623	-109.0848703
517663362	44.4445393	-109.1658813
517791717	44.7643233	-108.7515193
517664007	44.5170233	-109.0369093
517663583	44.5269113	-109.0639393
517791777	44.6884033	-108.8775393
517664294	44.5179533	-109.0521993
517790305	44.8368892	-108.4018694
503611847	21.2822366	-157.8004376
517664319	44.5274733	-109.0569893
517792262	44.5402803	-109.0341253
517792037	44.7557433	-108.7593693
517663852	44.5157906	-109.0942442
517792101	44.7372433	-108.6305693
517792352	44.5335833	-109.0507993
517791587	44.5534033	-108.9988093
517792252	44.5334873	-109.0399723
517663606	44.5213423	-109.0615023
517791555	44.5482933	-108.9975893
517792232	44.7481533	-109.2117282
517664239	44.5251433	-109.0635193
517791492	44.9728677	-108.6193091
517664206	44.5185733	-109.0434593
517791920	44.6920133	-108.7269793
517664364	44.4849033	-108.9940493
517663621	44.5259543	-109.0600873
517791772	44.7517933	-108.7571793
517663410	44.4507363	-109.1305693
517792409	44.5347033	-109.0417793
517664030	44.5257133	-109.0592593
517791709	44.7542533	-108.7022793
517792547	44.8938133	-109.1571892
517663363	44.3868714	-109.2886523
517663658	44.5259913	-109.0708323
517416110	41.1169394	-104.8113598
517791458	44.7761523	-108.7598403
517791278	44.6968303	-108.7599293
517664466	44.5274733	-109.0571793
517791850	44.7340633	-108.7484593
517791478	44.7567813	-108.7445673
517663443	44.2633034	-109.5125292
517668398	44.2377930	-105.4734402
517791469	44.7585113	-108.7433483
517792215	44.5359153	-109.0515883
517663873	44.1620377	-108.8753951
517791284	44.7561393	-108.7708063
517664418	44.5156233	-109.0857893
517791496	44.7537795	-108.7883776
517663405	44.4781353	-109.3377172
517663601	44.4995963	-108.9466633
517503356	42.8536683	-106.3876752
517792133	44.7462833	-108.7809293
517791926	44.6904733	-108.8721293
517664497	44.5033933	-108.9884193
517663671	44.5261273	-109.0623843
517664086	44.5257333	-109.0527093
517791386	44.7609753	-108.7655613
517790574	44.8264432	-108.3900194
517792254	44.5379183	-109.0378113
517663429	44.4859926	-109.3474059
517664150	44.5190033	-109.0368193
517791664	44.7547133	-108.7701193
517791714	44.6903633	-109.0088193
517663703	44.5280163	-109.0620203
517791957	44.6928633	-108.8479893
517792458	44.5342333	-109.0548493
517791796	44.7507733	-108.7613993
517663885	44.5257233	-109.0630393
517790516	44.8838232	-108.4682894
517792277	44.7536923	-109.0341123
517792499	44.5388733	-109.0682293
517504667	42.8667433	-106.4302301
517792076	44.6971133	-108.7928193
517663434	44.4377633	-109.1355293
517664556	44.1009534	-109.0295494
517664440	44.5126233	-109.0958993
517663738	44.5259543	-109.0600873
517662642	43.5346565	-109.6356483
517791879	44.7979033	-108.8029093
517663906	44.5171333	-109.0040693
517792027	44.7242933	-108.7762693
517791256	44.7633133	-108.8219533
517791636	44.9329232	-108.5830893
517663625	44.4928403	-108.9770963
517791452	44.7580773	-108.7468393
517663353	44.4621214	-109.5207112
517790254	44.8376832	-108.4037054
517791388	44.7487293	-108.9326763
517792367	44.5322133	-109.0213593
517792140	44.7517833	-108.8218393
517792193	44.7173933	-108.8704993
517502718	42.8557633	-106.3265302
517792061	44.7495733	-108.6016894
517663656	44.5261273	-109.0618753
517791923	44.7476033	-108.7480393
517791948	44.7531733	-108.7548593
517663903	44.5301933	-109.0194793
517791927	44.7549333	-108.7387193
517664551	44.1863533	-108.8979594
517663449	44.4578133	-109.1336993
517664113	44.5245833	-109.0338293
517663896	44.5188433	-109.0702993
517664469	44.5208533	-109.0624993
517791455	44.7561393	-108.7708063
517791814	44.7606933	-108.7755193
517791721	44.7063533	-108.9293493
509958726	45.6620134	-111.0579186
517792163	44.7486333	-108.7496693
517790727	44.8394332	-108.3905894
517664354	44.5267933	-109.0735493
517664387	44.5180733	-109.0432293
517792459	44.5316833	-109.0188593
517792201	44.8456593	-109.6509431
517791403	44.7542093	-108.7576463
517792188	44.7610433	-108.7557793
517663688	44.5201183	-109.0747583
517792420	44.5313633	-109.0644093
509953695	45.6846832	-108.8138891
517663952	44.5279133	-109.0607893
517792287	44.6790813	-109.0150643
517791398	44.7528213	-108.7545113
517664397	44.5128233	-109.0742493
517663661	44.5271363	-109.0602733
510021061	46.7039634	-111.9761782
510022797	46.6094134	-112.0180183
517792066	44.7605833	-108.6999693
517664029	44.5246933	-109.0616893
517663626	44.5151253	-109.0976913
517791981	44.7451933	-108.7324493
517664552	44.1135333	-108.7526794
503569876	61.1378383	-149.8368880
517668134	44.2596030	-105.4874802
517791437	44.7522853	-108.7497843
517664145	44.5134933	-109.0017793
517414671	41.1119534	-104.8303308
517663356	44.1236574	-109.6315472
517664351	44.5185433	-109.0445393
517792121	44.7228433	-108.7924493
517664022	44.5213333	-109.0389093
517791660	44.7564733	-108.7505893
517790467	44.8835822	-108.4677683
517664070	44.5235033	-109.0548193
517663895	44.5283833	-109.0356593
517791930	44.7557133	-108.7645093
517663891	44.5273333	-109.0643893
517791756	44.7601133	-108.7677793
517792154	44.7604433	-108.6904393
517792204	44.8458883	-109.6026201
517663848	44.5157906	-109.0942442
517792180	44.7560333	-108.6964693
517664247	44.5108633	-109.0667193
517664006	44.5246033	-109.0547593
517792412	44.5365333	-109.0251193
517792098	44.7481833	-108.7476893
517791274	44.7298543	-108.7396843
517792199	44.5393463	-109.0345273
517663522	44.4428533	-109.1625893
517664330	44.5164633	-109.0482093
517663635	44.5261293	-109.0535463
517792321	44.5388733	-109.0682293
517509346	43.4812735	-109.5021194
517791261	44.7594463	-108.8003103
517664024	44.5116633	-109.0674693
517791438	44.7536123	-108.7759383
517663971	44.5208233	-109.0337793
517791773	44.7531133	-108.7586393
517663929	44.5185233	-109.0631293
517791357	44.7536113	-108.6988903
517663483	44.4478733	-109.1860393
517663052	43.5370135	-109.6469493
517663368	44.2990044	-109.4672492
517664525	44.1557333	-108.8692694
517792132	44.7545333	-108.7486493
517664065	44.5252733	-109.0624993
517790303	44.8375872	-108.3922204
517663815	44.5152143	-109.0406883
517792433	44.5302233	-109.0403993
517791676	44.7535833	-108.7571493
517664234	44.5235033	-109.0557793
517664148	44.5279033	-109.0626993
517791962	44.7539933	-108.7556093
517664198	44.5263933	-109.0616093
517668383	44.2520730	-105.4880802
517664049	44.5156233	-109.0839293
517791554	44.6364033	-108.9773993
517664349	44.5257233	-109.0645993
517663912	44.5105733	-109.0691993
503570056	61.1378383	-149.8368880
517791805	44.7553733	-108.7666393
517664379	44.5147533	-109.0408593
517791465	44.7674753	-108.7497623
517792366	44.5322733	-109.0319293
517664004	44.4865833	-109.1007493
517664040	44.5166733	-109.0059193
517791841	44.7466133	-108.7550293
517791505	44.7537795	-108.7883776
517790206	44.8819222	-108.4627864
517663908	44.5195933	-109.0619693
517663641	44.5162563	-109.0921273
517792384	44.5392033	-109.0255693
517791420	44.7536123	-108.7759383
517791790	44.7594233	-108.6842493
517664307	44.5263833	-109.0610093
517663789	44.5261273	-109.0623843
517663686	44.5261273	-109.0623843
517663961	44.5224433	-109.0537393
517664046	44.5267933	-109.0655093
517791875	44.7532833	-108.7571493
517664015	44.5185233	-109.0631293
517663613	44.5117283	-109.0120913
517792269	44.6790813	-109.0150643
517791833	44.7490133	-108.8251293
517790683	44.8381732	-108.4021594
517791464	44.6833933	-108.7401403
517792004	44.7119533	-108.7461593
517664318	44.5239933	-109.0786993
517663718	44.5249213	-109.0615043
517791625	44.8831532	-108.4705894
517664372	44.5218033	-109.0439793
517792423	44.5316133	-109.0630493
517664028	44.5142433	-109.0390293
517792351	44.5373033	-109.0394493
517664201	44.5185233	-109.0681093
517791536	44.5421633	-108.9941793
517792283	44.8940213	-109.1128042
517792047	44.6950733	-108.7057493
517663913	44.5132233	-109.0646493
517791339	44.7495273	-108.7641463
517663602	44.5288173	-109.0007093
517791826	44.7524233	-108.9820793
517792435	44.5339333	-109.0236393
517663716	44.5260853	-109.0408393
516644237	36.1326232	-86.7961560
517664157	44.5176733	-109.0093493
509946533	45.7856331	-108.5013792
517791743	44.7551033	-108.9483293
517663697	44.5261293	-109.0535463
517664121	44.5252733	-109.0624993
517791925	44.7601633	-108.7473393
517792298	44.9758095	-110.6904945
503613120	21.2805366	-157.7994466
517663795	44.5261273	-109.0620363
517663659	44.5261273	-109.0539943
517792460	44.5316133	-109.0630493
517791674	44.7538333	-108.7579893
517792203	44.5334873	-109.0433893
517790638	44.8425632	-108.3853394
517792554	44.8966733	-109.1270892
517663864	44.5157906	-109.0942442
517664188	44.5222933	-109.0632493
517664338	44.5221833	-109.0732793
509958167	45.6634634	-111.0543386
517791907	44.7713833	-108.7521193
517792166	44.7578833	-108.7628293
517664032	44.5189933	-109.0512093
517791949	44.6849233	-108.9171993
517792159	44.7512033	-108.7522593
517792019	44.7525233	-108.9683593
509958431	45.6628534	-111.0526186
517791670	44.7539933	-108.7571493
517791539	44.5996633	-108.9915893
517791289	44.7399033	-108.8002943
517791400	44.6759073	-108.9064113
517664488	44.5185333	-109.0851493
517792478	44.5339733	-109.0290993
517663844	44.0915074	-109.0545284
503570061	61.1380383	-149.8343780
517504039	42.8572533	-106.3929602
517503911	42.8521233	-106.3776302
517664258	44.5150533	-109.0924393
517792250	44.5333773	-109.0437673
517792284	44.7531393	-109.0178243
503612402	21.2820666	-157.7985566
517791696	44.7934233	-108.7116193
517664460	44.5200633	-109.0585693
517791645	44.7552633	-108.7571393
517664057	44.5279033	-109.0598393
517791515	44.7168296	-108.8702853
517663932	44.5287433	-109.0751793
517791517	44.7168296	-108.8702853
517791935	44.7604633	-108.7784493
517792291	44.9768724	-110.6995749
517664117	44.5294233	-109.0468093
517791713	44.7542033	-108.6761393
517791972	44.7399233	-108.7744393
503568618	61.1393293	-149.8466220
517791538	44.5512133	-108.9962693
517792022	44.7493833	-108.7565293
517791421	44.7239073	-108.7192223
503613286	21.2826266	-157.7993966
517791317	44.6802743	-108.5798744
517664309	44.5293133	-109.0508293
517792450	44.5862733	-109.0155393
517791905	44.6851433	-108.9140493
517663644	44.5116663	-109.0068093
517663777	44.5171683	-109.0538683
517664517	44.5246033	-109.0556693
517663902	44.5214133	-109.0706493
517664413	44.5285633	-109.0567893
517791869	44.7694233	-108.7706993
517663556	44.4812833	-109.3444892
517792096	44.7611033	-108.7510493
517664088	44.5296633	-109.0585293
517791569	44.5780733	-108.9980793
517663408	44.4596804	-109.5282932
517663690	44.5261363	-109.0512393
517792472	44.5349033	-109.0316893
517792280	44.9123423	-109.1914042
517663758	44.5271083	-109.0618933
517663936	44.5191833	-109.0552293
503613159	21.2807666	-157.7996466
517663921	44.5257133	-109.0626493
517663514	44.4623133	-109.1438493
517663497	44.4383833	-109.2031993
517791552	44.6250133	-108.9778693
517791991	44.7550333	-108.7571393
517792243	44.5379763	-109.0382493
517792512	44.5340033	-109.0404093
517663918	44.4864833	-108.9928893
517664386	44.5168233	-109.0546493
517792456	44.5910433	-109.0226193
517663627	44.5297083	-109.0368883
517663894	44.5104433	-109.1012793
517664377	44.5153733	-108.9601293
517663460	44.4617633	-109.1782193
517791728	44.7663233	-108.7619893
517791961	44.7277633	-108.7609993
517791890	44.7607033	-108.7689493
517791854	44.7578733	-108.7624093
517792534	44.9126033	-109.1954592
517663365	44.4495993	-109.1649283
517663956	44.5290033	-109.0630893
517663975	44.5132233	-109.0642893
517663823	44.2988693	-108.7561054
517792033	44.7508433	-108.7519093
517792454	44.5355033	-109.0440393
517663518	44.4179933	-109.2895593
517791832	44.7617533	-108.7384293
517791324	44.7535943	-108.7150583
517663861	44.5157906	-109.0942442
517792535	44.8845633	-109.1501792
517663922	44.5171433	-109.0919293
517792463	44.5754633	-109.0205793
517792506	44.5324233	-109.0304193
517664458	44.5240933	-109.0440893
517664053	44.5200633	-109.0585693
517792211	44.5402803	-109.0341253
509946034	45.7792531	-108.5044892
517792178	44.7531733	-108.7556093
517663478	44.4157533	-109.2610993
517663543	44.5082333	-109.1047293
517664120	44.5274633	-109.0630893
517791212	44.5681523	-108.9803473
517663394	44.1236574	-109.6315472
517791864	44.7597233	-108.7779393
517663712	44.5151913	-109.0529043
517663647	44.5066143	-109.1001853
517663820	44.1580063	-108.8718874
517664398	44.5165533	-109.0838893
509946546	45.7837031	-108.5057892
517664437	44.5155033	-109.0499093
517792427	44.7495033	-109.4427192
517792127	44.7261933	-108.9110393
517663516	44.4488033	-109.1973793
517791354	44.7606623	-108.7714923
517792114	44.7481633	-108.7639493
517791896	44.7519233	-108.7586193
517792256	44.5326063	-109.0487013
509945826	45.7800161	-108.5017102
517792104	44.7570433	-108.7579793
517791976	44.7066233	-108.7580793
517663876	44.5157733	-109.0875793
509947203	45.7810831	-108.5123792
503611831	21.2813566	-157.7986206
517791266	44.7477573	-108.7612973
517663945	44.5126233	-108.9725293
517663539	44.3956034	-109.2997293
517792253	44.5334883	-109.0365873
517664465	44.5144833	-109.0940293
517663856	44.5157906	-109.0942442
517792072	44.7663833	-108.7633893
517663785	44.3978893	-108.9717853
517791681	44.6872233	-108.9153293
517791532	44.6524033	-108.9678193
517791535	44.5932333	-108.9696193
517790235	44.8330152	-108.4032824
517663998	44.5251633	-109.0442793
517792194	44.7166133	-108.8687293
517664394	44.5172433	-109.0602693
517502606	42.8451233	-106.3261302
517664407	44.5252733	-109.0644193
517792551	44.9485233	-109.1659492
517663769	44.5261283	-109.0537043
517791563	44.5433733	-109.0124593
517791267	44.7319953	-108.6255484
517663745	44.5149373	-109.0984753
517792079	44.7569733	-108.6256593
517664267	44.5269533	-109.0615693
517664484	44.4944833	-109.0296493
517791793	44.7526333	-108.7593893
517663897	44.5246133	-109.0662393
517791699	44.7537433	-108.7571493
517663652	44.5261213	-109.0650583
517792185	44.7444033	-108.7851993
517791224	44.8808992	-108.4779754
517792209	44.5334203	-109.0201493
517792013	44.7571233	-108.7613693
517791817	44.7539433	-108.7643793
517791364	44.7477443	-108.7501563
517792470	44.5920233	-109.0141593
517791494	44.7537795	-108.7883776
517790692	44.8347732	-108.3889294
517790564	44.8372132	-108.3886694
517791342	44.7209403	-108.8701373
517790688	44.8560332	-108.2466194
517664317	44.5115433	-109.0979193
517663587	44.5241693	-109.0766753
517790287	44.8368892	-108.4018694
517792302	44.8989433	-109.1677892
517663407	44.1236574	-109.6315472
517664441	44.4835133	-108.9857793
517663994	44.5076433	-109.0064593
517663648	44.5266893	-109.0621603
517663638	44.5256913	-109.0639393
517663573	44.5261293	-109.0535463
517791376	44.7236663	-108.7599523
517664408	44.5188733	-109.0851493
517791932	44.7684833	-108.7235893
517664323	44.5156233	-109.0857893
517792190	44.7168833	-108.7796593
517792355	44.5314033	-109.0479093
517663681	44.5271943	-109.0651763
517792308	44.5329433	-109.0350493
509945069	45.7719331	-108.4931892
517664119	44.5089833	-109.0996093
517791750	44.7380433	-108.7610993
517663475	44.5146433	-109.1020993
517792286	44.9060003	-109.1785092
517791413	44.7540813	-108.7500893
517663592	44.5153193	-109.0689033
517664278	44.5233833	-109.0486093
517791418	44.7601343	-108.7831593
517791901	44.7549633	-108.7555993
517791209	44.5987623	-108.9765723
517663482	44.4469433	-109.1990693
517791381	44.7393473	-108.8360843
517663392	44.4708933	-109.1243133
517792425	44.5329533	-109.0469493
503613515	21.2825366	-157.8001266
517791762	44.7531733	-108.7556093
517664227	44.5257133	-109.0616593
517663698	44.5259913	-109.0708323
517791602	44.6426533	-108.9437393
517663418	44.4338530	-109.1768584
517663981	44.5157233	-109.0617793
517664017	44.5230333	-109.0452993
517664193	44.5257133	-109.0627493
509947395	45.7834931	-108.5122492
517791742	44.7507133	-108.7639093
517662612	43.5673165	-109.7239023
503567881	61.1376083	-149.8481380
517790716	44.8324132	-108.3842394
517791199	44.5499553	-109.0078483
517663581	44.5142803	-109.1007833
517791257	44.7559803	-108.7362713
517663685	44.5143853	-109.1008283
517791333	44.7570223	-108.7463833
517667433	44.2684930	-105.5071201
517663432	44.4021233	-109.2915293
517791731	44.7170433	-108.7584393
509947281	45.7834931	-108.5122492
517663565	44.5166363	-109.0768053
517792171	44.7532833	-108.7579993
517792182	44.7556633	-108.7579893
517791653	44.7525933	-108.7571493
517792048	44.7171033	-108.7997893
517663766	44.5261293	-109.0535463
517791542	44.5925633	-108.9768693
517504505	42.8547793	-106.4022452
517792332	44.5728733	-109.0626193
517791654	44.7592933	-108.7549693
517791656	44.7708633	-108.6999193
509946577	45.7737231	-108.5026092
517792316	44.5502233	-109.0668093
517791766	44.7237033	-108.7003393
517663374	44.4660914	-109.5226562
517663448	44.4179633	-109.2512293
517663763	44.5199103	-109.0542183
517792238	44.5402803	-109.0341253
517663533	44.4846233	-109.1095993
517663892	44.5274733	-109.0516593
517791700	44.7524633	-108.7586193
517791644	44.7502233	-108.7520793
517791944	44.7543833	-108.7565993
517663760	44.5151103	-109.0452413
517663560	44.3956034	-109.2997293
517664101	44.5257033	-109.0607793
510022779	46.6060834	-112.0192183
517791618	44.5964133	-108.9564193
517791933	44.7764633	-108.6811993
517663164	43.9519434	-109.0819094
517791647	44.7498633	-108.7551093
517663723	44.5141053	-109.0388183
517664182	44.5001633	-109.0917493
517790270	44.7988332	-108.3410534
517662944	43.5721735	-109.7406193
517502202	42.8489333	-106.3247602
517664423	44.5300033	-109.0566893
517792029	44.7633833	-108.7508993
517791839	44.7650533	-108.8250393
517791613	44.5487833	-109.0035193
517790593	44.8364532	-108.3884494
517504716	42.8090933	-106.4230102
517664480	44.5217233	-109.0363793
517791754	44.7548333	-108.7593793
517791821	44.7585033	-108.7734993
517663762	44.5099173	-108.9726153
517663985	44.5268233	-109.0603793
517791448	44.7466293	-108.7737653
517663988	44.5275333	-109.0381593
517664271	44.5200633	-109.0585693
517791446	44.7214803	-108.7937433
517791939	44.7611333	-108.7569593
517663934	44.5274733	-109.0566993
517663520	44.4441733	-109.1846893
517792063	44.7583033	-108.6016894
517663575	44.5261213	-109.0650953
517792174	44.7522833	-108.7469093
517792068	44.7127333	-108.7471193
517791313	44.6802273	-108.6447374
517662819	43.5565352	-109.7038268
509947247	45.7735331	-108.5138292
517792089	44.7485333	-108.7683893
517792446	44.5342833	-109.0307293
503567914	61.1584884	-149.8548780
517663938	44.5209833	-109.0536193
517664094	44.5257233	-109.0629393
517791593	44.5511133	-109.0000293
517664112	44.5285733	-109.0515693
517664361	44.5197133	-109.0733993
516651089	36.1385832	-86.8190160
517791442	44.6680923	-108.9396873
517791281	44.7020843	-108.8950473
517791916	44.7611333	-108.7572493
517664194	44.5263833	-109.0596093
517663609	44.5111643	-108.9721913
517663950	44.5185733	-109.0418393
517664419	44.5195933	-109.0619693
517791679	44.7514733	-108.7390993
517791683	44.7524633	-108.7571493
517663899	44.5191333	-109.0546393
517791857	44.7260833	-108.8461593
517668530	44.2528430	-105.4808102
517792307	44.5410833	-109.0139393
517663880	44.5179633	-109.0783993
517664137	44.5278233	-109.0643893
517663965	44.5274633	-109.0578793
517791945	44.7229233	-108.7624093
517791929	44.7718233	-108.7318693
517663512	44.4335733	-109.1703793
509951961	45.7058632	-108.6506192
517663426	44.4859926	-109.3474059
517664275	44.5175433	-109.0512493
517791300	44.7511813	-108.7535443
517664228	44.5120433	-109.0803793
517792482	44.5547833	-109.0583093
517791582	44.6512633	-108.9613493
517662648	43.6384974	-109.3824204
509953102	45.7587732	-108.6743092
517792125	44.7572633	-108.7630193
517663355	44.1236574	-109.6315472
517791607	44.5835433	-108.9900293
509945941	45.7803731	-108.4983292
503567941	61.1480884	-149.8492480
517792524	44.5310733	-109.0374793
517663747	44.5259543	-109.0600873
517792055	44.7908133	-108.6670693
517663654	44.5260173	-109.0618813
517664393	44.5136733	-109.0688693
517792528	44.5392733	-109.0331193
517792264	44.5443513	-109.0209643
517664482	44.5276033	-109.0604993
517664353	44.5263533	-109.0652093
517664075	44.5274433	-109.0635193
517792337	44.5306733	-109.0607793
517791842	44.7485033	-108.7520893
517791412	44.7547613	-108.7461843
517668104	44.2412130	-105.4744102
517791845	44.7039833	-108.7572293
517792175	44.7297833	-108.7479793
517663619	44.5166653	-109.0882133
517663379	44.3981284	-109.3013973
517663727	44.5157803	-109.0534233
517791687	44.7575033	-108.7487793
517791648	44.7491633	-108.7596093
517792461	44.5314033	-109.0489993
517791214	44.5542403	-109.0037223
517792397	44.5322133	-109.0213593
517790268	44.8395632	-108.3913004
517791798	44.7903333	-108.7573393
502127451	37.4276450	-120.7933681
517663734	44.5270853	-109.0651733
517792521	44.5329633	-109.0205893
517792082	44.6856333	-108.9126993
509945076	45.7859331	-108.4916992
517791741	44.7597833	-108.7712593
517664507	44.5117133	-109.0690593
517791383	44.7542093	-108.7576463
517663364	44.2988804	-109.4662192
517663793	44.5260653	-109.0298423
517791208	44.5624403	-108.9723393
517664395	44.5263133	-109.0584893
517791697	44.8224133	-108.7726093
517792516	44.9363333	-109.7586091
517663599	44.5278773	-109.0512523
517792077	44.7498933	-108.7731593
517791746	44.7663533	-108.9487493
517664176	44.5294733	-109.0210993
517791314	44.7522733	-108.7575183
517663812	44.5271103	-109.0613473
517791737	44.7548033	-108.7470793
502127465	37.4302650	-120.7932181
517664116	44.5250033	-109.0293593
517792526	44.5313733	-109.0374893
517663862	44.5157906	-109.0942442
517663720	44.5259543	-109.0600873
517791862	44.7298633	-108.7605493
517663939	44.5267933	-109.0735493
517663888	44.5160733	-109.0690293
517663739	44.5152143	-109.0406883
517791673	44.7523933	-108.7461993
517663790	44.5241693	-109.0766753
517663807	44.5261183	-109.0646153
517791937	44.7293533	-108.7570193
517791906	44.8612532	-108.6813793
517663837	44.1490773	-108.8741764
517792533	44.7368133	-109.0499393
517790468	44.8835822	-108.4677683
517663358	44.4587244	-109.7475771
517663791	44.5261283	-109.0536783
509958798	45.6635934	-111.0577686
517791553	44.5421533	-109.0123993
517663787	44.5164673	-109.0892123
517791200	44.5884243	-108.9867563
517664522	44.5276033	-109.0604993
517663744	44.5270843	-109.0652463
517664071	44.5286033	-109.0502693
517664023	44.5155933	-109.0939393
517792359	44.5303133	-109.0437493
517791859	44.6870233	-108.9662193
517792380	44.5341033	-109.0557593
517791254	44.7495273	-108.7641463
517664415	44.5273233	-109.0624093
517663915	44.5257333	-109.0523193
509947383	45.7934431	-108.5192292
517416139	41.1169394	-104.8113598
517791393	44.7501063	-108.7611163
517663359	44.5159283	-109.1030513
517791892	44.7181933	-108.7387493
510020866	46.5990234	-111.9822383
517664312	44.5175033	-109.0448893
517792245	44.5834903	-109.0274613
517663604	44.5268563	-109.0512393
517664268	44.5253633	-109.0346793
517664011	44.5253833	-109.0635193
517663372	44.2082484	-109.5499012
517791993	44.7412833	-108.9572693
517791889	44.7549033	-108.7571393
517663900	44.5263833	-109.0578193
517663970	44.5257133	-109.0567693
517792092	44.7509833	-108.7639093
517663386	44.4935994	-109.9372041
509946086	45.7794931	-108.4963292
517664547	44.1891933	-108.8787294
517664433	44.5176333	-109.0561293
517663590	44.5260283	-109.0509033
517663979	44.5268233	-109.0572793
517504292	42.8816323	-106.4407421
517790602	44.8372432	-108.3909994
517663561	44.4502833	-109.1543993
517791449	44.7489783	-108.7607193
517663755	44.5187723	-109.0541513
517790707	44.8189532	-108.3720894
517792545	44.9825433	-109.2564592
517664510	44.5255833	-109.0402693
517792353	44.5318833	-109.0434393
517663748	44.5152203	-109.0432613
509953720	45.6574032	-108.7795391
517663865	44.5157906	-109.0942442
517508128	43.4730373	-110.7697172
516650172	36.1402432	-86.8167160
517791894	44.7538233	-108.7556093
517792067	44.7251733	-108.7527693
517663542	44.4344433	-109.1923693
517663584	44.5261283	-109.0536783
517791718	44.7734533	-108.6790493
517792231	44.8690643	-109.6402631
517663840	44.3556283	-108.6716184
517664034	44.5280933	-109.0692993
517792388	44.5337533	-109.0569593
517664099	44.5226633	-109.0554193
517663578	44.5205903	-109.0803363
517663531	44.4500433	-109.1606193
517663853	44.5157906	-109.0942442
517792205	44.5627933	-109.0458883
517508696	43.4263336	-110.7758291
517791566	44.6253133	-108.9599193
517791541	44.5357633	-109.0102793
517663620	44.4843023	-108.9837303
517792225	44.8742603	-109.6502161
517508040	43.4202486	-110.7756171
517663419	44.4859926	-109.3474059
517664299	44.5172433	-109.0722993
517663397	44.5018804	-109.9579321
517792136	44.7519833	-108.7571593
517502904	42.8574133	-106.3358402
517664445	44.5282433	-109.0217093
517664381	44.5263433	-109.0630793
517664385	44.5240733	-109.0654993
517664380	44.5293833	-109.0375193
509951921	45.7256032	-108.6132592
517791463	44.7596003	-108.7608143
517791252	44.7568733	-108.7606013
517664139	44.5257333	-109.0519293
517791710	44.7469933	-108.7467693
517504406	42.8604313	-106.4373421
517791812	44.7562433	-108.7565193
517663796	44.5154503	-109.0520633
509959219	45.6609034	-111.0614786
517663919	44.5267933	-109.0655093
517791533	44.5886833	-108.9799593
517664357	44.5245233	-109.0655893
517664434	44.5194333	-109.0702393
517790648	44.8377832	-108.3867694
517663742	44.5259543	-109.0600873
517791377	44.7642693	-108.7294273
517792137	44.7544133	-108.7549893
517790695	44.8378132	-108.3895894
509950952	45.7301331	-108.5962292
509823283	44.9994703	-109.0545682
517791749	44.7427233	-108.7167193
517792345	44.5327033	-109.0380793
517791964	44.7588733	-108.7657893
517792404	44.5366833	-109.0251193
517663857	44.5157906	-109.0942442
517507601	43.4623736	-110.7970391
517791745	44.7526333	-108.7593893
517664306	44.5278133	-109.0184793
517505014	42.8743333	-106.4374001
517792237	44.5343673	-109.0544023
517664438	44.5266933	-109.0615693
517791782	44.7757233	-108.7705893
517792087	44.7529733	-108.7651893
517664164	44.5263833	-109.0477293
517791567	44.5589333	-108.9895493
517663624	44.5185843	-109.0720493
517791595	44.5795233	-109.0014493
517791423	44.6873363	-108.6568504
517792128	44.7547033	-108.6980493
517664558	44.1558333	-108.8673094
510021011	46.6471634	-111.9240183
517663445	44.4279633	-109.1747893
517791992	44.6773533	-108.9333293
517792546	44.9833333	-109.0844792
517792447	44.5329633	-109.0508593
517664334	44.5126233	-109.0958993
517668382	44.2386530	-105.4669502
517790592	44.8324632	-108.3787394
517792357	44.5326333	-109.0359393
517504783	42.8603433	-106.4019002
517792103	44.7607233	-108.7670793
517792060	44.7529733	-108.7704693
517791828	44.7592933	-108.7555793
517663612	44.5263043	-109.0262123
517664560	44.3811533	-108.6293594
517791579	44.5471533	-108.9998293
517663917	44.5181133	-109.0681293
517664171	44.5167233	-109.0710893
517500580	42.8566633	-106.3025302
517791694	44.7475933	-108.7594193
517792257	44.5417743	-109.0652203
517791732	44.8336233	-108.7605793
517664124	44.5257133	-109.0627493
517664457	44.5206233	-109.0735393
517791591	44.6363233	-108.9518893
517664539	44.1914133	-108.8971194
517664008	44.5143833	-109.0442093
517663963	44.5274533	-109.0684593
517664003	44.5263533	-109.0652093
517664143	44.5159933	-109.0817693
517791366	44.7765833	-108.7738923
517663757	44.5260173	-109.0623843
517664217	44.5279033	-109.0662293
517791707	44.7197633	-108.8028993
517792164	44.7504433	-108.7552193
517792131	44.7519833	-108.7565593
517664479	44.5284433	-109.0637893
517792097	44.7469833	-108.7594193
517663782	44.5168083	-109.0865413
517791547	44.6079633	-108.9685293
517792310	44.5437533	-109.0621693
517664027	44.5274633	-109.0590593
517663780	44.5271363	-109.0602733
517663495	44.5123033	-109.1076493
517790635	44.8358232	-108.3908894
517664289	44.5230633	-109.0529493
517663428	44.4859926	-109.3474059
517792106	44.7554033	-108.7374493
517664060	44.5060233	-108.9701093
517663018	43.5339535	-109.6325393
517792457	44.5387033	-109.0349093
517664461	44.5257433	-109.0495493
517792276	44.9696723	-109.2315502
517664042	44.5268233	-109.0693693
510022005	46.6017034	-111.9924383
517663809	44.5147153	-109.0989153
517664093	44.5268033	-109.0663393
517792036	44.7563633	-108.7373693
517663715	44.5186203	-109.0541393
517662644	43.5998064	-109.4323464
517790757	44.8400432	-108.3951094
517792235	44.5419733	-109.0621303
517664020	44.5285633	-109.0590593
517791450	44.7505933	-108.7530383
517792105	44.7544933	-108.7599893
517791868	44.7489533	-108.7603493
517791934	44.7656933	-108.7093393
517664301	44.5235033	-109.0546293
517664534	44.1737533	-108.8849394
509958357	45.6638534	-111.0536086
517792424	44.5321433	-109.0206893
517664111	44.5194833	-109.0473393
517791941	44.7544233	-108.7579893
517664161	44.5257033	-109.0610193
517791816	44.7389033	-108.9489793
517792403	44.5329733	-109.0175093
517792135	44.7530733	-108.7569693
517792486	44.5329533	-109.0464993
517663779	44.5166863	-108.9583113
517663523	44.4650233	-109.1801593
517792348	44.5329733	-109.0220993
517792468	44.5392533	-109.0309693
517414702	41.1134634	-104.8216608
517791788	44.7615933	-108.7579793
517664005	44.5264733	-109.0642293
517792335	44.5351133	-109.0375893
517663740	44.5118173	-108.9755033
517792326	44.5339733	-109.0290993
517663772	44.5261293	-109.0535463
517414666	41.1124134	-104.8244608
517664183	44.5257233	-109.0630393
517664325	44.5287033	-109.0162493
517664400	44.5296633	-109.0579493
517663983	44.5267933	-109.0735493
517663831	44.0915074	-109.0545284
517502708	42.8602333	-106.3406402
517664532	44.1583533	-108.8717694
517664215	44.5252733	-109.0571893
517791389	44.7577783	-108.7799953
517791297	44.7044483	-108.9163893
517792497	44.5306833	-109.0594493
517663535	44.5115333	-109.1029393
517663699	44.5170453	-109.0825403
517791302	44.7530743	-108.7575313
509958663	45.6605234	-111.0528186
517664114	44.5195933	-109.0619693
517663591	44.5249203	-109.0632263
509950932	45.7379231	-108.5904392
517664244	44.5013133	-109.0963293
517792165	44.7629033	-108.7538393
517791586	44.5908133	-108.9750893
517664130	44.5257233	-109.0634293
517663496	44.4441733	-109.1807493
517663459	44.5122633	-109.1080293
517663598	44.5261273	-109.0539943
517792011	44.7968433	-108.6698093
517663736	44.5201183	-109.0747583
517792021	44.7242933	-108.7762693
517664222	44.5263433	-109.0635093
517664373	44.5077633	-109.0999493
517791863	44.7550433	-108.7593693
517663810	44.5150923	-109.0402613
517792216	44.5317663	-109.0581793
517792146	44.7550733	-108.7565293
517664350	44.5173833	-109.0502593
517791343	44.7247093	-108.7132523
517664262	44.5158533	-109.0961793
517792006	44.7590133	-108.7769493
517664208	44.5224133	-109.0691293
517663997	44.5144833	-109.0940293
517663369	44.5159283	-109.1030513
517792255	44.5380073	-109.0313313
517791459	44.7610773	-108.7649593
517791804	44.7555133	-108.8908893
517664421	44.5157833	-109.0883893
517791703	44.7310833	-108.7576393
517663425	44.4859926	-109.3474059
517664214	44.5279133	-109.0568893
517664000	44.5279133	-109.0565993
517792058	44.7677633	-108.8250393
517791306	44.7520753	-108.7473873
517664249	44.5222433	-109.0427293
517664322	44.5267933	-109.0735493
517791600	44.5529333	-109.0050893
517663402	44.5126613	-109.1091733
517792338	44.5338233	-109.0315293
509953117	45.7263732	-108.7036592
509958409	45.6605234	-111.0528186
517664252	44.5242733	-109.0654993
517792407	44.5318933	-109.0221993
517792402	44.5324233	-109.0458593
517792222	44.7237313	-109.5863301
517791792	44.7600333	-108.7306693
517791603	44.5966333	-108.9692193
517791596	44.5468633	-109.0111093
517791331	44.7599413	-108.7282733
517664038	44.5257333	-109.0530993
517791528	44.7959932	-108.5040394
517664224	44.5252733	-109.0624993
517664054	44.5281133	-109.0758093
503613544	21.2820766	-157.8004466
517791834	44.7486033	-108.7676393
517663435	44.4578933	-109.1667893
517663574	44.5244943	-109.0620113
517791735	44.7643233	-108.7521493
517664069	44.5156233	-109.0857893
517791576	44.6450433	-108.9732693
517791820	44.7095833	-108.8832693
517664362	44.5257233	-109.0629393
517663817	44.1036644	-109.0365294
517504196	42.8499333	-106.3748702
517792126	44.7271233	-108.7632993
517792305	44.5327133	-109.0420193
517664471	44.5156033	-109.0413593
517663511	44.4033633	-109.2787093
517792488	44.5330133	-109.0327693
517663835	44.3363493	-108.6619764
517664375	44.5205633	-109.0512693
517792214	44.5331003	-109.0228163
517791803	44.7547433	-108.7349793
517792112	44.6869233	-108.9074393
517664541	44.0986234	-108.9900094
517663545	44.4769733	-109.1206093
517790654	44.8465932	-108.3137194
517664464	44.5279133	-109.0671493
517792543	44.8968833	-109.1637492
517791884	44.7541933	-108.9675793
517792312	44.5367033	-109.0374193
517663828	44.0255234	-108.9782664
517790560	44.8264632	-108.3925194
517790685	44.8264432	-108.3900194
517790480	44.8337928	-108.3891846
509946426	45.7804731	-108.5036592
517664493	44.5290433	-109.0740093
517663653	44.5170323	-109.0826843
517791847	44.7692133	-108.8226193
517791606	44.6267533	-108.9628293
509945860	45.7703021	-108.4996475
517790693	44.7998532	-108.4143294
517790747	44.8357832	-108.3867394
517792466	44.5324233	-109.0452193
517791860	44.7526433	-108.7478893
517791831	44.7597833	-108.7708693
517791899	44.7544333	-108.7607593
517792186	44.7551633	-108.7571393
517791414	44.7499453	-108.7581713
517791201	44.5971623	-108.9739713
517663883	44.5297733	-109.0687293
517664288	44.5279033	-109.0628893
517791848	44.7575133	-108.7477793
517792495	44.5321533	-109.0520593
517663868	44.5157906	-109.0942442
517791379	44.7535943	-108.7150583
517664242	44.5218433	-109.0556893
517663701	44.5259543	-109.0600873
517501352	42.8499743	-106.3238242
517790674	44.8222032	-108.3940094
517663396	44.4668184	-109.4145772
517664236	44.5262933	-109.0642293
517791283	44.6680923	-108.9396873
517792296	44.9758095	-110.6904945
517664304	44.5107233	-109.0946893
517664489	44.5202533	-109.0373393
517792411	44.5329633	-109.0212093
517791661	44.7597233	-108.7775993
517664328	44.5252633	-109.0553193
517791712	44.7353833	-108.7578893
517792051	44.7481233	-108.7644993
517664021	44.5292433	-109.0347993
517792372	44.5338633	-109.0257493
517792151	44.7619833	-108.7523193
517664436	44.5154733	-109.0436093
517791726	44.7903333	-108.7573393
517664427	44.5112633	-109.0989893
517792542	44.7414633	-109.0181193
517791665	44.7592933	-108.7555793
517664302	44.5216433	-109.0499193
517664274	44.5252733	-109.0624993
517792260	44.5669653	-109.0490013
517792441	44.5347033	-109.0484493
517664321	44.5285633	-109.0628893
503568882	61.1405983	-149.8451980
517792363	44.5427633	-109.0628193
517791883	44.7630433	-108.7522793
517791531	44.5538333	-109.0025593
517663774	44.5146053	-109.0620093
517667650	44.2144590	-105.4513852
517791658	44.7559233	-108.7688393
517791245	44.7174583	-108.7802683
517790611	44.8342732	-108.3884894
517663530	44.4470333	-109.1876693
517664452	44.5267933	-109.0652093
517792294	44.9322922	-109.1576990
517791328	44.7534083	-108.7618483
517664102	44.5179633	-109.0783993
517664178	44.5106733	-108.9453793
517664045	44.5181233	-109.0618193
517792370	44.5400133	-109.0317893
517792271	44.6838573	-109.0149103
517791225	44.8902782	-108.5720293
517663585	44.5271943	-109.0651763
517791723	44.8652032	-108.6909293
517791680	44.7627933	-108.7850793
517663391	44.5039023	-109.1046163
509946202	45.7794931	-108.4963292
517791516	44.7168296	-108.8702853
517791475	44.7246853	-108.7822553
510021655	46.6015334	-112.0004583
517664031	44.5016233	-109.0964793
517502683	42.8593133	-106.3268502
517664115	44.5166733	-109.0936293
517791359	44.7562423	-108.7698813
517664146	44.5197233	-109.0536093
517663968	44.5200633	-109.0585693
517792487	44.5320133	-109.0467193
517790556	44.8269132	-108.4605994
517664059	44.5257033	-109.0607793
517792329	44.5380133	-109.0364893
517792444	44.5857533	-109.0188193
509952575	45.7450432	-108.6462892
517792452	44.5405433	-109.0274593
517791518	44.7168296	-108.8702853
517791303	44.7608933	-108.7718553
517792044	44.6778033	-108.9163193
517792406	44.5329933	-109.0344693
517791345	44.7681153	-108.6694393
517664269	44.5239433	-109.0272993
517664118	44.5256733	-109.0423793
517792281	44.9346563	-109.2539032
517664025	44.5263433	-109.0632193
517663579	44.5259543	-109.0600873
517792531	44.5468633	-109.0111093
517791963	44.7523933	-108.7579993
509946218	45.7834931	-108.5004892
517663801	44.5128653	-109.0283613
517792430	44.5339433	-109.0320193
517664141	44.5200633	-109.0585693
517664074	44.5203633	-109.0535993
517663534	44.4553833	-109.1703193
517663754	44.5164743	-109.0891403
517664263	44.5284033	-109.0260793
517663617	44.5261293	-109.0535463
517664453	44.5156233	-109.0857893
517664026	44.5012133	-108.9478493
517664223	44.5226033	-109.0472193
517663572	44.4982253	-109.0022613
517791998	44.7461233	-108.7580693
517792208	44.5343263	-109.0544033
517792344	44.5338633	-109.0389193
517663991	44.5170133	-109.0356793
517501502	42.8484833	-106.3233002
517791368	44.7522013	-108.7457613
517791954	44.6855233	-108.9057993
517503268	42.8465643	-106.3603062
517664456	44.5224133	-109.0674993
517663636	44.5271363	-109.0602733
503567584	61.1614694	-149.8555100
517664392	44.4960733	-109.0267693
517663463	44.4504433	-109.1795593
517792094	44.7477733	-108.7655093
517790483	44.8337928	-108.3891846
517792147	44.7513233	-108.7630493
517791340	44.7227593	-108.8208013
517664154	44.5257333	-109.0525193
517664492	44.5200633	-109.0585693
509946052	45.7794931	-108.4963292
517664308	44.5265833	-109.0195993
517662720	43.9504324	-109.0844584
517664043	44.5252733	-109.0624993
509945135	45.7704831	-108.4909392
517790697	44.8140732	-108.4374694
517791322	44.7512983	-108.7635873
517664563	44.1580733	-108.8713494
517792145	44.7444733	-108.7423793
517792465	44.5372533	-109.0179893
517663680	44.5157803	-109.0534233
517791882	44.7534633	-108.7579993
517663532	44.5146933	-109.1029393
517792314	44.5338333	-109.0510193
517663937	44.5213533	-109.0429693
509947219	45.7803431	-108.5142692
517792491	44.5341233	-109.0465893
517792442	44.5327033	-109.0384693
517792541	44.8968833	-109.1637492
517791840	44.7617533	-108.7384293
517791428	44.7331813	-108.6990753
517791974	44.7496333	-108.7486193
517791823	44.7539733	-108.7792193
517791908	44.7509133	-108.7469593
517663505	44.4630034	-109.4974992
517792429	44.5350433	-109.0254593
517792483	44.5368133	-109.0415093
517791711	44.7524233	-108.7565393
517792181	44.7548333	-108.7593793
517791568	44.5722133	-108.9913493
517664472	44.5263433	-109.0628293
517663999	44.5053033	-108.9833593
517663476	44.4606834	-109.5223092
517790672	44.8164232	-108.4617594
517664498	44.5289633	-109.0407593
517663623	44.5261753	-109.0328533
517664067	44.5200633	-109.0585693
517792143	44.7504833	-108.7653193
517792259	44.8684713	-109.6365231
517792401	44.5464433	-109.0148793
517501884	42.8504533	-106.3204902
517792511	44.5337833	-109.0410193
517791210	44.5681523	-108.9803473
517663930	44.5253833	-109.0635193
517663536	44.4606934	-109.4696292
517791799	44.7510333	-108.7060893
517792198	44.5366123	-109.0450473
503569179	61.1662584	-149.8440280
517791785	44.7529933	-108.7346893
517663643	44.5216363	-109.0279203
517664232	44.5257233	-109.0645993
517663487	44.4736634	-109.4077192
517791693	44.7557333	-108.7565193
517664055	44.5263833	-109.0690593
517504263	42.8562203	-106.4343561
517668267	44.2601230	-105.4853802
509946236	45.7825631	-108.4977192
517792088	44.7251833	-108.7533393
517663662	44.5078053	-109.0405173
517664041	44.5263433	-109.0633193
517663642	44.5202473	-109.0387433
517664064	44.5257133	-109.0592593
517792421	44.5314233	-109.0417393
517792469	44.5316533	-109.0570693
517663887	44.5274633	-109.0592593
517664122	44.5246633	-109.0410193
517663525	44.4760833	-109.1195393
517792093	44.7771433	-108.7420693
517791795	44.7538933	-108.7579893
517791678	44.7667333	-108.7601293
517664016	44.5189933	-109.0362793
517664495	44.5142833	-109.0713893
517663684	44.5265663	-109.0698343
517791215	44.5573453	-108.9806043
517664058	44.5185933	-109.0561293
517664147	44.5190433	-109.0663193
517792493	44.5845033	-109.0185193
517791406	44.7607163	-108.7217063
517502434	42.8515033	-106.3271302
509959340	45.6635934	-111.0621186
517663566	44.5271153	-109.0604363
509947426	45.7839631	-108.5134992
517663361	44.4445593	-109.1599073
517791248	44.6946913	-108.6948923
517664494	44.5235033	-109.0783493
517791220	44.8832032	-108.4693644
517664048	44.5257233	-109.0634293
517413530	41.1111034	-104.8460708
517791838	44.8079433	-108.7828093
517664284	44.5246133	-109.0614993
517508396	43.4736736	-110.7602391
517790281	44.8375562	-108.3815524
509958779	45.6637234	-111.0543286
517663973	44.5241733	-109.0539793
517663657	44.5260173	-109.0618813
517791573	44.5494433	-109.0065293
517792139	44.7539133	-108.7520693
517663695	44.5261363	-109.0512393
517791525	44.7965532	-108.5136794
517791433	44.7520623	-108.7576653
517791763	44.8086033	-108.7383793
517663527	44.4624633	-109.1763093
517791296	44.7495273	-108.7641463
517791856	44.7534233	-108.7613793
517792009	44.7745633	-108.6716193
517790759	44.8272732	-108.3919294
517663893	44.5252733	-109.0644193
517664446	44.5130033	-109.0682193
517664179	44.5200633	-109.0585693
517791874	44.7881933	-108.6996193
517664313	44.5254533	-109.0635193
517791872	44.7584933	-108.7477693
517663393	44.4945963	-109.3331622
517792075	44.7505233	-108.7627693
517663993	44.5275333	-109.0393093
517664079	44.5268233	-109.0615793
517790273	44.8376162	-108.3842544
517792295	44.9322922	-109.1576990
517663510	44.4501633	-109.1639293
517791657	44.7524333	-108.7553693
517791288	44.7561393	-108.7708063
517792379	44.5354833	-109.0364793
517664491	44.5257133	-109.0567693
517791861	44.7675833	-108.7513093
517663431	44.4994133	-109.3031192
517792118	44.7512233	-108.7469593
517792432	44.5704533	-109.0605593
517791802	44.7513233	-108.7646493
517663464	44.4846233	-109.1095993
517791966	44.7669933	-108.6450793
517504614	42.8050133	-106.4332502
517663928	44.5241733	-109.0648193
517790659	44.8248832	-108.3750394
517664151	44.5268133	-109.0672193
517663473	44.4697033	-109.1306793
517664173	44.5219633	-109.0688293
517791436	44.7495273	-108.7641463
517662721	43.9990814	-109.0382074
517663935	44.5185333	-109.0528293
517664092	44.5217433	-109.0627293
517664345	44.5247233	-109.0655893
503613056	21.2805366	-157.7994466
517791973	44.6916333	-108.8666893
517664241	44.5103733	-109.0668493
517664459	44.5263833	-109.0687593
517663713	44.5271363	-109.0602733
517791604	44.5780733	-108.9997793
517663910	44.5257233	-109.0653893
517663608	44.5261213	-109.0650583
517663767	44.5125993	-109.0269293
517791655	44.7494033	-108.7674793
517790710	44.8255132	-108.3913594
517663833	44.1482693	-108.8742484
517791247	44.7414283	-108.7598203
517663756	44.5147023	-109.0994543
517792095	44.6851433	-108.9140493
517791560	44.5421633	-108.9941793
517790713	44.8282432	-108.3894994
517790307	44.8374862	-108.3886694
517663521	44.4513933	-109.1564293
503615378	21.2869866	-157.8128466
517791760	44.7539733	-108.7796493
517792523	44.5343033	-109.0400693
517663650	44.5261293	-109.0535463
517664063	44.5200633	-109.0585693
517792081	44.7494133	-108.7587593
517791982	44.7559233	-108.7645093
517663485	44.4222833	-109.1898493
517663855	44.5157906	-109.0942442
517791825	44.7538433	-108.7505393
517663786	44.5260193	-109.0535193
517663741	44.5261363	-109.0512393
517792120	44.7362033	-108.7588493
517668474	44.2308430	-105.4464202
517792350	44.5386633	-109.0199593
517791922	44.7553133	-108.7593693
517790285	44.8375872	-108.3923804
517664293	44.5160433	-109.0671293
517663946	44.5252733	-109.0574593
517664402	44.5264733	-109.0642293
509947690	45.7896931	-108.5132392
517792059	44.8146633	-108.7401593
517663702	44.5263263	-109.0224923
517792510	44.5910433	-109.0226193
517792053	44.7540533	-108.7387993
517504696	42.8070833	-106.4368402
517792173	44.7531733	-108.7565393
517791984	44.7521333	-108.7491593
517505069	42.8434033	-106.4028702
517501544	42.8473833	-106.3255902
517791205	44.6071813	-108.9687953
503613167	21.2817866	-157.7995066
517663378	44.4356003	-109.1291483
517792213	44.5417923	-109.0652413
517663569	44.5175383	-109.0540593
517792041	44.7804933	-108.7706193
517664097	44.5182333	-109.0561293
517664190	44.5148233	-109.0399093
517664072	44.5252333	-109.0076393
517663933	44.5231833	-109.0557293
517791739	44.7550733	-108.7599893
517791836	44.7578533	-108.7479693
517664285	44.5153733	-108.9601293
517791605	44.5834033	-108.9961593
517790279	44.8358082	-108.3870864
517791350	44.7681163	-108.6317493
517791900	44.7753033	-108.8324293
517664272	44.5234333	-109.0390293
517664052	44.5126233	-108.9725293
517663705	44.5259923	-109.0708203
517792049	44.7540333	-108.6980493
517791255	44.7493453	-108.7575083
517664425	44.5181033	-109.0662693
517664168	44.5110333	-109.0672093
517792045	44.7539933	-108.7549893
517791221	44.8814112	-108.4778954
517664282	44.5159633	-109.0495793
517791942	44.6990133	-108.9661093
517792038	44.7538633	-108.7565293
517663781	44.5152943	-109.0714463
517791913	44.7664133	-108.8250393
517664382	44.5267533	-109.0643793
517662723	43.9488474	-109.0858564
503615451	21.2888766	-157.8118766
517791269	44.7548263	-108.7502733
517792217	44.5332053	-109.0228183
517664135	44.5249233	-109.0327693
517791690	44.7522533	-108.7571593
517663367	44.4171323	-109.1573583
517663550	44.4464833	-109.1756793
517664540	44.1005834	-109.0750094
517791327	44.7676483	-108.7699833
517792218	44.5322093	-109.0536723
517664320	44.5267933	-109.0735493
517414655	41.1128034	-104.8239608
517791470	44.7608133	-108.7271833
517792155	44.7532133	-108.7579993
517791887	44.7491133	-108.7694593
517663733	44.5122943	-108.9589123
517791344	44.7449843	-108.8495113
517664213	44.5126233	-109.0955093
517664087	44.5006333	-109.0959593
517504403	42.8698213	-106.4322121
517792297	44.9758095	-110.6904945
517791263	44.6691273	-108.5943974
517792065	44.7520933	-108.7607693
517792168	44.7577433	-108.7644993
503613443	21.2848866	-157.8037866
517664505	44.4951533	-109.0296493
517792249	44.5402803	-109.0341253
517791472	44.6908653	-108.9095123
510020464	46.6462674	-111.9292743
517791497	44.7537795	-108.7883776
517791402	44.7677743	-108.7496083
517791969	44.7293133	-108.8934793
516651081	36.1385832	-86.8190160
517790643	44.8366832	-108.3908594
517791365	44.7755003	-108.6990263
517791639	44.9688732	-108.6184993
517663669	44.5259913	-109.0708323
517792369	44.6193033	-109.1637793
517663797	44.5258313	-109.0621453
517664240	44.5156133	-109.0424393
517790636	44.8372132	-108.3883694
517664297	44.5156133	-109.0424393
517664264	44.5128533	-109.0646493
517791752	44.7375933	-108.7570493
517792149	44.7607033	-108.7783493
517791495	44.7318027	-108.7396886
517664554	44.0905134	-108.9583994
517663764	44.5214323	-109.0614813
517664548	44.3272233	-108.6966594
517663704	44.5283363	-109.0580803
517664197	44.5242333	-109.0742093
517791467	44.7158713	-108.7194193
517791897	44.7678733	-108.7745293
517663457	44.4465533	-109.2002293
517791758	44.7553533	-108.7724693
517663651	44.5224393	-109.0542093
517792330	44.5410133	-109.0265893
517792244	44.5343493	-109.0247503
517791427	44.7495473	-108.7738043
517792261	44.5334873	-109.0399723
517792005	44.7280633	-108.9388593
517663792	44.5283193	-109.0612553
517792236	44.5333773	-109.0403473
517664014	44.5282933	-109.0210893
517792191	44.7559433	-108.7571393
517791720	44.7213633	-108.7218593
517664255	44.5267933	-109.0735493
509957983	45.6675874	-111.0550096
509958962	45.6621254	-111.0626806
517663771	44.5278573	-109.0230893
517663969	44.5185233	-109.0579893
517664483	44.5185433	-109.0521493
517663655	44.5268633	-109.0602653
517663916	44.5279133	-109.0616693
517792440	44.5316333	-109.0523793
517791276	44.7401763	-108.8003383
517664001	44.5252733	-109.0624993
517664110	44.5221033	-109.0632493
517792490	44.5339433	-109.0320193
517791352	44.7563723	-108.7404643
503568934	61.1487183	-149.8433780
517663955	44.5213833	-109.0682493
517792273	44.7529723	-109.0177113
517792471	44.5312033	-109.0587693
517790714	44.8359832	-108.3987494
517790690	44.8313332	-108.3917994
517664205	44.5274533	-109.0598993
517792144	44.7442633	-108.7574493
517792509	44.8927133	-109.6986891
517664136	44.5263833	-109.0471093
517663879	44.5156633	-109.0903193
517792552	44.9555633	-109.1759692
517664401	44.5061733	-109.1009993
517664160	44.5226633	-109.0554193
517664138	44.5025933	-109.0278893
517791691	44.7475533	-108.7732093
517792150	44.7543833	-108.7567193
517792474	44.5386033	-109.0365193
517663508	44.5052733	-109.2178793
517791204	44.5999693	-108.9648703
517664009	44.5193733	-109.0718893
517664360	44.5275433	-109.0643893
517664506	44.5195933	-109.0619693
517792158	44.6952933	-108.7175393
517663948	44.5257133	-109.0593993
517792224	44.9424033	-109.5814711
510022215	46.6451634	-112.0067883
509946288	45.7759531	-108.4953392
517664535	44.3141333	-108.7297794
517664470	44.5197533	-109.0555993
517792340	44.5424933	-109.0139493
517791686	44.7909533	-108.7985993
517663494	44.4453333	-109.1897293
517663943	44.5257133	-109.0590093
517791810	44.7533533	-108.7571493
517664529	44.1582533	-108.8716294
517663677	44.4913503	-108.9770583
517792197	44.5310713	-109.0564253
517791222	44.8819952	-108.4692524
517792111	44.7628233	-108.7545793
517790252	44.8480412	-108.2902004
517790698	44.8387632	-108.3979694
517791443	44.7530743	-108.7575313
517792303	44.9198033	-109.2455492
517791774	44.7526433	-108.7478893
517663954	44.5173933	-109.0534893
517791904	44.7499033	-108.8241293
517792172	44.7052633	-108.7585593
517663858	44.5157906	-109.0942442
517663381	44.4625044	-109.5010512
517792548	44.7524633	-109.0185693
517791196	44.7963962	-108.5036444
517663863	44.5157906	-109.0942442
517664514	44.5169133	-109.0418693
517663706	44.5216833	-109.0334323
517792107	44.7555133	-108.6925593
517792529	44.5312233	-109.0523493
517791326	44.7596003	-108.7608143
517792505	44.5326933	-109.0392293
517790702	44.8264432	-108.3900194
510022710	46.6135234	-112.0202383
517792504	44.5357733	-109.0429993
517791809	44.7859133	-108.7490993
517792119	44.7443633	-108.9335393
517792016	44.7596533	-108.7555793
517663811	44.5260043	-109.0639473
517792349	44.5326933	-109.0397993
517664012	44.5267933	-109.0735493
517663666	44.5261743	-109.0324513
516651951	36.1389432	-86.8200960
517663548	44.4325233	-109.1974293
517664315	44.5267933	-109.0735493
517664162	44.5246233	-109.0645293
503613035	21.2837466	-157.8017666
517791786	44.7593133	-108.7620493
517792195	44.7182033	-108.8656793
517791562	44.5483933	-108.9962893
517663360	44.1236574	-109.6315472
517663773	44.5260173	-109.0616883
517663827	44.2262173	-108.8299174
517663722	44.5188953	-109.0555363
517791351	44.7536683	-108.7531563
517792229	44.5309083	-109.0512733
517792464	44.5361433	-109.0429993
517791476	44.6874153	-108.8857823
517663424	44.4859926	-109.3474059
517792327	44.5347533	-109.0307393
517664337	44.5111033	-109.0146493
517791347	44.7561393	-108.7708063
517663942	44.5235833	-109.0667293
517792084	44.7604333	-108.7777893
517792500	44.5324233	-109.0458593
517790561	44.8378332	-108.3888094
517791740	44.7845233	-108.8166693
517501372	42.8499743	-106.3238242
517664211	44.5267933	-109.0655093
517663633	44.5271943	-109.0651763
517664237	44.5085733	-109.0989993
517664356	44.5294233	-109.0314093
517664432	44.5221833	-109.0732793
517791978	44.7070833	-108.7618993
517662661	43.6284495	-109.8566433
517663537	44.4599233	-109.1680593
517791903	44.7197633	-108.8028993
517791730	44.7243033	-108.7788093
517664339	44.5144533	-109.0419893
517791614	44.5945233	-108.9576893
517792358	44.5339933	-109.0417393
517666642	44.2678640	-105.5053381
517791309	44.7533763	-108.7575203
517663559	44.3877934	-109.2860993
517792453	44.5390533	-109.0309493
517664515	44.5286033	-109.0508493
509947107	45.7815031	-108.5128792
517663398	44.4646964	-109.4585072
517791390	44.7542273	-108.7544443
517792502	44.5365633	-109.0269393
517791824	44.7521033	-108.7645193
517663674	44.5198863	-109.0542163
517663696	44.5186413	-109.0541413
517791540	44.5868433	-108.9733393
517662957	43.5668335	-109.7664593
517663803	44.5261153	-109.0636143
517790730	44.8366932	-108.3919294
517663357	44.4211333	-109.2550213
517662958	43.5307835	-109.6284993
517663670	44.5261293	-109.0535463
517792341	44.6129533	-109.1358793
517791216	44.5488403	-108.9820363
517792325	44.5348733	-109.0471893
517792313	44.5367133	-109.0510193
517664253	44.5246233	-109.0650593
517791409	44.9005042	-108.7091203
517664051	44.5294733	-109.0508293
517664245	44.5144333	-109.0627693
517663949	44.5128733	-109.0637393
517663731	44.5261253	-109.0628323
517792498	44.5733333	-109.0606493
517504703	42.8619933	-106.4186002
517790758	44.8357332	-108.3896394
517792183	44.7160533	-108.7377193
517791286	44.7480343	-108.7701643
517792419	44.5336133	-109.0548993
517791588	44.5362333	-109.0093393
517792030	44.7543833	-108.7564493
517792477	44.5399033	-109.0691893
517664076	44.5299833	-109.0410693
517791265	44.7533293	-108.7439753
517792206	44.5402803	-109.0341253
517663480	44.4805134	-109.4358192
517664085	44.5129033	-109.0791393
517663637	44.5170453	-109.0825403
517663403	44.4402923	-109.1293183
517792331	44.5854433	-109.0239893
517664449	44.5239933	-109.0786993
517663498	44.4291433	-109.1919893
517792481	44.5360233	-109.0364893
517791422	44.7214663	-108.8411443
517792394	44.5417933	-109.0635093
517792301	44.9133333	-109.2050292
517664296	44.5181833	-109.0534593
517791240	44.9688472	-108.6214883
517792124	44.7257433	-108.7535493
517791597	44.5834633	-108.9935693
517663829	44.1439373	-108.8762194
517790661	44.8324632	-108.3787394
517663914	44.5246133	-109.0607293
517663842	44.1582433	-108.8724774
517791675	44.7564833	-108.7571393
517791662	44.7563633	-108.7695993
517791507	44.7537795	-108.7883776
517504334	42.8631403	-106.4101712
517792050	44.7979033	-108.8029093
517664287	44.5246033	-109.0554293
517663947	44.5201333	-109.0678893
517791811	44.7523133	-108.7449993
517792492	44.5336833	-109.0426593
517663388	44.4600734	-109.4750942
517508726	43.4767136	-110.7653691
517664368	44.5220533	-109.0305693
517791444	44.7530743	-108.7575313
517664543	44.1245533	-108.9180594
517792102	44.8087433	-108.8014693
517792381	44.5502233	-109.0668093
517792428	44.5304633	-109.0417293
517791769	44.8265133	-108.7791093
517663422	44.4859926	-109.3474059
517791765	44.7517533	-108.7739793
517664518	44.5267933	-109.0655093
517664056	44.5213833	-109.0715593
517791780	44.7592333	-108.7541193
517663926	44.5148133	-109.0394593
517664329	44.4892733	-108.9901393
517664435	44.5172533	-109.0414693
517792035	44.7532733	-108.7538693
517663631	44.5091263	-108.9518393
517664403	44.5203433	-109.0412593
517664080	44.5195933	-109.0619693
517664311	44.5252733	-109.0644193
517664429	44.5172433	-109.0722993
517663551	44.4172333	-109.2072393
517791456	44.7594403	-108.7299663
517504568	42.8696433	-106.4303801
516645353	36.1363832	-86.8014460
517791401	44.6894403	-109.0055373
517792443	44.5342833	-109.0273993
509946217	45.7842631	-108.5058192
517791851	44.7630433	-108.7492193
517792422	44.5352533	-109.0417793
517664185	44.5252633	-109.0604393
517791646	44.7539933	-108.7565293
517663708	44.5261153	-109.0642103
517664486	44.5068033	-109.0965593
517663387	44.1236574	-109.6315472
517792116	44.7528933	-108.7443093
517791473	44.7351293	-108.7396823
517664047	44.5263533	-109.0653593
517791203	44.5488403	-108.9820363
517663776	44.5196923	-109.0542053
517663735	44.5187073	-109.0541463
517663603	44.4970663	-109.0211763
517664447	44.5264133	-109.0504493
517663966	44.5088933	-108.9884593
517791545	44.6153533	-108.9629893
517664428	44.5159433	-109.0832493
517792376	44.5306033	-109.0690493
517791380	44.8114853	-108.7078353
517792475	44.5375433	-109.0376293
517503806	42.8602333	-106.3946502
517663484	44.5117433	-109.1085993
517791416	44.7493453	-108.7575083
517663990	44.5130133	-109.0077493
517664140	44.4864833	-108.9928893
517664391	44.5108033	-109.0098293
517664500	44.5132233	-109.0646493
517792142	44.7260133	-108.9556593
517663675	44.5202943	-109.0865733
517791671	44.7540033	-108.7601593
517792071	44.7619733	-108.7508293
517792073	44.7506433	-108.7645293
517664374	44.5266933	-109.0615693
517791956	44.7861833	-108.6938493
517792025	44.7284633	-108.7617693
517791767	44.7519433	-108.9531393
517791445	44.7542523	-108.7479223
517664266	44.5280133	-109.0579593
517665225	44.4352515	-108.4314746
517663577	44.5143853	-109.1008283
517663778	44.5135673	-108.9587583
517791373	44.7506003	-108.7536863
517791561	44.5886233	-108.9688793
517791546	44.5985333	-108.9552093
517663775	44.5283313	-109.0574203
517792415	44.5416433	-109.0654493
517414694	41.1066034	-104.8276308
517792501	44.5340533	-109.0520193
517663743	44.5188913	-109.0520673
517664018	44.5185233	-109.0585093
517664439	44.5257433	-109.0508893
502127168	37.4297690	-120.7789531
510023084	46.6363334	-112.0206183
517792090	44.6922433	-108.8182493
517663629	44.5261293	-109.0535463
517791858	44.7007433	-108.7574093
517791649	44.7357633	-109.0023593
510021365	46.5987134	-111.9860503
517791273	44.7808133	-108.8207733
517792317	44.5399433	-109.0292993
517790481	44.8337928	-108.3891846
517791650	44.7149533	-108.9574293
517791770	44.7572633	-108.7630193
517791999	44.7531733	-108.7548593
517664410	44.5252733	-109.0630893
517664035	44.5176733	-109.0891893
503569084	61.1474983	-149.8376480
517791468	44.6951443	-108.7601143
517664202	44.5212433	-109.0547993
517792192	44.7164633	-108.8696993
517664468	44.5182333	-109.0829093
517791755	44.7582133	-108.7670893
517504419	42.8150283	-106.4260162
517663884	44.5217233	-109.0432593
517663882	44.5257133	-109.0592593
517663568	44.5228153	-109.0692983
517792200	44.5458653	-109.0518103
517663944	44.5263833	-109.0463093
517504266	42.8698213	-106.4322121
517792078	44.7552033	-108.7701193
517791971	44.7843733	-108.7040093
517791959	44.7550433	-108.7613793
517663682	44.5259543	-109.0600873
517664191	44.5233633	-109.0453093
517792117	44.7504333	-108.7639193
517662993	43.5484735	-109.6672793
517664298	44.5274633	-109.0594893
517664347	44.5162733	-109.0724093
517663805	44.5261273	-109.0604333
517663768	44.5292183	-109.0639303
517790599	44.8280532	-108.3939394
517790577	44.8428032	-108.3825794
517663594	44.5261293	-109.0535463
517790288	44.8376832	-108.4037054
517664133	44.5183133	-109.0509693
517663989	44.5186133	-109.0373493
517663546	44.4643434	-109.4976792
517790699	44.8365932	-108.3928094
509958669	45.6638534	-111.0536086
517664090	44.5195933	-109.0619693
517663467	44.4200733	-109.2555493
517790689	44.8371032	-108.3919194
517663471	44.5106133	-109.1055393
517664365	44.5158133	-109.0592793
517791970	44.7530833	-108.7579993
517663886	44.5263833	-109.0611093
517664002	44.5257133	-109.0623093
517664033	44.5100233	-109.0815093
517791885	44.7575333	-108.7607493
517663678	44.4920303	-108.9769083
517664233	44.5257133	-109.0594993
517791698	44.7222033	-108.9350493
517664180	44.5101433	-109.0773193
517791454	44.7596003	-108.7608143
517791975	44.6870133	-108.8737193
517664414	44.5206833	-109.0619493
510022139	46.5998234	-111.9915083
503613849	21.2890016	-157.8115776
517792031	44.7540033	-108.7579893
517663413	44.4859673	-109.3514372
517792156	44.6837633	-108.6447594
517792056	44.8390133	-108.7604093
517664424	44.5193633	-109.0714793
517792467	44.5338433	-109.0366293
503613549	21.2805366	-157.7994466
517792233	44.5604323	-109.0154453
517663504	44.4726633	-109.1361593
517664378	44.5263733	-109.0401193
517791797	44.7540333	-108.6980493
517791677	44.7557133	-108.7645093
517792391	44.5329633	-109.0500893
517663451	44.3960034	-109.3049493
517663920	44.5263433	-109.0635093
517791757	44.7674533	-108.7623793
517664078	44.5257133	-109.0592593
517664251	44.5245033	-109.0616893
517790260	44.8373852	-108.3519844
517664123	44.5281433	-109.0472993
517664243	44.5156633	-109.0903193
517664521	44.5246233	-109.0533993
517664219	44.5257133	-109.0598393
517791667	44.7539433	-108.7612493
517791751	44.7537233	-108.7579893
517663567	44.5149373	-109.0984753
517664291	44.5191733	-109.0653493
517663951	44.5098433	-108.9736493
517791744	44.7535533	-108.7579993
517791453	44.7501713	-108.7573893
517663469	44.3723334	-109.3119193
517663765	44.5259543	-109.0600873
517664485	44.5185333	-109.0532493
509946201	45.7794931	-108.4963292
510022240	46.6120034	-111.9887183
517663889	44.5037433	-109.0996693
517792039	44.7664733	-108.7628193
517663646	44.5260293	-109.0506093
517663737	44.5172663	-109.0433363
517664344	44.5274533	-109.0684593
517664431	44.4830733	-108.9940293
517791704	44.7523133	-108.7449993
517664335	44.5224933	-109.0567393
517664107	44.5200633	-109.0585693
517792179	44.7582333	-108.7682993
509945859	45.7703021	-108.4996475
517791391	44.7542263	-108.7583243
517791955	44.7574033	-108.7644993
517663802	44.5261273	-109.0623843
517504861	42.8644533	-106.4373001
517790473	44.8835822	-108.4677683
517663977	44.5263433	-109.0629293
517664512	44.5263733	-109.0681693
517664417	44.5268633	-109.0714193
517664343	44.5241733	-109.0636693
517792525	44.5324233	-109.0458593
517791729	44.6979633	-108.8527293
517663540	44.4188033	-109.2485793
517664326	44.5252733	-109.0624993
517791431	44.7559643	-108.7589383
517791753	44.7518333	-108.7645193
517663901	44.5268233	-109.0532093
517664355	44.5190833	-109.0489493
517791852	44.7542033	-108.6761393
517791909	44.7293533	-108.7570193
517504606	42.8773233	-106.4381601
517664369	44.5257233	-109.0645993
517791235	44.9142412	-108.5597233
517792439	44.5306933	-109.0718393
517664152	44.5274433	-109.0643893
517664225	44.5296633	-109.0577593
517664542	44.1536633	-108.8724194
517664513	44.5141533	-108.9819593
517664265	44.5200633	-109.0585693
517664050	44.5170233	-109.0378693
517664332	44.5041233	-109.1007993
517663872	44.1620377	-108.8753951
517790691	44.8318632	-108.3958194
517791813	44.7229233	-108.7624093
517663847	44.1769533	-108.8859184
517791410	44.7174253	-108.7519023
517663850	44.5157906	-109.0942442
517664163	44.5267833	-109.0624893
517791878	44.7184933	-108.7731393
517792241	44.8461413	-109.6275111
517663668	44.5151103	-109.0452413
517664467	44.5296533	-109.0632593
517791965	44.7508333	-108.7718293
517791372	44.7555823	-108.7602983
517665232	44.5057927	-108.3910878
517791589	44.5547233	-109.0051793
517663461	44.4766433	-109.1243693
509945944	45.7784631	-108.4982192
517502667	42.8575233	-106.3399302
517791779	44.7475733	-108.7373893
517791394	44.7528983	-108.7575383
517663477	44.4617334	-109.4926892
517792062	44.7462633	-108.9709993
517792508	44.6805333	-109.1887792
517792002	44.7649733	-108.7387193
517791249	44.8116643	-108.8127813
517792157	44.7516033	-108.6917693
517664010	44.5222033	-109.0740293
517503027	42.8553633	-106.3409202
517791911	44.7386333	-108.5955594
517791577	44.5908533	-108.9769893
517663622	44.5279213	-109.0512523
517791918	44.7625833	-108.7545493
517791940	44.7533633	-108.7638993
503614356	21.2849066	-157.8040466
517664463	44.5257133	-109.0573493
517792385	44.5336133	-109.0478093
517663479	44.4408333	-109.1799593
517791236	44.8912102	-108.5956123
509947657	45.7838831	-108.5103692
517792319	44.5404833	-109.0324393
517791206	44.5681523	-108.9803473
517791946	44.6951733	-108.7888993
517791268	44.8586732	-108.7073053
517792455	44.5324533	-109.0344093
517663960	44.5154233	-109.0626493
517508623	43.4741536	-110.7620691
517791219	44.6116853	-108.9660483
517663663	44.5238083	-109.0581303
517663825	44.2563753	-108.7826644
517663808	44.5260173	-109.0624593
517791375	44.6953103	-108.8654483
517792023	44.7545333	-108.7490293
509958845	45.6602674	-111.0612556
517791246	44.7522733	-108.7575183
517791477	44.7520393	-108.7733163
509946285	45.7790431	-108.5037892
517791776	44.7533733	-108.7512493
517792170	44.7545233	-108.7571393
517791479	44.7495583	-108.7394903
517791819	44.6980933	-108.8673093
517664478	44.5099733	-109.0761893
517664195	44.5267933	-109.0735493
517792299	44.9758095	-110.6904945
517792113	44.7578833	-108.7631893
517664062	44.5197533	-109.0555993
502127200	37.4324540	-120.7787021
517664366	44.5246933	-109.0616893
517792496	44.5327033	-109.0364993
517791815	44.6901033	-108.7979393
517791581	44.5794833	-108.9942093
517791692	44.7462633	-108.9709993
517791669	44.7597433	-108.6856393
517791951	44.7616233	-108.8012393
517792396	44.5326033	-109.0406793
517791734	44.7703733	-108.8163493
517792074	44.7566333	-108.7613693
517792020	44.8458833	-108.7623893
517791580	44.6376633	-109.0034993
517792108	44.7466733	-108.7541793
517663436	44.4415133	-109.1295893
517791996	44.7605233	-108.7273893
517791722	44.7543833	-108.7564493
517791441	44.7351293	-108.7396823
509947248	45.7779431	-108.5136892
517792360	44.5311633	-109.0399693
517663491	44.4166033	-109.2542693
517792263	44.5377853	-109.0368733
517792069	44.6950533	-108.7593993
517791611	44.5400133	-109.0018393
517791689	44.7144433	-108.8608493
517663507	44.4045133	-109.2912193
517791967	44.7534933	-108.7571493
517663689	44.5261273	-109.0623843
509947642	45.7751931	-108.5092692
517791791	44.7816133	-108.7136793
517792109	44.6979933	-108.7627993
517503201	42.8484933	-106.3380102
517507612	43.4588236	-110.7973891
517791988	44.7617533	-108.7384293
517790604	44.8327832	-108.4003694
517663806	44.5259543	-109.0600873
517791272	44.7596003	-108.7608143
517792311	44.8487333	-109.6418991
517664316	44.5257433	-109.0508893
517664238	44.5285733	-109.0528293
517663940	44.5257433	-109.0534793
517791876	44.7498933	-108.7731593
517791623	44.8838232	-108.4689394
517663404	44.3497644	-109.3545083
517663818	44.1436243	-108.8765354
517664096	44.5274733	-109.0609293
517791736	44.7250433	-108.7592993
517791404	44.7390853	-108.6263933
517792275	44.7274383	-109.0150223
517664159	44.4830533	-108.9915193
517501289	42.8481763	-106.3238242
517791685	44.7685233	-108.7611493
517663673	44.5157803	-109.0534233
517791924	44.7544033	-108.7499293
517791844	44.6974133	-108.7607093
517664174	44.5078833	-108.9652893
517791405	44.7175943	-108.8608523
517664336	44.5156333	-109.0511393
517663640	44.5260173	-109.0591083
517792417	44.5352733	-109.0397693
517664443	44.4996433	-109.1007393
517792034	44.7285333	-108.9319893
517662722	43.9996154	-109.0378944
509945095	45.7877031	-108.4865892
517663502	44.4449134	-109.4971092
517663905	44.5176533	-109.0662793
517663649	44.5201183	-109.0747583
517792449	44.5315333	-109.0547093
517791787	44.7539033	-108.7711293
517792324	44.5547833	-109.0583093
517792362	44.5355033	-109.0440393
517791624	44.8776332	-108.4722894
517792138	44.7308433	-108.7638093
503569092	61.1376883	-149.8423180
517664292	44.5286033	-109.0502693
510020433	46.6125294	-111.9732583
517664108	44.5189233	-109.0714893
517792390	44.5306833	-109.0566793
517790583	44.8371232	-108.3970394
517664127	44.5246333	-109.0493593
517791855	44.7171233	-108.7042993
509953258	45.7422032	-108.7021992
517663819	44.1415633	-108.8772484
517663980	44.5136733	-109.0688693
517663996	44.5246333	-109.0497393
517663881	44.5164833	-109.0737393
517791298	44.7586403	-108.7481853
517663667	44.5133033	-109.0307023
517791371	44.7520273	-108.7731623
517791361	44.6855003	-108.9465583
517664019	44.5253033	-109.0505993
517791775	44.7611033	-108.7510493
517790585	44.8327832	-108.3925094
517663866	44.5157906	-109.0942442
517790598	44.8372132	-108.3900694
509952381	45.7253932	-108.6261592
517791990	44.7516033	-108.6917693
517791295	44.7531023	-108.7576853
517664455	44.5018033	-108.9446693
517791363	44.7465703	-108.7576633
517792485	44.5344533	-109.0446893
502127171	37.4238170	-120.7698861
517792382	44.5310033	-109.0231593
517663639	44.5267853	-109.0639373
517663580	44.5261253	-109.0628323
517664231	44.5272133	-109.0216993
517663354	44.4189703	-109.2279923
517664538	44.1572633	-108.8712494
517792282	44.8783383	-109.1474342
517791705	44.7590933	-108.7477693
517663555	44.1838034	-109.5706292
517663832	44.1522403	-108.8741154
517663907	44.5225733	-109.0405493
517664303	44.5246233	-109.0634193
517791886	44.7529833	-108.7661693
517663732	44.5261213	-109.0650953
517792514	44.5327033	-109.0380793
517792169	44.7564033	-108.7652693
517664220	44.5254833	-109.0668593
517664132	44.5155033	-109.0494993
517663714	44.5206663	-109.0615053
517664305	44.5169133	-109.0439793
517792110	44.6843433	-108.9621193
517663987	44.5271233	-109.0196093
517792374	44.5734833	-109.0542593
517505077	42.8657233	-106.4291401
517664523	44.5013633	-108.9530293
517504773	42.8643033	-106.4287901
517663420	44.4859926	-109.3474059
503615336	21.2869866	-157.8128466
517792100	44.7522333	-108.7613893
509947157	45.7810831	-108.5123792
517791921	44.7531733	-108.7551293
517791360	44.7536813	-108.7382933
517501488	42.8510933	-106.3232202
517791337	44.7444113	-108.7290863
517791651	44.6884033	-108.8775393
517792377	44.5337033	-109.0440893
517792328	44.5329933	-109.0344693
517663390	44.1695054	-109.5956282
517792309	44.5551333	-109.0730693
517792242	44.5334183	-109.0226583
517791358	44.7521333	-108.7504133
517791807	44.6989333	-108.6440794
517790644	44.8372132	-108.3884494
509947573	45.7843731	-108.5085292
517791461	44.7527993	-108.7572733
517792265	44.5310713	-109.0564253
517507758	43.4624236	-110.7948291
517792339	44.5320533	-109.0183193
509945858	45.7703021	-108.4996475
517792518	44.5329833	-109.0288293
517663600	44.5261273	-109.0623843
517792043	44.7553733	-108.7668793
517664409	44.5054833	-109.0104293
517663683	44.5279113	-109.0621743
517501852	42.8497033	-106.3241402
517792530	44.5306833	-109.0596493
510022292	46.6155594	-112.0207883
517663352	44.4070453	-109.2617563
517790569	44.8246832	-108.4053794
517791253	44.7246763	-108.7681863
517663582	44.5261253	-109.0628323
517663877	44.5185333	-109.0532493
517792064	44.7691033	-108.8024093
517792315	44.5339333	-109.0239293
517792189	44.7120433	-108.7205993
517791301	44.7659583	-108.7518733
517664260	44.5177033	-109.0566693
517663986	44.5263433	-109.0646693
517792520	44.5329633	-109.0508593
517791312	44.7445783	-108.8764353
517791759	44.7543833	-108.7564493
517500495	42.8566633	-106.3025302
517792010	44.7495033	-108.7682093
